751
336 373 7
340 356 8
340 363 9
341 362 6
341 374 9
343 364 7
344 371 8
345 381 9
346 371 6
350 358 8
350 379 9
353 382 8
354 387 7
355 361 5
355 375 7
355 376 8
355 396 8
356 362 9
356 380 7
357 362 8
358 360 6
358 366 10
360 376 6
361 357 7
361 381 7
361 382 6
364 348 7
365 383 6
365 389 9
365 390 10
369 367 8
370 362 8
370 382 9
372 356 8
372 383 7
373 370 7
374 356 6
374 364 8
375 359 5
375 372 10
376 361 8
377 359 8
377 372 7
378 351 9
378 374 8
379 357 10
379 361 6
379 364 9
380 366 9
380 367 8
380 374 8
380 384 6
381 354 7
381 358 100
382 363 5
382 383 8
383 359 10
383 360 9
383 365 10
384 365 8
386 383 7
388 376 10
389 382 6
390 381 5
391 378 8
393 377 7
