751
330 348 8
330 365 5
331 361 4
333 382 9
335 360 5
336 358 4
337 379 6
337 385 8
338 361 8
338 367 6
339 364 7
341 365 8
342 357 4
344 357 3
344 367 9
345 358 9
345 360 5
345 370 4
346 389 5
347 367 6
347 379 7
348 374 8
348 382 6
349 363 4
349 371 4
350 370 5
351 361 7
351 377 8
352 363 7
353 355 10
353 358 9
353 367 7
353 371 5
355 351 9
356 373 7
356 374 8
356 376 8
357 371 4
358 363 8
358 379 7
358 384 7
358 402 8
358 404 8
359 365 8
359 372 7
359 377 7
359 381 8
360 339 6
360 361 6
361 340 7
361 356 6
361 362 5
361 380 9
362 374 7
362 383 3
363 365 6
363 382 7
364 360 6
364 377 5
364 379 6
365 348 6
365 357 7
365 361 7
365 380 6
366 360 7
366 372 6
368 365 6
368 368 4
368 378 5
369 365 5
369 366 6
369 380 7
369 390 6
370 372 6
370 376 5
370 383 5
370 391 8
371 357 6
371 359 6
371 379 3
371 386 7
372 346 7
372 364 6
372 377 7
373 368 10
373 371 9
373 372 6
373 375 7
374 342 6
374 359 8
374 370 8
374 379 5
375 360 5
375 361 6
375 379 4
376 382 6
377 348 7
377 354 7
377 356 6
377 357 8
378 369 9
378 393 9
379 352 7
379 366 100
380 361 5
380 365 9
380 371 8
380 374 9
381 341 6
381 355 6
381 362 4
381 363 4
381 384 8
381 396 7
382 349 3
382 357 8
382 358 8
382 360 9
382 373 8
382 378 8
383 354 7
383 368 6
383 372 10
383 373 5
383 375 8
384 345 8
384 354 8
384 372 5
385 353 6
385 364 7
386 359 6
386 380 4
387 340 4
387 356 7
388 348 10
388 350 5
388 358 7
388 372 6
388 381 7
388 389 4
389 338 7
389 370 7
389 382 7
389 388 4
390 376 10
390 378 6
392 340 5
393 345 3
393 383 5
394 367 5
394 373 9
394 390 6
395 378 10
397 380 8
399 391 7
402 365 9
402 376 4
