751
318 362 0
325 348 1
325 349 2
327 362 1
329 352 4
330 367 4
330 385 7
331 347 0
331 355 2
332 357 3
333 373 3
333 378 2
334 360 4
334 362 7
334 364 9
334 368 5
334 379 2
335 361 2
335 398 8
336 343 3
336 363 6
336 368 3
336 381 2
336 383 3
337 348 1
337 362 2
337 365 5
337 379 4
338 367 2
338 378 4
338 389 3
339 360 8
339 368 4
339 375 3
339 380 4
340 360 1
340 374 8
342 355 2
343 359 4
343 362 6
343 368 6
343 378 5
343 380 5
343 384 7
344 359 8
344 370 6
344 384 4
345 364 4
346 373 5
346 376 6
347 352 0
347 366 3
347 368 5
347 382 6
347 403 5
348 362 5
348 367 5
348 368 7
348 371 3
348 383 4
349 352 1
349 370 4
349 376 4
349 379 4
349 402 4
350 369 4
350 373 4
350 377 3
350 387 3
351 384 4
352 330 6
352 358 2
352 379 2
352 385 6
352 386 5
352 390 4
353 362 7
353 365 7
353 370 4
353 373 5
353 376 8
354 363 4
354 374 6
354 375 2
354 377 6
354 385 6
354 389 6
355 355 7
355 367 3
355 372 7
355 373 9
355 379 7
355 382 7
356 359 9
356 360 5
356 376 7
356 385 8
356 388 5
357 350 9
357 378 7
357 386 4
358 368 7
358 370 4
358 371 8
358 372 3
358 375 7
358 376 4
358 377 7
358 383 6
359 366 6
359 371 2
359 375 8
359 377 6
359 379 3
359 385 5
359 386 4
359 389 6
359 411 8
360 361 5
360 364 5
360 365 6
360 371 7
360 372 6
360 373 7
360 374 7
361 360 5
361 365 8
361 380 5
361 389 5
362 332 6
362 353 5
362 358 3
362 360 8
362 365 6
362 376 3
362 383 5
362 386 4
363 331 5
363 358 8
363 363 5
364 350 10
364 354 7
364 369 6
364 371 6
364 374 6
364 376 8
364 379 6
364 382 8
364 387 3
364 402 8
365 354 9
365 368 5
365 376 4
365 390 3
366 340 6
366 347 3
366 348 4
366 350 6
366 359 4
366 360 6
366 363 5
366 376 4
366 389 6
366 410 4
367 362 6
367 364 6
367 376 3
367 381 7
367 382 5
368 368 6
368 375 4
368 378 3
368 382 6
368 386 6
368 389 10
368 412 5
369 358 4
369 359 6
369 364 6
369 365 6
369 371 4
369 374 4
369 381 6
369 382 7
370 344 3
370 354 6
370 356 7
370 362 5
370 363 6
370 369 4
370 370 5
370 371 5
370 372 6
370 374 2
370 380 4
370 382 4
370 388 8
370 389 7
371 350 5
371 359 5
371 365 4
371 367 6
371 369 5
371 374 4
371 378 5
372 339 7
372 347 5
372 349 4
372 381 4
372 382 5
372 386 9
372 391 8
372 397 7
372 399 6
373 342 6
373 348 4
373 360 4
373 364 8
373 365 5
373 372 3
373 374 5
373 395 7
374 343 6
374 364 5
374 368 6
374 370 3
374 374 2
374 376 5
375 363 4
375 365 5
375 369 7
375 370 6
375 376 6
375 381 3
375 382 4
375 397 6
376 368 6
376 369 4
376 376 4
376 377 6
376 380 6
376 381 5
377 338 6
377 356 5
377 357 8
377 365 4
377 371 5
377 374 3
377 379 4
377 384 7
377 391 6
378 333 5
378 335 4
378 337 4
378 348 8
378 351 8
378 360 7
378 372 6
378 375 7
378 377 7
378 378 4
378 380 8
378 388 8
378 390 7
379 327 6
379 331 3
379 338 3
379 352 7
379 362 5
379 364 9
379 366 6
379 370 7
379 372 5
380 338 6
380 359 4
380 362 4
380 363 6
380 367 3
380 368 7
380 372 100
380 378 4
380 379 3
381 324 6
381 344 5
381 345 3
381 348 5
381 355 7
381 361 7
381 372 6
381 373 4
381 378 2
382 332 4
382 340 5
382 342 5
382 359 4
382 367 9
382 370 8
382 381 7
382 405 6
383 362 4
383 365 4
383 366 3
383 367 5
383 386 8
383 395 6
384 335 6
384 355 4
384 359 10
384 363 8
384 364 4
384 365 8
384 368 9
384 373 3
384 378 6
384 388 8
385 341 3
385 351 2
385 355 3
385 375 7
385 377 3
386 338 6
386 370 5
386 386 2
386 396 8
387 333 3
387 343 6
387 354 5
387 360 7
387 362 7
387 365 8
387 366 6
387 372 4
387 374 7
387 382 5
388 349 7
388 353 6
389 344 2
389 356 1
389 358 6
389 361 9
390 343 5
390 349 4
390 361 5
390 363 7
390 370 10
390 374 7
391 335 3
391 342 1
391 345 3
391 359 6
391 412 6
392 341 8
392 343 10
392 369 7
392 374 4
392 376 9
392 384 8
393 335 2
393 383 9
393 389 9
395 348 7
395 371 6
395 381 0
396 337 2
396 346 5
396 351 5
396 352 3
397 335 3
397 341 3
397 351 6
397 352 5
398 367 6
398 380 4
398 393 4
399 374 5
399 384 3
399 386 4
399 402 6
400 337 3
400 344 3
401 339 4
402 370 3
402 379 5
402 403 4
403 406 5
404 344 3
404 384 6
405 350 2
405 365 4
405 370 5
405 376 4
405 387 7
406 353 2
406 361 7
408 388 3
410 392 4
411 392 5
414 342 4
417 376 10
