751
313 362 0
314 357 1
315 384 2
317 355 3
317 363 9
317 385 7
318 380 2
319 363 4
319 368 0
319 372 0
320 354 3
320 360 6
320 362 5
320 384 3
321 358 1
321 372 2
321 389 3
322 354 4
322 382 2
322 391 2
323 371 1
324 335 0
324 359 4
324 362 4
324 390 4
326 373 1
326 374 2
326 378 1
327 377 2
327 393 1
328 367 6
329 359 6
329 365 1
329 371 1
330 378 5
330 380 0
330 381 3
330 387 5
331 349 7
331 356 1
331 365 0
331 367 7
331 371 3
331 374 2
331 381 6
331 399 1
332 358 4
332 386 3
332 389 1
333 360 2
333 366 1
333 372 2
333 379 4
333 384 1
333 406 7
334 357 0
334 358 1
334 376 4
334 395 3
334 398 4
335 342 1
335 343 0
335 363 3
335 379 3
336 350 0
336 354 3
336 359 3
336 367 7
336 370 3
336 372 3
336 387 4
336 392 2
336 394 2
337 348 3
337 363 1
337 373 2
337 379 4
337 397 5
337 399 7
338 352 3
338 363 5
338 366 7
338 369 2
338 371 4
338 373 3
338 378 5
338 386 1
338 395 4
338 397 2
338 399 4
338 409 4
339 349 2
339 352 4
339 360 1
339 368 1
339 382 4
339 393 5
339 395 1
340 360 2
340 362 0
340 366 0
340 370 2
340 374 1
340 376 1
340 379 3
341 351 4
341 364 1
341 366 2
341 369 1
341 371 9
341 373 4
341 376 4
341 380 1
341 382 2
341 384 6
341 386 4
341 391 2
342 331 3
342 356 2
342 360 2
342 363 0
342 364 4
342 374 2
342 377 3
342 378 2
342 387 4
342 405 6
343 362 2
343 369 4
343 373 1
343 380 2
343 381 7
343 386 3
343 389 3
343 392 1
343 393 6
344 343 0
344 349 3
344 359 2
344 365 0
344 367 1
344 370 2
344 375 6
344 383 4
344 384 1
344 386 8
344 387 5
345 345 1
345 354 1
345 367 0
345 370 4
345 372 3
345 377 1
345 381 1
345 394 5
346 364 3
346 367 3
346 368 5
346 370 5
346 375 5
346 376 3
346 379 5
346 380 1
346 381 4
346 386 2
346 390 7
347 337 0
347 351 0
347 365 3
347 367 2
347 368 3
347 380 4
347 383 5
347 384 4
347 389 0
347 391 2
347 405 2
348 326 1
348 345 3
348 373 2
348 374 5
348 381 3
348 384 6
348 392 6
349 354 5
349 359 7
349 363 4
349 365 2
349 374 2
349 379 2
349 382 4
349 384 4
349 385 1
350 326 2
350 335 6
350 339 7
350 365 4
350 369 2
350 371 2
350 374 5
350 375 1
350 377 6
350 379 4
350 381 2
350 383 5
350 385 2
350 386 2
350 387 2
350 390 6
350 402 3
351 341 8
351 344 1
351 351 5
351 354 4
351 355 6
351 362 1
351 366 0
351 368 2
351 370 2
351 372 1
351 374 4
351 379 5
351 381 4
351 385 4
351 386 3
351 387 5
351 388 1
352 334 6
352 336 3
352 350 2
352 355 7
352 367 3
352 370 4
352 375 5
352 376 4
352 379 0
352 381 4
352 382 5
352 384 3
352 386 4
352 388 3
352 390 6
352 392 2
352 396 5
352 406 8
353 323 5
353 356 6
353 357 2
353 358 5
353 363 2
353 365 2
353 373 7
353 377 6
353 379 2
353 386 6
353 388 5
353 389 3
353 393 7
353 405 5
354 332 3
354 335 9
354 359 7
354 361 9
354 367 5
354 368 2
354 370 3
354 374 5
354 375 7
354 379 5
354 381 4
354 383 4
354 384 4
354 386 3
354 402 6
354 407 7
355 339 4
355 350 3
355 352 8
355 353 6
355 365 7
355 366 3
355 370 6
355 377 2
355 381 5
355 386 4
355 389 4
355 390 5
356 350 8
356 364 2
356 371 2
356 373 7
356 374 3
356 375 5
356 376 6
356 380 3
356 382 2
356 383 6
356 384 9
356 388 2
357 339 3
357 345 2
357 349 8
357 358 6
357 363 5
357 365 6
357 370 5
357 371 4
357 375 0
357 376 6
357 378 3
357 383 3
357 389 3
357 391 6
358 349 8
358 361 6
358 367 4
358 369 4
358 370 3
358 372 6
358 377 6
358 378 2
358 379 2
358 381 8
358 382 5
358 386 3
358 388 4
358 393 3
359 328 6
359 344 6
359 349 4
359 353 5
359 357 6
359 360 6
359 361 5
359 363 6
359 367 2
359 369 8
359 371 3
359 373 6
359 374 3
359 376 9
359 377 3
359 379 5
359 382 4
359 385 4
359 386 3
359 387 8
359 388 5
359 389 8
359 393 2
360 336 4
360 348 7
360 350 0
360 356 5
360 361 3
360 363 5
360 365 4
360 367 4
360 374 3
360 384 5
360 385 3
360 387 4
360 388 5
360 390 4
360 391 5
361 344 3
361 359 4
361 360 5
361 363 5
361 365 3
361 366 2
361 369 4
361 370 5
361 371 2
361 373 7
361 376 2
361 380 2
361 384 3
361 386 3
361 393 5
361 404 2
362 342 6
362 345 7
362 348 6
362 356 7
362 358 7
362 362 5
362 364 0
362 369 0
362 370 5
362 373 3
362 376 4
362 378 5
362 380 3
362 383 2
362 385 3
362 387 7
362 388 5
362 392 6
363 320 0
363 339 4
363 345 7
363 351 6
363 354 3
363 358 1
363 360 4
363 362 5
363 363 3
363 364 4
363 366 2
363 368 3
363 373 6
363 374 6
363 375 3
363 381 4
363 386 1
363 390 3
363 395 3
364 334 4
364 337 3
364 344 6
364 345 7
364 352 4
364 353 8
364 356 4
364 357 4
364 359 5
364 368 6
364 370 3
364 375 4
364 376 4
364 378 7
364 379 4
364 382 3
364 385 3
364 397 3
364 401 5
365 332 3
365 350 5
365 356 4
365 361 2
365 364 6
365 367 2
365 369 5
365 370 6
365 372 6
365 374 2
365 377 3
365 380 4
365 381 1
365 386 4
365 388 2
365 392 1
365 396 4
365 397 5
365 400 5
366 335 4
366 344 5
366 347 4
366 358 6
366 359 3
366 360 4
366 363 5
366 365 4
366 372 2
366 374 4
366 380 2
366 382 6
366 383 4
366 384 4
366 386 3
366 391 3
366 394 7
367 346 4
367 347 5
367 349 2
367 353 6
367 355 6
367 356 5
367 358 5
367 365 3
367 366 7
367 370 7
367 372 5
367 374 5
367 375 3
367 385 8
367 389 3
367 392 6
367 395 10
368 316 1
368 330 3
368 337 6
368 342 5
368 348 10
368 352 2
368 353 4
368 355 5
368 358 5
368 359 4
368 360 4
368 364 7
368 365 8
368 368 4
368 369 1
368 373 0
368 376 4
368 380 5
368 382 5
368 385 5
368 401 5
368 410 4
369 343 9
369 354 1
369 357 3
369 358 3
369 363 3
369 364 5
369 365 4
369 369 7
369 384 2
369 392 5
369 404 4
370 324 2
370 333 5
370 343 5
370 352 8
370 356 3
370 360 6
370 367 5
370 370 2
370 380 4
370 381 7
370 386 8
370 390 4
370 396 3
370 405 4
370 417 5
370 421 4
371 319 3
371 320 2
371 331 4
371 339 4
371 340 4
371 346 3
371 352 6
371 356 1
371 361 3
371 363 6
371 364 7
371 366 0
371 368 3
371 373 5
371 375 2
371 379 1
371 380 5
371 383 4
371 390 4
371 397 5
372 311 6
372 332 5
372 335 5
372 336 4
372 339 3
372 347 6
372 357 6
372 360 4
372 368 6
372 369 2
372 370 10
372 371 6
372 372 4
372 373 3
372 377 7
372 378 3
372 379 6
372 382 6
372 384 6
372 389 6
372 390 4
372 391 4
373 325 4
373 330 1
373 338 5
373 351 3
373 353 3
373 360 7
373 364 4
373 365 4
373 372 1
373 373 4
373 377 2
373 387 3
373 408 3
373 424 4
374 324 1
374 334 6
374 336 2
374 343 4
374 347 4
374 349 3
374 357 2
374 358 4
374 360 4
374 365 5
374 375 8
374 380 100
374 381 3
374 388 4
374 394 4
375 331 5
375 341 5
375 343 7
375 358 4
375 362 4
375 368 2
375 382 5
375 384 4
375 391 2
376 321 0
376 334 5
376 338 3
376 346 6
376 349 5
376 355 2
376 361 4
376 362 7
376 363 3
376 367 4
376 373 7
376 376 1
376 386 6
376 391 5
377 332 4
377 338 2
377 342 3
377 349 5
377 356 5
377 361 7
377 369 0
377 374 5
377 377 6
377 379 6
377 381 4
377 389 5
378 310 2
378 313 5
378 331 1
378 342 2
378 351 5
378 362 6
378 364 5
378 366 5
378 367 5
378 368 5
378 369 5
378 372 4
378 377 3
378 385 0
378 386 5
378 388 6
378 389 7
379 325 3
379 326 0
379 327 2
379 335 1
379 339 5
379 347 3
379 351 5
379 356 3
379 357 6
379 359 2
379 360 5
379 365 3
379 371 7
379 372 4
379 374 6
379 375 5
379 379 5
379 380 5
379 382 9
379 383 6
379 387 5
380 349 3
380 351 6
380 356 7
380 359 4
380 361 8
380 362 5
380 364 6
380 367 4
380 370 7
380 374 5
380 375 4
380 377 5
380 387 4
381 321 2
381 329 5
381 343 4
381 346 5
381 348 5
381 350 2
381 353 3
381 361 3
381 363 4
381 366 3
381 369 0
381 370 1
381 371 4
381 372 0
381 377 7
381 379 6
381 382 4
381 384 5
381 386 7
381 389 6
381 396 6
382 329 6
382 331 1
382 336 4
382 337 7
382 339 1
382 347 3
382 353 4
382 354 8
382 363 7
382 365 4
382 369 2
382 376 7
383 334 2
383 353 4
383 359 5
383 360 4
383 361 5
383 362 5
383 366 0
383 368 6
383 369 1
383 371 6
383 372 1
383 373 6
384 326 5
384 328 5
384 329 1
384 330 5
384 343 3
384 344 7
384 351 7
384 356 6
384 365 2
384 370 0
384 373 7
384 375 3
384 378 5
384 404 5
385 335 3
385 339 2
385 350 4
385 351 2
385 355 6
385 359 3
385 364 6
385 366 2
385 367 4
385 368 3
385 377 5
385 378 2
386 339 6
386 344 3
386 347 3
386 350 4
386 355 6
386 357 6
386 363 3
386 369 4
386 373 4
386 388 5
386 397 1
387 319 3
387 341 4
387 353 4
387 372 5
387 376 4
387 380 5
387 383 6
388 327 6
388 335 5
388 340 8
388 344 3
388 347 7
388 349 3
388 357 7
388 358 2
388 360 4
388 364 8
388 368 6
388 375 4
388 378 5
388 379 6
388 381 5
388 382 6
388 393 4
389 327 1
389 329 3
389 335 4
389 341 5
389 346 5
389 347 3
389 355 7
389 366 1
389 368 4
389 376 8
389 377 0
389 378 1
389 381 4
389 386 6
389 393 6
389 404 4
390 329 6
390 332 6
390 347 4
390 349 8
390 350 3
390 353 6
390 357 9
390 371 3
390 372 5
390 375 3
390 376 4
390 377 6
390 380 5
390 392 1
390 394 7
391 339 5
391 348 9
391 356 4
391 357 3
391 359 7
391 363 5
391 367 6
391 369 5
391 376 8
391 377 6
391 378 5
391 385 7
391 391 2
392 336 2
392 350 5
392 388 7
392 395 6
392 396 6
393 334 3
393 343 1
393 344 0
393 351 5
393 357 3
393 370 4
393 392 3
393 395 5
394 343 3
394 347 5
394 356 5
394 359 4
394 367 5
394 369 4
394 372 7
394 391 7
394 392 3
394 393 3
394 405 2
395 337 8
395 356 5
395 357 4
395 370 3
395 372 5
395 397 7
396 340 8
396 344 1
396 351 5
396 355 4
396 358 4
396 364 7
396 373 4
396 375 5
397 323 2
397 326 3
397 333 8
397 334 2
397 343 3
397 345 3
397 351 4
397 358 5
397 361 5
397 366 6
397 370 4
397 377 6
397 378 5
397 380 5
397 396 4
397 398 6
398 337 4
398 342 5
398 349 5
398 356 3
398 364 4
398 366 5
398 367 8
398 387 2
398 394 8
398 404 1
399 328 7
399 333 2
399 335 4
399 337 7
399 340 1
399 341 0
399 343 9
399 353 4
399 355 4
399 383 4
399 389 9
399 395 6
399 398 6
400 339 3
400 341 6
400 344 2
400 348 5
400 349 2
400 350 3
400 359 3
400 365 5
400 373 8
400 378 3
401 363 5
401 370 8
401 372 6
401 375 2
401 380 0
401 394 8
402 342 0
402 343 3
402 354 4
402 371 9
402 380 3
403 345 1
403 356 4
403 358 5
403 375 3
403 380 5
403 394 4
403 406 4
404 326 2
404 361 3
405 320 3
405 347 8
405 355 3
405 364 4
405 368 7
405 375 2
406 354 3
406 361 3
406 381 10
406 383 3
406 393 4
407 340 2
407 363 10
407 374 5
407 388 4
407 401 6
408 371 5
408 377 3
408 379 4
409 350 3
409 358 2
410 357 4
410 380 4
410 399 4
411 337 3
411 355 2
411 364 5
412 346 0
412 365 6
413 357 1
414 345 2
414 368 3
414 400 6
415 340 7
415 384 5
416 382 2
419 386 1
421 368 10
422 391 2
423 367 5
425 370 9
