751
300 379 0
304 355 1
304 356 2
308 366 4
309 370 1
309 375 0
309 378 3
310 364 4
310 366 8
310 368 4
310 378 2
310 381 2
311 355 6
311 372 0
311 374 1
312 398 4
313 377 1
313 379 1
313 381 5
313 404 2
314 369 6
315 356 6
315 367 0
315 385 7
316 386 2
317 339 1
317 360 2
317 369 9
317 394 1
317 410 5
318 373 4
318 379 2
319 364 3
319 385 0
319 389 1
320 335 2
320 352 2
320 365 0
320 375 0
320 379 6
320 389 2
320 393 2
320 399 4
321 369 3
321 380 0
321 383 2
322 353 6
322 356 2
322 357 2
322 366 7
322 370 0
322 378 7
322 388 6
323 357 5
323 367 5
323 368 0
323 370 3
323 372 1
323 375 1
324 344 0
324 347 1
324 355 3
324 371 0
324 373 1
324 375 1
324 382 0
324 386 9
324 387 1
324 392 1
324 393 3
324 399 0
324 413 3
325 349 3
325 350 0
325 362 2
325 372 3
325 375 2
325 377 3
325 380 0
325 386 0
325 402 2
325 405 0
326 342 0
326 351 3
326 353 2
326 354 3
326 361 2
326 365 7
326 377 2
326 380 2
326 382 3
326 386 0
326 387 0
326 391 3
326 395 4
327 355 1
327 360 5
327 361 0
327 375 0
327 387 0
327 394 1
327 397 5
327 404 3
328 359 0
328 364 1
328 371 1
328 378 0
328 379 3
328 385 0
328 388 3
328 391 1
328 396 0
328 402 6
329 359 2
329 360 1
329 363 0
329 371 4
329 375 2
329 378 0
329 389 3
329 391 1
329 393 5
329 408 4
329 410 7
330 347 0
330 351 1
330 354 0
330 361 2
330 363 1
330 364 3
330 368 6
330 369 4
330 370 2
330 373 3
330 374 3
330 380 4
330 387 3
330 396 1
330 409 3
330 418 4
331 360 4
331 361 4
331 364 3
331 365 0
331 367 4
331 373 2
331 374 3
331 376 1
331 377 3
331 380 4
331 381 3
331 385 0
331 389 3
331 399 2
331 413 3
332 349 2
332 351 2
332 352 2
332 353 3
332 356 0
332 358 1
332 361 5
332 365 5
332 373 5
332 381 1
332 383 0
332 386 1
332 387 3
332 388 4
332 391 0
332 392 4
332 395 0
332 420 4
333 335 0
333 349 5
333 352 4
333 354 3
333 355 6
333 364 6
333 367 1
333 370 2
333 374 1
333 389 1
333 391 0
333 398 4
333 414 3
334 337 3
334 343 4
334 350 0
334 351 0
334 352 2
334 354 2
334 356 1
334 358 2
334 365 1
334 368 1
334 369 1
334 370 1
334 371 0
334 373 5
334 375 2
334 376 3
334 380 1
334 386 3
334 389 1
334 394 3
334 396 3
334 399 4
334 404 0
335 343 0
335 354 1
335 360 2
335 362 3
335 363 3
335 364 5
335 368 2
335 369 7
335 371 7
335 373 2
335 376 0
335 378 0
335 388 0
335 393 5
336 344 2
336 353 1
336 354 5
336 363 3
336 371 2
336 374 0
336 375 1
336 378 2
336 380 3
336 381 1
336 382 3
336 385 4
336 386 2
336 389 0
336 390 1
336 391 2
336 393 1
336 397 2
336 401 1
336 409 6
336 411 0
337 339 3
337 346 0
337 348 5
337 349 4
337 351 5
337 354 4
337 359 1
337 368 3
337 372 0
337 374 4
337 378 7
337 384 7
337 386 5
337 388 4
337 394 0
337 398 0
337 404 5
338 339 0
338 344 5
338 348 1
338 349 3
338 352 6
338 357 1
338 362 4
338 363 3
338 367 1
338 368 0
338 374 4
338 376 0
338 383 8
338 389 4
338 402 3
338 404 1
339 337 7
339 347 2
339 350 4
339 354 0
339 358 3
339 360 2
339 364 6
339 365 6
339 369 1
339 371 5
339 373 0
339 376 4
339 377 0
339 378 5
339 381 3
339 384 0
339 387 3
339 390 2
339 392 3
339 395 4
339 396 3
339 403 3
339 404 4
340 337 0
340 343 1
340 344 2
340 353 3
340 355 2
340 358 4
340 359 2
340 360 2
340 362 4
340 363 0
340 364 1
340 365 4
340 367 2
340 369 4
340 373 2
340 374 0
340 377 0
340 380 3
340 385 2
340 387 4
340 389 3
340 396 2
340 397 5
340 413 5
341 326 2
341 332 2
341 349 5
341 353 0
341 359 0
341 360 3
341 361 0
341 365 6
341 367 3
341 368 0
341 369 6
341 370 0
341 371 0
341 372 1
341 374 7
341 376 1
341 377 5
341 380 6
341 382 1
341 384 1
341 385 0
341 386 2
341 387 3
341 391 3
341 392 4
341 396 3
341 410 2
341 415 4
342 340 2
342 341 0
342 345 2
342 346 4
342 348 2
342 349 3
342 354 1
342 356 4
342 359 3
342 360 3
342 361 3
342 369 2
342 371 5
342 374 3
342 375 5
342 377 3
342 378 4
342 380 7
342 381 4
342 382 5
342 392 3
342 393 1
342 396 1
343 325 1
343 345 1
343 347 1
343 350 4
343 351 0
343 355 2
343 357 6
343 361 6
343 365 5
343 367 1
343 369 1
343 370 6
343 372 1
343 380 3
343 381 2
343 384 1
343 385 5
343 387 6
343 388 2
343 393 3
343 395 2
343 414 4
344 332 2
344 334 0
344 344 1
344 355 3
344 357 2
344 359 8
344 361 5
344 362 2
344 363 7
344 364 1
344 365 4
344 366 4
344 368 5
344 369 5
344 370 0
344 373 0
344 374 1
344 375 2
344 378 1
344 384 3
344 389 2
344 390 4
344 397 3
344 398 0
344 401 1
345 335 1
345 340 0
345 346 3
345 354 2
345 355 5
345 357 1
345 363 2
345 365 3
345 366 6
345 367 7
345 368 5
345 369 4
345 372 0
345 373 2
345 374 4
345 375 1
345 376 4
345 377 1
345 379 3
345 380 2
345 382 6
345 383 1
345 384 0
345 385 6
345 387 4
345 390 2
345 393 3
345 394 1
345 398 1
345 404 2
345 410 1
346 334 6
346 345 4
346 347 2
346 355 1
346 358 3
346 363 3
346 364 4
346 368 5
346 372 1
346 373 3
346 375 2
346 384 2
346 387 3
346 389 1
346 401 3
346 405 0
346 408 6
347 341 6
347 356 0
347 357 1
347 359 3
347 360 0
347 361 1
347 362 0
347 365 3
347 366 4
347 370 1
347 371 3
347 372 1
347 375 4
347 376 2
347 377 5
347 379 4
347 380 3
347 382 3
347 386 0
347 390 3
347 393 2
347 398 1
348 320 1
348 326 2
348 335 7
348 339 2
348 346 6
348 347 4
348 350 1
348 351 4
348 353 5
348 354 5
348 355 4
348 361 1
348 364 4
348 365 4
348 366 3
348 368 2
348 370 3
348 372 0
348 373 3
348 374 7
348 376 5
348 377 0
348 378 0
348 380 1
348 381 2
348 382 4
348 383 1
348 384 4
348 386 2
348 387 5
348 388 3
348 389 3
348 394 3
348 396 4
348 401 4
348 403 5
349 342 3
349 343 3
349 348 4
349 352 3
349 356 4
349 357 1
349 359 2
349 360 0
349 361 2
349 362 1
349 363 3
349 364 4
349 367 0
349 368 1
349 369 2
349 370 2
349 372 4
349 374 4
349 377 5
349 378 1
349 383 1
349 385 0
349 386 2
349 391 4
349 392 4
349 413 0
349 414 7
350 323 9
350 343 2
350 347 5
350 349 0
350 353 3
350 354 3
350 355 2
350 356 2
350 360 1
350 370 4
350 372 4
350 373 4
350 374 2
350 375 5
350 377 5
350 379 0
350 380 4
350 381 2
350 382 0
350 383 1
350 387 2
350 390 3
350 391 1
350 392 2
350 395 6
351 338 3
351 345 0
351 348 3
351 351 3
351 355 5
351 356 5
351 359 4
351 360 2
351 362 4
351 364 6
351 366 3
351 367 4
351 368 6
351 369 2
351 371 4
351 373 4
351 374 5
351 375 1
351 379 3
351 380 3
351 382 4
351 383 4
351 386 8
351 390 4
351 393 3
351 399 2
352 327 4
352 330 3
352 339 1
352 344 1
352 345 4
352 347 8
352 349 4
352 350 1
352 352 2
352 355 1
352 356 2
352 361 6
352 365 3
352 367 4
352 369 1
352 370 2
352 372 5
352 373 1
352 374 2
352 377 6
352 380 4
352 382 3
352 385 3
352 386 2
352 387 5
352 388 4
352 389 0
352 390 4
352 396 2
352 401 7
353 302 1
353 341 1
353 347 2
353 348 5
353 349 8
353 353 4
353 355 1
353 356 4
353 358 3
353 360 3
353 364 5
353 365 2
353 366 7
353 368 3
353 369 3
353 372 2
353 373 2
353 375 2
353 383 1
353 387 7
353 393 7
353 398 2
354 316 5
354 337 4
354 343 2
354 348 4
354 349 7
354 350 0
354 351 4
354 353 1
354 359 4
354 360 5
354 361 1
354 366 5
354 368 3
354 371 1
354 374 1
354 375 5
354 377 6
354 379 4
354 380 3
354 381 3
354 383 3
354 389 4
354 390 10
354 392 4
354 393 6
354 395 2
354 396 5
354 397 2
354 399 5
354 401 2
354 403 5
354 404 2
354 405 7
355 317 3
355 326 6
355 329 3
355 339 2
355 344 1
355 346 3
355 354 3
355 355 4
355 356 5
355 357 5
355 359 3
355 361 2
355 362 1
355 363 5
355 364 2
355 367 3
355 368 3
355 369 1
355 370 4
355 371 5
355 372 6
355 373 5
355 376 2
355 377 0
355 378 4
355 379 4
355 386 2
355 388 3
355 391 1
355 394 3
355 397 5
355 400 100
356 309 4
356 342 7
356 344 0
356 349 2
356 352 4
356 353 3
356 354 6
356 356 2
356 360 3
356 364 1
356 365 3
356 366 2
356 371 3
356 372 0
356 374 0
356 375 1
356 376 1
356 378 9
356 379 1
356 381 3
356 383 2
356 384 4
356 387 1
356 391 3
356 394 8
356 397 4
356 400 3
356 402 0
357 313 2
357 335 1
357 337 3
357 342 2
357 343 7
357 346 4
357 348 2
357 350 0
357 353 3
357 355 3
357 359 2
357 360 2
357 361 5
357 363 5
357 364 3
357 367 3
357 372 1
357 373 4
357 374 3
357 375 0
357 376 3
357 377 1
357 382 4
357 385 5
357 387 1
357 390 6
357 392 3
358 306 5
358 321 3
358 334 5
358 337 2
358 338 6
358 344 4
358 345 7
358 346 2
358 349 2
358 353 4
358 355 4
358 356 2
358 357 3
358 359 4
358 361 2
358 364 2
358 365 6
358 367 7
358 368 3
358 370 4
358 373 2
358 375 2
358 376 4
358 382 4
358 383 7
358 384 2
358 386 4
358 387 8
358 388 4
358 389 2
358 390 3
358 393 4
358 394 2
358 401 5
359 334 5
359 350 3
359 351 3
359 354 5
359 355 3
359 356 4
359 358 3
359 359 2
359 360 5
359 361 3
359 363 6
359 367 7
359 369 5
359 370 3
359 372 5
359 374 4
359 382 3
359 388 0
359 391 4
359 393 4
359 397 5
360 321 1
360 325 0
360 339 1
360 340 2
360 341 5
360 344 5
360 345 1
360 347 4
360 348 5
360 349 7
360 351 6
360 352 5
360 354 4
360 356 6
360 358 3
360 359 6
360 360 5
360 361 3
360 362 3
360 364 3
360 365 0
360 366 3
360 367 4
360 368 6
360 369 6
360 370 5
360 371 2
360 372 4
360 373 7
360 374 5
360 376 5
360 378 2
360 380 3
360 383 1
360 384 4
360 386 3
360 387 2
360 388 1
360 389 2
360 390 5
360 391 9
360 393 5
360 398 4
361 338 3
361 340 3
361 342 5
361 343 3
361 350 1
361 352 1
361 355 3
361 356 1
361 361 4
361 363 2
361 366 4
361 367 0
361 373 5
361 375 4
361 378 1
361 379 5
361 381 7
361 382 2
361 384 3
361 386 1
361 387 2
361 388 2
361 392 2
361 393 2
361 398 4
361 420 3
362 323 4
362 328 2
362 337 2
362 338 3
362 341 7
362 342 6
362 344 6
362 345 3
362 346 3
362 347 3
362 348 5
362 349 5
362 351 2
362 352 1
362 353 2
362 355 5
362 357 2
362 358 6
362 362 5
362 363 2
362 366 0
362 367 4
362 368 1
362 369 0
362 370 3
362 371 6
362 372 7
362 374 3
362 375 0
362 376 6
362 379 2
362 380 6
362 381 3
362 382 3
362 384 0
362 385 8
362 386 4
362 391 5
362 392 6
362 393 4
362 394 1
362 395 3
362 406 3
362 419 4
363 325 1
363 341 4
363 344 8
363 346 5
363 349 2
363 350 2
363 354 5
363 357 5
363 358 3
363 359 2
363 360 2
363 365 1
363 366 5
363 367 4
363 370 2
363 372 4
363 375 4
363 378 1
363 382 2
363 385 5
363 388 1
363 393 5
363 394 2
363 395 2
363 396 4
363 398 5
363 405 0
364 311 0
364 316 3
364 332 0
364 343 6
364 346 2
364 348 6
364 350 3
364 352 2
364 353 4
364 354 4
364 355 2
364 356 0
364 358 3
364 361 3
364 362 6
364 364 4
364 369 3
364 371 3
364 374 3
364 375 1
364 387 2
364 394 3
364 395 3
364 397 2
364 399 4
364 401 3
364 410 1
365 316 2
365 327 5
365 332 5
365 334 2
365 335 2
365 337 1
365 338 6
365 340 4
365 341 8
365 342 1
365 343 6
365 345 4
365 346 3
365 349 5
365 351 4
365 355 8
365 356 8
365 359 4
365 361 4
365 364 3
365 365 7
365 367 3
365 369 2
365 370 3
365 372 6
365 373 2
365 376 2
365 380 5
365 381 2
365 382 2
365 383 3
365 385 0
365 386 6
365 389 4
365 392 2
365 396 1
365 399 8
365 401 4
365 402 6
365 403 3
365 421 5
366 328 3
366 330 0
366 332 0
366 337 6
366 339 4
366 346 5
366 347 0
366 350 4
366 356 0
366 357 5
366 359 6
366 364 1
366 369 5
366 370 5
366 374 0
366 375 4
366 376 1
366 378 4
366 383 2
366 386 4
366 388 3
366 390 7
366 393 3
366 396 4
367 315 0
367 320 0
367 327 6
367 333 1
367 336 3
367 337 5
367 340 7
367 342 6
367 344 5
367 346 3
367 348 1
367 349 6
367 350 1
367 351 2
367 353 1
367 355 4
367 356 6
367 357 2
367 358 5
367 360 3
367 362 4
367 368 3
367 373 1
367 374 2
367 376 4
367 378 4
367 387 0
367 388 9
367 393 2
367 400 1
367 401 3
368 307 0
368 319 0
368 320 4
368 328 6
368 329 4
368 333 4
368 336 0
368 339 4
368 346 0
368 347 5
368 349 1
368 350 0
368 351 4
368 352 6
368 353 4
368 354 4
368 356 0
368 358 3
368 359 5
368 360 3
368 362 4
368 364 5
368 365 1
368 367 4
368 368 4
368 369 5
368 370 4
368 371 5
368 372 0
368 374 4
368 375 3
368 376 2
368 378 7
368 379 4
368 389 6
368 390 4
368 393 2
368 394 2
368 399 1
368 400 3
368 402 3
369 311 1
369 327 2
369 329 3
369 330 1
369 337 5
369 339 4
369 343 2
369 345 6
369 353 0
369 354 7
369 360 2
369 362 2
369 364 4
369 366 5
369 369 7
369 370 5
369 373 4
369 374 2
369 376 1
369 379 1
369 381 1
369 383 3
369 384 4
369 385 5
369 386 4
369 390 5
369 392 3
369 393 4
369 403 1
369 406 6
369 411 6
370 327 2
370 330 0
370 331 3
370 335 2
370 339 7
370 342 4
370 346 9
370 347 3
370 349 1
370 350 3
370 353 5
370 355 0
370 357 4
370 358 4
370 359 2
370 361 3
370 362 1
370 363 3
370 364 1
370 365 1
370 366 3
370 367 4
370 368 1
370 370 3
370 371 2
370 372 5
370 373 0
370 374 7
370 375 2
370 382 4
370 384 1
370 387 3
370 390 1
370 394 5
370 400 5
370 408 4
370 429 3
371 329 0
371 339 4
371 342 3
371 344 0
371 351 8
371 353 1
371 354 3
371 356 0
371 359 3
371 361 8
371 362 3
371 363 3
371 364 2
371 367 7
371 369 3
371 370 0
371 374 1
371 376 3
371 378 6
371 380 6
371 381 1
371 382 2
371 383 7
371 387 5
371 394 4
371 396 3
371 397 7
372 328 4
372 329 2
372 330 1
372 331 2
372 333 1
372 337 3
372 339 2
372 341 5
372 346 5
372 347 3
372 349 7
372 351 2
372 352 6
372 354 2
372 357 1
372 359 3
372 361 7
372 364 7
372 365 3
372 368 3
372 371 1
372 372 2
372 374 0
372 381 1
372 382 2
372 384 0
372 385 6
372 388 8
372 395 4
372 399 5
372 412 3
373 308 6
373 319 3
373 332 2
373 333 3
373 335 2
373 337 4
373 344 7
373 345 5
373 348 6
373 350 4
373 352 5
373 353 3
373 354 8
373 356 7
373 358 3
373 359 4
373 360 7
373 361 3
373 362 1
373 363 3
373 364 7
373 370 5
373 371 8
373 373 0
373 375 0
373 376 0
373 377 4
373 380 5
373 388 5
373 390 3
373 391 4
373 392 1
373 394 3
373 395 3
374 323 1
374 328 5
374 331 4
374 339 3
374 342 1
374 344 2
374 349 2
374 350 6
374 352 2
374 353 2
374 358 2
374 359 2
374 360 2
374 362 0
374 363 1
374 364 4
374 366 5
374 369 5
374 371 1
374 373 3
374 375 1
374 377 4
374 378 5
374 380 5
374 381 6
374 382 5
374 388 1
374 394 5
374 396 2
374 405 4
374 413 2
375 334 3
375 337 4
375 338 3
375 340 8
375 341 1
375 345 4
375 347 3
375 355 1
375 359 2
375 361 2
375 365 2
375 367 2
375 371 0
375 375 6
375 378 2
375 379 4
375 380 5
375 381 6
375 382 2
375 384 2
375 392 4
375 393 3
375 394 4
375 399 6
375 406 4
375 416 2
375 417 3
376 326 1
376 330 4
376 334 1
376 336 6
376 339 4
376 340 4
376 341 2
376 345 9
376 347 0
376 349 10
376 350 8
376 352 4
376 354 3
376 355 3
376 361 2
376 363 4
376 367 3
376 368 1
376 369 4
376 370 1
376 373 3
376 374 0
376 375 1
376 377 4
376 380 1
376 383 5
376 386 5
376 387 2
376 388 4
376 390 5
376 397 4
376 399 2
376 414 1
377 301 2
377 324 6
377 329 0
377 334 0
377 336 0
377 344 2
377 349 4
377 352 4
377 355 4
377 356 3
377 358 8
377 364 1
377 365 3
377 372 4
377 379 0
377 380 5
377 381 4
377 384 2
377 389 3
377 395 4
377 397 7
377 408 4
377 410 2
377 415 1
378 302 1
378 331 2
378 333 6
378 337 4
378 338 4
378 342 1
378 344 2
378 346 9
378 348 9
378 351 4
378 354 5
378 359 5
378 365 1
378 366 3
378 370 1
378 374 1
378 378 4
378 380 4
378 384 4
378 386 5
378 389 2
378 391 1
378 394 3
378 395 6
378 397 2
378 398 4
378 401 5
378 406 3
379 325 2
379 334 1
379 336 3
379 337 2
379 339 3
379 347 4
379 348 2
379 349 3
379 350 3
379 351 2
379 352 5
379 354 2
379 355 7
379 357 5
379 360 3
379 362 4
379 364 2
379 365 5
379 366 3
379 367 4
379 368 3
379 369 4
379 370 0
379 373 1
379 377 0
379 386 5
379 388 4
379 390 7
379 392 4
380 313 6
380 322 5
380 325 1
380 332 0
380 334 6
380 339 2
380 340 5
380 341 1
380 343 3
380 345 2
380 350 2
380 353 4
380 357 4
380 359 5
380 360 3
380 361 8
380 363 0
380 367 2
380 368 1
380 371 3
380 373 5
380 382 2
380 386 4
380 387 1
380 388 3
380 391 3
380 392 2
380 393 2
380 394 0
380 395 5
380 396 1
380 398 2
380 399 5
381 325 5
381 332 5
381 335 5
381 337 2
381 339 4
381 341 8
381 345 3
381 348 6
381 350 1
381 353 7
381 354 6
381 356 6
381 357 4
381 363 5
381 369 3
381 371 2
381 373 3
381 374 0
381 381 3
381 382 1
381 384 2
381 385 1
381 390 2
381 391 2
381 422 3
382 328 6
382 334 5
382 340 4
382 341 1
382 342 0
382 344 4
382 347 8
382 350 5
382 354 6
382 359 3
382 362 2
382 367 0
382 369 4
382 373 4
382 379 5
382 380 3
382 382 4
382 383 2
382 388 2
382 392 2
382 393 5
382 398 1
382 410 2
383 334 1
383 336 3
383 344 3
383 350 5
383 352 6
383 353 8
383 354 1
383 357 8
383 358 4
383 360 2
383 362 1
383 365 6
383 368 3
383 369 2
383 370 6
383 372 3
383 376 4
383 380 6
383 383 3
383 385 4
383 386 4
383 387 2
383 389 6
383 390 5
383 393 4
383 396 2
384 302 2
384 339 2
384 344 7
384 347 5
384 352 4
384 355 2
384 357 6
384 360 4
384 362 3
384 372 3
384 374 5
384 375 4
384 376 3
384 377 3
384 378 0
384 380 3
384 381 2
384 382 6
384 391 3
384 395 0
385 322 5
385 324 1
385 340 2
385 341 3
385 343 1
385 345 5
385 348 4
385 350 3
385 352 2
385 356 7
385 358 3
385 359 1
385 360 3
385 362 6
385 364 1
385 366 0
385 367 1
385 368 3
385 369 2
385 372 3
385 374 4
385 375 3
385 376 2
385 384 2
385 385 7
385 388 3
385 389 3
385 390 2
385 392 3
385 394 2
385 395 3
385 405 3
385 412 4
385 413 2
386 319 0
386 331 1
386 336 2
386 347 3
386 349 2
386 350 3
386 351 4
386 352 4
386 356 4
386 358 3
386 363 5
386 371 3
386 372 2
386 375 4
386 376 3
386 380 1
386 381 2
386 382 4
386 385 5
386 392 6
386 395 4
386 399 2
386 400 4
386 404 2
387 326 7
387 335 4
387 336 4
387 337 3
387 338 3
387 344 2
387 351 4
387 355 5
387 359 3
387 360 3
387 366 7
387 372 5
387 373 4
387 375 3
387 376 3
387 378 1
387 382 6
387 390 6
387 395 3
387 396 0
387 402 9
387 413 3
387 424 5
388 327 0
388 333 4
388 337 3
388 338 2
388 339 4
388 342 3
388 345 2
388 346 4
388 349 4
388 351 5
388 361 5
388 373 0
388 376 4
388 378 5
388 385 3
388 388 8
388 405 3
388 411 4
389 329 6
389 341 1
389 343 5
389 345 1
389 349 1
389 350 7
389 354 6
389 356 6
389 366 2
389 368 4
389 369 6
389 371 6
389 373 0
389 376 2
389 377 7
389 379 3
389 385 4
389 388 5
389 397 6
389 405 2
390 328 5
390 335 3
390 338 0
390 340 3
390 346 0
390 347 5
390 348 3
390 349 6
390 358 2
390 360 1
390 369 3
390 370 3
390 376 5
390 377 6
390 391 3
390 396 1
390 398 4
390 408 3
391 321 2
391 324 0
391 327 1
391 329 1
391 330 0
391 331 2
391 343 4
391 344 3
391 345 6
391 346 3
391 352 4
391 353 4
391 355 2
391 356 5
391 358 5
391 360 5
391 363 4
391 365 5
391 368 3
391 378 6
391 384 7
391 393 0
391 408 4
391 417 3
392 322 0
392 325 2
392 332 4
392 343 0
392 345 7
392 348 5
392 349 3
392 350 1
392 352 5
392 355 1
392 361 7
392 363 3
392 371 4
392 374 7
392 380 5
392 382 6
392 397 4
392 405 5
393 328 0
393 331 3
393 335 4
393 343 5
393 344 2
393 345 4
393 350 6
393 352 0
393 353 0
393 355 6
393 356 3
393 358 6
393 359 3
393 365 8
393 367 4
393 369 4
393 372 2
393 379 4
393 380 5
393 387 5
393 394 6
393 398 7
393 409 1
393 413 1
393 416 0
394 324 1
394 325 3
394 329 4
394 331 1
394 333 0
394 334 5
394 340 2
394 343 4
394 344 4
394 345 3
394 346 3
394 347 4
394 348 7
394 351 4
394 352 1
394 355 1
394 359 1
394 361 4
394 366 4
394 368 4
394 370 4
394 377 1
394 380 4
394 382 4
394 389 5
394 392 5
394 393 4
394 396 4
394 397 8
395 326 3
395 334 6
395 338 5
395 341 1
395 342 5
395 352 0
395 357 2
395 360 2
395 362 6
395 363 1
395 367 2
395 371 5
395 374 2
395 380 1
395 392 4
395 396 0
395 407 0
396 326 2
396 334 2
396 339 0
396 341 5
396 346 2
396 350 5
396 356 4
396 357 6
396 358 0
396 361 3
396 362 2
396 363 3
396 368 3
396 374 7
396 375 7
396 386 5
396 390 2
396 418 2
397 318 4
397 332 4
397 344 3
397 347 0
397 352 3
397 357 3
397 361 7
397 363 3
397 366 3
397 370 2
397 375 3
397 376 0
397 381 0
397 383 4
397 384 5
397 390 2
397 405 5
398 322 5
398 324 1
398 329 1
398 332 5
398 337 3
398 339 1
398 340 6
398 341 4
398 342 3
398 345 3
398 348 1
398 349 6
398 350 2
398 351 5
398 353 3
398 355 2
398 360 7
398 361 2
398 368 4
398 370 3
398 378 0
398 380 7
398 388 6
398 390 2
398 391 6
398 392 5
398 393 6
399 340 5
399 342 1
399 343 2
399 344 3
399 348 4
399 350 2
399 351 7
399 354 4
399 356 1
399 362 1
399 371 3
399 391 4
400 332 1
400 341 8
400 344 5
400 346 7
400 348 2
400 358 7
400 359 4
400 364 5
400 365 4
400 366 3
400 369 2
400 374 3
400 376 2
400 383 5
400 393 3
400 399 4
401 317 0
401 333 2
401 341 4
401 342 3
401 345 0
401 348 0
401 351 4
401 355 3
401 356 3
401 360 5
401 366 8
401 369 1
401 379 6
401 382 3
401 384 2
401 406 4
402 343 1
402 347 4
402 349 1
402 353 0
402 364 4
402 370 4
402 373 1
402 384 5
402 385 4
403 330 5
403 331 4
403 339 7
403 340 8
403 343 7
403 348 2
403 349 8
403 354 4
403 374 3
403 377 3
403 384 6
403 393 2
404 322 8
404 326 5
404 333 4
404 335 1
404 336 6
404 345 2
404 346 1
404 347 2
404 354 0
404 365 0
404 388 0
404 395 1
404 410 3
405 334 2
405 336 1
405 337 2
405 338 2
405 351 0
405 359 5
405 361 8
405 363 3
405 367 6
405 370 6
405 371 4
405 384 3
405 389 9
405 407 2
405 409 5
406 336 6
406 342 2
406 347 2
406 351 4
406 354 1
406 359 4
406 361 4
406 375 5
407 327 3
407 330 2
407 335 0
407 349 3
407 351 3
407 354 2
407 359 1
407 364 4
407 367 5
408 312 2
408 336 5
408 339 2
408 357 1
408 358 4
408 361 3
408 363 1
408 374 4
408 376 6
408 377 5
408 387 8
408 388 3
409 341 2
409 347 2
409 349 1
409 352 2
409 353 3
409 354 3
409 365 2
409 368 6
409 386 3
409 397 6
410 341 1
410 349 5
410 370 4
410 374 2
410 376 4
410 419 6
411 325 2
411 338 2
411 340 0
411 347 1
411 349 3
411 354 3
411 370 4
411 396 5
411 410 6
412 332 1
412 346 2
412 351 2
412 359 2
412 369 2
412 376 3
412 379 8
413 346 3
413 355 3
413 366 2
413 382 2
413 404 4
414 334 3
414 335 4
414 337 2
414 340 3
414 347 2
414 369 3
414 387 4
414 394 4
415 341 7
415 350 4
415 360 3
415 362 3
415 365 4
415 367 5
415 373 2
416 339 2
416 346 3
416 367 4
416 370 2
416 373 3
416 385 2
416 395 5
417 362 3
417 393 3
418 363 4
418 365 3
418 381 7
419 377 9
419 387 3
419 413 5
420 358 4
420 372 9
420 375 5
420 395 5
420 398 1
421 351 3
421 385 1
423 343 5
423 363 2
423 369 3
423 381 0
424 348 0
424 373 4
424 374 5
425 368 3
425 369 4
425 379 9
425 412 4
427 387 4
428 376 10
429 377 5
430 350 1
431 378 4
432 352 0
432 381 2
433 381 2
434 342 2
434 356 4
434 374 4
