601
243 313
244 345
244 348
245 345
248 315
248 328
248 331
249 326
249 327
249 337
251 329
251 343
251 347
252 327
252 330
252 344
254 300
255 303
255 328
255 329
256 339
256 341
257 310
258 328
258 337
258 347
258 348
259 300
259 311
259 319
259 344
260 296
260 306
260 342
261 304
261 311
262 308
262 312
262 313
262 324
262 344
262 361
263 322
263 335
263 342
264 330
265 283
265 313
265 319
266 317
266 318
266 324
266 331
266 341
268 330
268 337
269 299
269 303
269 308
269 316
269 317
269 319
269 330
269 342
269 344
269 348
270 290
270 313
270 315
270 335
270 343
271 327
272 281
272 333
273 281
273 326
273 334
274 321
275 282
275 307
275 340
276 268
276 332
276 338
276 340
276 342
277 272
277 340
278 324
278 325
278 344
278 349
279 308
279 314
279 329
279 341
280 295
280 310
280 317
280 342
281 320
281 324
281 343
282 330
282 332
282 335
282 345
283 282
283 290
283 299
283 309
283 330
283 348
284 273
284 279
284 332
285 281
285 285
285 313
285 319
285 336
285 337
285 348
286 285
286 323
286 343
287 273
287 278
287 310
287 327
287 338
288 273
288 317
288 332
288 341
289 269
289 294
289 333
289 340
290 341
291 333
292 326
292 337
293 280
293 298
293 331
294 272
294 274
294 312
295 280
295 337
296 278
296 293
297 333
298 319
299 295
299 336
299 338
300 277
301 292
301 296
302 275
302 303
303 270
303 283
303 291
303 335
304 276
304 279
304 289
304 315
304 316
304 326
305 287
305 292
305 324
306 283
306 317
307 290
307 322
308 283
308 292
308 327
309 331
310 320
311 312
311 332
314 308
320 268
320 307
