601
217 344
221 342
230 352
231 302
231 329
232 320
232 354
238 326
238 355
239 326
239 352
240 321
240 323
240 342
240 351
240 353
240 358
240 359
240 372
242 340
242 350
242 362
243 326
243 327
243 328
243 357
244 306
244 311
244 328
244 339
244 359
244 361
245 278
246 289
246 300
246 303
246 309
246 324
246 331
246 334
246 337
246 347
246 348
247 319
247 330
247 332
247 348
248 358
249 294
249 302
249 305
249 349
250 314
250 317
251 307
251 317
251 347
252 309
252 313
252 323
252 327
252 334
252 345
253 309
253 326
253 327
253 350
254 310
254 347
255 303
255 331
256 304
256 332
256 337
256 338
256 343
256 346
256 353
257 286
257 287
257 319
257 325
257 330
257 334
257 338
257 353
258 297
258 334
258 342
258 350
258 353
259 309
259 339
259 344
259 355
260 306
260 316
260 321
260 325
260 341
260 348
261 302
261 312
261 321
261 332
261 342
261 357
262 305
262 306
262 318
262 326
262 331
262 336
262 340
262 347
262 348
262 356
263 278
263 324
263 329
263 331
263 338
263 342
263 345
263 347
263 362
264 273
264 310
264 328
264 347
264 350
264 362
265 295
265 313
265 342
265 360
266 303
266 313
266 316
266 327
266 330
266 335
266 336
266 337
266 357
266 361
266 372
267 291
267 312
267 314
267 321
267 323
267 324
267 330
267 335
267 343
267 351
268 275
268 280
268 284
268 288
268 295
268 303
268 310
268 313
268 316
268 330
268 331
268 348
269 322
269 342
269 346
269 347
269 359
270 266
270 296
270 298
270 310
270 315
270 316
270 327
270 333
270 335
270 337
270 351
270 355
271 324
271 325
271 328
271 332
271 335
271 336
271 337
271 354
272 288
272 308
272 319
272 322
272 326
272 335
273 277
273 281
273 286
273 292
273 295
273 299
273 315
273 331
273 332
273 335
273 345
274 299
274 306
274 318
274 326
274 337
274 341
274 351
274 353
274 354
275 269
275 320
275 328
275 330
275 333
275 339
275 345
276 282
276 283
276 285
276 304
276 313
276 325
276 335
276 337
276 339
276 341
276 348
277 271
277 287
277 294
277 308
277 317
277 318
277 327
277 329
277 331
277 344
278 284
278 286
278 294
278 305
279 283
279 310
279 312
279 314
279 319
279 323
279 332
279 334
279 337
279 343
279 350
279 351
280 282
280 284
280 323
280 330
280 333
280 339
280 344
281 276
281 277
281 280
281 300
281 311
281 316
281 328
281 340
281 348
282 305
282 306
282 318
282 331
282 332
282 335
282 344
283 276
283 277
283 319
283 329
283 336
283 342
283 344
284 290
284 291
284 314
284 319
284 321
284 327
284 335
284 336
284 343
284 345
284 355
285 275
285 307
285 310
285 316
285 327
285 328
285 330
285 332
285 339
285 344
285 352
285 354
286 278
286 282
286 306
286 308
286 317
286 323
286 329
286 330
286 338
286 343
286 358
287 273
287 320
287 329
287 336
287 350
288 280
288 309
288 311
288 318
288 350
288 353
288 355
289 293
289 314
289 322
289 328
289 330
289 332
289 334
289 341
289 344
290 312
290 324
290 327
290 330
290 334
290 339
290 343
290 345
291 256
291 280
291 293
291 294
291 298
291 299
291 310
291 320
291 331
291 335
291 337
291 338
291 340
291 341
291 344
291 349
292 255
292 276
292 280
292 307
292 308
292 316
292 321
292 328
292 341
293 294
293 309
293 325
293 328
294 269
294 273
294 285
294 287
294 292
294 302
294 306
294 308
294 311
294 320
294 329
294 335
294 341
294 354
295 283
295 285
295 291
295 296
295 326
295 330
295 334
295 335
295 337
296 265
296 270
296 276
296 301
296 308
296 320
296 329
296 339
297 267
297 273
297 275
297 291
297 322
297 337
297 339
297 344
298 269
298 274
298 322
298 337
298 338
299 267
299 279
299 280
299 281
299 337
300 279
300 285
300 297
300 305
300 313
300 330
300 342
300 344
300 346
300 357
301 269
301 281
301 293
301 299
301 307
301 312
301 325
301 332
301 346
301 353
301 358
302 261
302 269
302 278
302 283
302 286
302 305
302 337
303 281
303 310
303 337
304 277
304 292
304 304
304 329
304 332
304 333
305 285
305 329
306 264
306 285
306 291
306 302
306 345
306 349
307 280
307 297
307 301
307 333
307 335
308 266
308 315
308 321
308 324
308 336
309 264
309 272
309 279
309 335
309 338
310 272
310 283
310 296
310 303
310 310
310 333
310 337
311 308
312 277
312 292
312 314
313 295
313 303
313 317
314 302
314 305
314 310
315 279
316 312
316 318
318 270
318 273
318 325
319 272
320 302
320 341
331 287
