751
290 329 4
292 336 3
306 374 1
309 325 2
309 410 6
312 325 0
312 374 0
313 365 5
313 395 4
314 327 1
314 384 3
315 402 3
315 406 2
316 320 4
316 388 1
316 414 7
317 336 2
317 348 4
317 375 3
318 334 2
318 374 1
318 389 3
318 392 0
319 348 1
319 399 2
319 407 0
319 425 3
320 308 5
320 337 4
320 351 2
320 361 4
320 370 4
320 398 1
321 338 3
321 352 2
321 405 0
321 409 1
322 328 4
322 372 2
322 394 0
322 397 3
322 399 1
322 405 1
322 422 7
322 435 7
323 341 5
323 349 1
323 385 2
323 394 7
323 408 1
323 437 1
324 329 2
324 337 1
324 365 1
324 367 5
324 370 5
324 375 2
324 400 2
324 402 2
324 403 0
324 406 0
325 330 3
325 337 3
325 338 4
325 344 6
325 362 4
325 384 1
325 395 1
326 355 3
326 359 3
326 363 4
326 364 0
326 366 4
326 367 1
326 368 4
326 383 2
326 394 0
326 402 1
326 426 3
327 323 3
327 346 0
327 371 5
327 384 1
327 394 4
327 398 2
328 325 3
328 348 4
328 355 0
328 363 3
328 371 0
328 374 7
328 387 1
328 392 0
328 393 1
328 398 1
328 421 3
328 423 8
329 326 3
329 331 1
329 353 3
329 366 2
329 368 3
329 373 0
329 384 3
329 401 5
329 412 0
329 413 1
329 427 4
330 334 3
330 337 2
330 341 0
330 358 6
330 359 0
330 366 4
330 375 0
330 382 0
330 389 5
330 405 7
330 417 6
330 419 7
331 340 1
331 349 4
331 350 5
331 352 5
331 355 0
331 362 0
331 367 4
331 382 8
331 389 3
331 406 6
331 411 1
331 414 2
331 440 100
332 346 3
332 352 4
332 363 1
332 370 4
332 371 7
332 373 3
332 381 3
332 391 2
332 399 0
332 412 2
332 436 0
333 355 2
333 359 2
333 361 2
333 362 1
333 369 1
333 380 2
333 385 1
333 393 0
333 396 5
333 412 6
333 417 0
333 432 9
334 335 3
334 339 3
334 346 5
334 356 3
334 359 4
334 366 3
334 368 6
334 379 3
334 382 4
334 387 0
334 394 5
334 402 1
334 403 3
334 404 0
334 412 2
335 322 3
335 329 1
335 333 2
335 334 1
335 335 2
335 342 1
335 354 0
335 359 2
335 363 5
335 375 4
335 383 1
335 388 6
335 397 5
335 398 2
335 429 4
335 437 1
336 327 1
336 329 1
336 336 3
336 344 4
336 345 1
336 348 1
336 354 0
336 359 2
336 361 1
336 365 2
336 368 2
336 371 4
336 374 6
336 381 0
336 411 1
336 415 3
337 329 4
337 356 0
337 357 1
337 366 5
337 369 4
337 386 1
337 387 4
337 389 2
337 392 0
337 396 4
337 397 3
337 406 3
337 409 2
337 411 4
337 422 4
338 324 1
338 336 2
338 338 0
338 347 0
338 350 1
338 352 6
338 361 4
338 362 1
338 372 0
338 376 0
338 383 0
338 398 0
338 410 0
338 413 5
338 422 0
338 425 5
338 428 3
338 452 6
339 335 3
339 338 2
339 344 1
339 349 3
339 351 0
339 355 4
339 361 1
339 366 0
339 368 3
339 388 2
339 389 2
339 394 3
339 397 5
339 410 1
340 333 2
340 342 5
340 344 2
340 350 5
340 362 2
340 364 6
340 365 4
340 379 1
340 387 6
340 389 3
340 390 3
340 399 5
340 403 2
340 414 2
340 416 1
340 417 1
340 421 1
340 423 1
341 335 4
341 336 3
341 339 2
341 341 1
341 345 4
341 349 1
341 357 4
341 363 0
341 366 3
341 371 6
341 372 0
341 374 0
341 376 3
341 380 2
341 385 4
341 387 2
341 388 2
341 390 0
341 405 3
341 447 8
342 331 3
342 337 4
342 339 2
342 340 3
342 352 1
342 355 1
342 365 4
342 368 6
342 371 0
342 376 2
342 378 3
342 382 2
342 400 2
342 402 7
342 407 1
342 415 1
342 441 7
342 445 0
342 460 6
343 330 1
343 331 1
343 335 2
343 340 3
343 341 5
343 343 1
343 344 2
343 357 1
343 360 4
343 362 0
343 363 5
343 370 5
343 372 1
343 380 0
343 386 0
343 387 0
343 390 4
343 393 2
343 394 3
343 400 5
343 402 2
343 405 0
343 407 4
343 418 4
343 424 3
343 429 1
343 436 4
344 335 2
344 337 1
344 346 2
344 348 1
344 350 4
344 354 5
344 355 3
344 358 5
344 361 0
344 373 3
344 376 0
344 379 1
344 383 0
344 386 2
344 387 3
344 389 1
344 390 0
344 394 0
344 395 7
344 401 1
344 406 1
344 408 3
344 413 0
344 414 1
344 416 2
344 418 0
344 422 2
344 423 2
345 328 2
345 336 0
345 343 3
345 345 3
345 347 4
345 348 3
345 350 5
345 352 1
345 353 7
345 356 1
345 363 5
345 364 6
345 365 2
345 366 1
345 369 1
345 371 0
345 375 2
345 382 1
345 388 4
345 396 4
345 416 0
346 338 2
346 339 0
346 341 0
346 342 3
346 343 2
346 344 4
346 346 3
346 355 2
346 357 2
346 360 1
346 367 3
346 369 4
346 371 3
346 372 2
346 373 0
346 375 1
346 376 0
346 385 3
346 387 2
346 390 1
346 397 4
346 406 2
346 407 6
346 413 7
346 417 1
346 426 1
347 341 0
347 342 2
347 346 3
347 347 2
347 352 6
347 353 6
347 357 1
347 360 4
347 362 7
347 363 3
347 364 3
347 365 4
347 367 3
347 370 5
347 372 4
347 373 2
347 375 2
347 379 1
347 387 4
347 390 1
347 393 3
347 395 1
347 397 2
347 414 1
347 424 1
347 426 7
348 333 0
348 339 1
348 340 1
348 344 5
348 346 1
348 348 0
348 351 3
348 353 2
348 354 0
348 360 0
348 362 2
348 363 5
348 367 4
348 369 4
348 370 0
348 371 3
348 372 1
348 374 1
348 378 0
348 381 3
348 386 6
348 388 4
348 390 0
348 394 1
348 396 3
348 397 4
348 406 3
348 407 2
348 410 2
348 415 1
348 417 5
348 424 6
348 440 2
348 458 6
349 337 2
349 341 3
349 346 5
349 349 4
349 350 3
349 352 5
349 355 5
349 359 5
349 363 5
349 366 0
349 367 1
349 374 4
349 376 1
349 377 4
349 380 2
349 383 5
349 385 0
349 388 5
349 389 3
349 391 2
349 394 2
349 398 0
349 402 1
349 403 0
349 414 2
349 419 0
349 425 1
349 427 6
349 431 0
349 454 7
350 330 1
350 344 0
350 350 1
350 357 1
350 359 2
350 363 4
350 365 1
350 369 1
350 371 3
350 372 0
350 377 3
350 378 2
350 379 0
350 383 3
350 384 3
350 389 2
350 391 0
350 395 4
350 397 1
350 400 2
350 402 7
350 404 4
350 407 1
350 414 2
350 421 1
350 435 5
350 444 2
350 446 7
351 326 3
351 333 4
351 335 1
351 337 1
351 343 4
351 345 3
351 346 3
351 348 4
351 351 1
351 354 2
351 358 2
351 361 2
351 365 1
351 368 5
351 369 1
351 373 2
351 375 3
351 382 5
351 383 1
351 390 4
351 396 4
351 399 2
351 404 0
351 408 2
351 410 2
351 411 1
351 412 0
351 415 1
351 425 4
351 441 1
351 443 4
352 332 3
352 337 3
352 343 3
352 347 3
352 348 3
352 349 2
352 350 4
352 351 5
352 353 5
352 355 2
352 357 4
352 361 2
352 366 3
352 367 1
352 371 0
352 373 1
352 374 2
352 375 4
352 376 3
352 377 4
352 379 1
352 380 6
352 383 5
352 385 2
352 391 2
352 392 1
352 394 0
352 397 6
352 398 2
352 400 3
352 401 5
352 402 2
352 403 1
352 407 1
352 411 3
352 412 2
352 419 4
352 423 3
352 425 2
352 429 2
352 432 1
353 335 0
353 338 2
353 340 2
353 341 2
353 343 0
353 347 1
353 351 5
353 353 1
353 354 1
353 357 1
353 359 0
353 360 4
353 362 3
353 363 4
353 365 5
353 366 2
353 369 2
353 371 0
353 372 5
353 378 1
353 383 0
353 384 3
353 385 5
353 386 6
353 390 5
353 393 3
353 401 3
353 404 6
353 405 4
353 406 2
353 409 3
353 413 1
353 417 6
353 419 1
353 420 5
353 431 3
354 340 5
354 341 1
354 343 0
354 348 1
354 349 0
354 351 4
354 355 4
354 356 0
354 357 2
354 360 4
354 367 3
354 368 2
354 372 2
354 375 2
354 376 4
354 377 4
354 381 5
354 383 4
354 384 5
354 385 4
354 386 4
354 393 3
354 394 5
354 399 5
354 400 4
354 401 2
354 402 4
354 408 2
354 414 6
354 418 1
354 426 5
354 435 8
355 332 5
355 334 0
355 337 3
355 342 2
355 347 1
355 349 3
355 352 4
355 357 1
355 358 1
355 361 0
355 365 3
355 366 4
355 370 3
355 373 7
355 374 0
355 381 3
355 386 6
355 390 3
355 391 2
355 407 5
355 415 2
355 416 2
355 417 2
355 419 1
355 435 3
355 441 2
355 452 7
355 458 8
356 331 2
356 339 1
356 341 2
356 343 1
356 348 3
356 349 4
356 353 0
356 355 0
356 358 1
356 359 0
356 360 1
356 361 2
356 362 4
356 365 1
356 368 5
356 369 1
356 370 0
356 371 5
356 373 2
356 375 2
356 376 4
356 379 5
356 380 2
356 381 2
356 382 3
356 385 5
356 387 2
356 388 6
356 389 3
356 393 3
356 395 4
356 400 3
356 402 3
356 403 1
356 404 1
356 409 6
356 410 5
356 412 7
356 413 2
356 414 3
356 415 1
356 419 6
356 421 0
356 424 4
356 428 6
356 434 5
356 439 2
356 456 6
357 332 1
357 340 1
357 341 2
357 344 0
357 346 0
357 350 0
357 351 0
357 357 4
357 361 2
357 363 0
357 366 5
357 372 2
357 373 2
357 374 1
357 377 0
357 379 4
357 381 2
357 383 6
357 387 4
357 390 1
357 391 3
357 392 5
357 395 5
357 398 4
357 406 0
357 409 2
357 411 7
357 413 1
357 414 3
357 417 7
357 419 2
357 422 6
357 423 2
357 426 6
357 432 6
357 444 4
357 458 5
358 321 1
358 339 1
358 347 4
358 348 0
358 350 4
358 352 2
358 353 3
358 355 1
358 356 1
358 360 1
358 363 1
358 364 5
358 367 2
358 376 3
358 377 1
358 378 1
358 382 5
358 383 0
358 384 5
358 385 2
358 387 1
358 390 1
358 393 1
358 394 3
358 396 0
358 401 6
358 402 0
358 404 8
358 406 4
358 407 1
358 409 1
358 416 3
358 419 2
358 425 2
358 426 6
358 434 1
358 439 7
358 458 6
359 326 3
359 341 2
359 345 0
359 353 3
359 356 0
359 358 5
359 359 6
359 362 3
359 364 1
359 365 4
359 366 4
359 370 1
359 372 3
359 373 2
359 375 1
359 377 2
359 379 0
359 380 9
359 386 5
359 388 7
359 390 1
359 395 2
359 396 1
359 399 4
359 401 4
359 405 1
359 407 7
359 412 0
359 419 6
359 422 5
359 425 1
359 429 7
359 432 5
359 436 2
359 442 1
359 456 7
360 325 2
360 327 1
360 338 1
360 343 1
360 346 1
360 349 2
360 350 6
360 351 2
360 352 3
360 354 6
360 355 1
360 358 2
360 359 4
360 361 6
360 367 4
360 370 2
360 379 2
360 380 3
360 385 4
360 388 2
360 389 4
360 391 4
360 392 5
360 394 5
360 401 6
360 402 4
360 403 7
360 404 5
360 407 2
360 413 3
360 422 4
360 428 2
360 437 1
360 439 1
360 447 7
361 322 0
361 329 1
361 331 3
361 333 0
361 339 6
361 345 1
361 346 0
361 347 5
361 357 3
361 358 0
361 359 3
361 361 5
361 362 2
361 364 1
361 365 1
361 371 2
361 372 0
361 377 2
361 378 4
361 381 6
361 382 0
361 385 5
361 386 3
361 387 5
361 388 1
361 389 4
361 390 6
361 392 6
361 394 0
361 396 3
361 401 3
361 403 9
361 405 5
361 406 0
361 408 4
361 409 7
361 410 1
361 416 1
361 418 2
361 421 1
361 422 7
361 423 6
361 424 2
361 425 1
361 426 4
361 428 5
361 436 4
361 438 2
362 318 3
362 328 1
362 329 2
362 335 1
362 337 1
362 339 0
362 340 0
362 341 1
362 343 3
362 344 2
362 346 5
362 351 5
362 354 5
362 358 5
362 362 1
362 366 5
362 368 2
362 369 4
362 372 2
362 374 5
362 377 4
362 378 1
362 380 0
362 386 0
362 387 2
362 388 4
362 390 3
362 393 6
362 396 3
362 398 8
362 399 4
362 402 0
362 403 4
362 404 5
362 407 2
362 411 3
362 416 0
362 418 1
362 419 2
362 420 6
362 429 4
362 433 1
362 438 3
362 469 6
363 326 4
363 330 4
363 339 1
363 344 1
363 349 0
363 351 5
363 354 0
363 355 1
363 360 3
363 367 1
363 368 2
363 370 2
363 371 3
363 372 9
363 375 3
363 377 4
363 378 3
363 380 2
363 388 2
363 392 7
363 395 2
363 399 4
363 401 5
363 403 3
363 404 7
363 407 2
363 408 4
363 411 5
363 423 1
363 433 3
363 435 6
363 436 6
364 326 1
364 335 4
364 340 6
364 344 5
364 345 3
364 349 1
364 352 2
364 355 2
364 356 1
364 357 4
364 359 2
364 364 3
364 365 2
364 367 1
364 370 5
364 371 1
364 372 1
364 373 1
364 374 3
364 376 10
364 377 1
364 384 5
364 385 3
364 391 5
364 393 4
364 394 5
364 400 3
364 402 6
364 405 0
364 407 4
364 409 2
364 413 3
364 416 4
364 418 4
364 420 5
364 421 8
364 425 3
364 426 1
364 429 5
364 430 0
364 431 100
364 454 7
365 333 1
365 335 3
365 339 0
365 342 2
365 354 2
365 356 3
365 357 4
365 360 2
365 362 6
365 364 3
365 365 5
365 367 2
365 368 3
365 369 1
365 370 2
365 371 2
365 372 0
365 373 8
365 374 0
365 378 4
365 379 3
365 380 4
365 384 3
365 386 2
365 388 0
365 390 4
365 392 0
365 398 6
365 400 5
365 403 7
365 404 1
365 405 1
365 406 7
365 411 1
365 418 7
365 422 2
365 424 5
365 425 3
365 427 2
365 433 3
365 438 6
365 449 6
366 327 0
366 331 2
366 338 1
366 347 1
366 349 3
366 351 2
366 352 1
366 357 3
366 362 4
366 364 4
366 365 1
366 366 10
366 367 0
366 371 4
366 376 5
366 378 1
366 380 3
366 382 5
366 383 2
366 385 1
366 386 4
366 388 3
366 393 3
366 394 4
366 395 4
366 396 3
366 403 5
366 404 2
366 407 0
366 410 5
366 412 5
366 413 6
366 414 4
366 415 2
366 428 2
366 436 4
366 439 3
366 440 7
366 443 5
367 324 0
367 329 5
367 335 1
367 345 0
367 355 5
367 357 1
367 359 6
367 360 5
367 362 0
367 364 4
367 368 0
367 369 2
367 370 0
367 371 2
367 374 4
367 378 4
367 379 1
367 382 3
367 386 0
367 388 4
367 391 3
367 392 2
367 393 2
367 394 3
367 398 5
367 400 7
367 402 2
367 404 3
367 406 2
367 408 1
367 409 6
367 411 1
367 413 1
367 423 2
367 425 3
367 437 3
367 442 3
367 447 7
368 322 3
368 326 4
368 336 3
368 348 4
368 352 3
368 353 2
368 358 0
368 359 1
368 362 2
368 364 0
368 368 1
368 370 6
368 372 7
368 373 1
368 374 1
368 378 2
368 383 4
368 385 1
368 387 2
368 388 2
368 391 3
368 392 1
368 395 7
368 398 9
368 403 2
368 415 4
368 418 3
368 422 4
368 427 5
369 329 5
369 332 5
369 342 2
369 349 4
369 352 2
369 353 0
369 355 1
369 357 0
369 361 2
369 369 0
369 370 5
369 372 5
369 375 2
369 378 1
369 381 0
369 382 2
369 393 3
369 394 2
369 395 1
369 399 5
369 408 4
369 411 2
369 413 3
369 417 4
369 422 5
369 424 4
369 427 6
369 435 5
369 438 5
369 441 8
370 337 0
370 338 2
370 341 4
370 344 4
370 360 0
370 363 3
370 364 3
370 365 6
370 369 4
370 371 3
370 373 0
370 375 4
370 377 2
370 380 0
370 382 5
370 383 1
370 386 4
370 388 4
370 389 6
370 392 3
370 396 6
370 401 0
370 405 1
370 409 0
370 414 3
370 418 5
370 419 5
370 422 4
370 423 4
370 425 1
370 427 6
370 429 7
370 433 4
370 440 5
371 325 5
371 327 6
371 336 3
371 338 0
371 341 3
371 344 2
371 346 1
371 351 100
371 353 3
371 356 0
371 357 5
371 358 1
371 360 0
371 362 2
371 364 4
371 366 1
371 378 2
371 380 1
371 381 5
371 382 1
371 383 2
371 384 1
371 385 6
371 387 2
371 388 4
371 392 3
371 395 6
371 399 4
371 401 8
371 402 3
371 403 4
371 404 3
371 405 7
371 408 1
371 409 3
371 412 10
371 413 2
371 415 3
371 417 4
371 425 2
371 428 4
372 331 2
372 334 3
372 336 1
372 337 3
372 340 4
372 344 0
372 346 0
372 349 1
372 350 1
372 351 2
372 355 1
372 357 0
372 362 3
372 364 2
372 366 1
372 368 3
372 369 2
372 371 7
372 372 10
372 373 3
372 375 2
372 377 5
372 381 4
372 383 0
372 386 0
372 388 8
372 393 6
372 402 2
372 406 4
372 410 4
372 414 4
372 415 4
372 416 0
372 422 3
372 424 7
372 425 7
372 426 6
372 441 9
372 442 4
373 329 4
373 339 2
373 341 3
373 343 2
373 344 5
373 348 3
373 353 0
373 357 3
373 358 0
373 359 0
373 361 3
373 363 3
373 366 0
373 370 1
373 372 9
373 373 2
373 374 8
373 378 4
373 379 4
373 387 4
373 392 2
373 395 4
373 398 6
373 399 5
373 403 3
373 406 6
373 407 5
373 416 6
373 420 6
373 426 4
373 428 5
373 431 7
373 434 7
373 435 4
373 437 4
373 445 6
373 451 8
373 470 6
374 348 2
374 351 3
374 352 1
374 354 3
374 355 4
374 356 4
374 359 2
374 361 0
374 362 3
374 367 8
374 368 1
374 373 2
374 375 1
374 376 10
374 377 2
374 378 3
374 380 2
374 381 2
374 383 9
374 385 2
374 387 5
374 391 8
374 392 1
374 393 7
374 395 5
374 399 4
374 400 5
374 402 8
374 404 4
374 406 4
374 417 7
374 426 4
374 441 6
375 329 4
375 338 3
375 343 2
375 346 3
375 347 0
375 355 0
375 359 7
375 361 4
375 363 1
375 369 6
375 370 5
375 372 0
375 373 1
375 375 1
375 376 6
375 395 1
375 396 10
375 399 4
375 403 3
375 404 5
375 409 0
375 410 3
375 428 6
375 430 5
375 440 5
375 441 7
376 332 2
376 333 3
376 335 4
376 343 4
376 344 5
376 346 2
376 347 4
376 350 4
376 357 2
376 358 3
376 359 2
376 360 2
376 364 2
376 366 3
376 371 0
376 372 2
376 373 1
376 374 1
376 375 3
376 376 0
376 377 0
376 378 6
376 379 6
376 383 2
376 384 0
376 385 6
376 387 5
376 390 4
376 392 4
376 398 4
376 400 5
376 408 3
376 415 5
376 416 5
376 418 8
376 422 5
376 424 3
376 429 4
376 435 3
376 439 4
376 456 7
376 461 8
377 331 3
377 337 2
377 343 1
377 347 5
377 349 2
377 350 3
377 352 2
377 355 1
377 359 1
377 360 4
377 363 3
377 364 6
377 368 3
377 369 4
377 370 3
377 373 5
377 374 4
377 377 5
377 380 1
377 382 0
377 385 0
377 391 3
377 400 8
377 401 2
377 404 5
377 405 2
377 406 8
377 407 8
377 410 6
377 428 2
377 433 5
377 440 5
377 450 8
377 465 7
378 321 0
378 328 5
378 331 2
378 334 4
378 339 3
378 343 3
378 345 2
378 348 2
378 350 3
378 356 1
378 360 5
378 361 1
378 363 4
378 367 1
378 369 4
378 375 9
378 378 1
378 380 0
378 385 3
378 386 1
378 389 0
378 393 2
378 394 3
378 395 3
378 396 2
378 399 5
378 401 6
378 408 9
378 410 5
378 428 3
379 345 0
379 349 5
379 351 4
379 354 8
379 356 0
379 357 8
379 361 3
379 364 4
379 371 7
379 372 2
379 373 2
379 375 0
379 377 2
379 378 0
379 379 6
379 380 3
379 382 8
379 385 6
379 388 1
379 390 1
379 397 5
379 398 4
379 399 0
379 401 2
379 403 5
379 405 2
379 408 2
379 411 1
379 413 2
379 420 5
379 426 7
380 340 5
380 346 4
380 352 3
380 359 4
380 362 0
380 363 8
380 368 7
380 377 1
380 379 3
380 382 5
380 383 3
380 388 0
380 392 5
380 393 0
380 397 3
380 398 6
380 399 5
380 401 3
380 404 3
380 408 4
380 412 6
380 422 5
380 425 2
380 426 5
380 432 6
380 466 7
381 331 5
381 332 1
381 338 5
381 348 5
381 349 3
381 350 0
381 351 3
381 353 3
381 355 3
381 357 0
381 358 3
381 360 4
381 362 3
381 364 1
381 374 5
381 375 6
381 376 2
381 381 0
381 383 2
381 384 3
381 385 2
381 386 0
381 387 3
381 388 1
381 390 8
381 395 3
381 397 2
381 399 3
381 403 4
381 408 4
381 410 1
381 420 5
381 433 2
381 437 4
382 334 4
382 338 4
382 343 8
382 346 2
382 354 4
382 355 0
382 360 1
382 361 1
382 362 2
382 364 3
382 365 2
382 366 4
382 368 9
382 369 3
382 371 0
382 372 2
382 374 0
382 376 5
382 380 4
382 382 4
382 384 7
382 385 4
382 386 2
382 390 6
382 391 9
382 392 3
382 395 1
382 396 3
382 399 0
382 404 4
382 405 7
382 413 2
382 415 7
382 419 5
382 424 2
382 428 6
383 303 2
383 307 0
383 339 1
383 341 1
383 353 6
383 356 1
383 358 0
383 360 6
383 362 1
383 365 0
383 366 4
383 367 0
383 368 1
383 370 1
383 373 1
383 374 0
383 376 3
383 380 5
383 381 5
383 386 2
383 388 2
383 389 2
383 391 0
383 393 8
383 402 8
383 409 4
383 415 8
384 342 4
384 348 2
384 350 2
384 354 0
384 357 4
384 358 4
384 359 0
384 364 1
384 368 0
384 376 2
384 380 4
384 382 3
384 386 3
384 388 3
384 392 3
384 398 4
384 399 4
384 409 0
384 410 2
384 411 5
384 420 4
384 427 6
385 346 1
385 352 2
385 354 9
385 356 0
385 357 0
385 360 1
385 362 8
385 363 9
385 364 0
385 366 0
385 367 1
385 368 4
385 373 8
385 377 5
385 378 4
385 379 5
385 380 4
385 381 1
385 382 5
385 383 1
385 386 6
385 388 4
385 389 9
385 392 8
385 396 3
385 399 4
385 407 5
385 410 6
385 411 0
385 413 3
385 415 6
386 339 3
386 344 7
386 346 5
386 348 6
386 349 1
386 352 3
386 358 2
386 361 4
386 362 3
386 365 4
386 366 1
386 368 5
386 370 1
386 371 5
386 372 1
386 375 3
386 379 3
386 386 1
386 387 2
386 388 1
386 389 0
386 391 3
386 407 2
386 410 2
387 340 3
387 353 0
387 361 4
387 363 4
387 365 3
387 366 5
387 369 3
387 373 4
387 376 1
387 377 2
387 378 1
387 384 2
387 385 2
387 389 3
387 392 5
387 394 7
387 398 5
387 400 2
387 405 2
387 414 7
387 417 6
387 423 7
387 425 1
387 426 2
387 428 0
387 435 5
388 326 4
388 328 0
388 354 2
388 355 7
388 359 0
388 360 2
388 361 5
388 365 10
388 367 5
388 370 1
388 376 6
388 377 2
388 380 7
388 381 2
388 382 4
388 384 4
388 385 4
388 387 3
388 391 0
388 403 3
388 404 4
388 405 1
388 416 6
388 458 8
389 324 1
389 339 5
389 340 1
389 343 0
389 356 0
389 362 5
389 363 3
389 365 4
389 371 9
389 373 0
389 374 0
389 375 5
389 377 6
389 379 2
389 382 3
389 383 3
389 384 4
389 388 1
389 393 3
389 398 3
389 399 5
389 409 3
389 441 7
390 299 1
390 335 4
390 339 2
390 343 4
390 345 0
390 346 6
390 351 3
390 358 2
390 365 4
390 368 2
390 371 8
390 372 4
390 375 1
390 376 5
390 378 4
390 385 1
390 388 3
390 391 1
390 392 2
390 401 7
390 426 6
391 331 3
391 341 8
391 344 5
391 353 4
391 356 0
391 359 3
391 362 3
391 366 0
391 367 5
391 371 9
391 372 8
391 373 5
391 375 4
391 376 10
391 378 1
391 379 2
391 381 2
391 384 4
391 388 4
391 399 4
391 402 2
391 406 3
391 413 0
392 337 2
392 348 5
392 349 4
392 353 3
392 356 1
392 364 0
392 370 3
392 372 3
392 376 3
392 377 1
392 378 8
392 383 1
392 384 5
392 394 4
392 398 0
392 419 8
393 355 4
393 359 2
393 367 1
393 368 4
393 371 4
393 374 6
393 377 0
393 381 1
393 382 7
393 383 0
393 387 2
393 388 3
393 390 6
393 391 5
393 392 4
393 401 0
393 412 6
393 422 6
394 330 2
394 340 3
394 350 2
394 357 3
394 361 2
394 364 2
394 365 3
394 367 0
394 371 2
394 375 0
394 376 0
394 379 6
394 386 0
394 388 3
394 390 4
394 396 5
394 401 1
395 357 0
395 358 3
395 366 6
395 369 6
395 378 7
395 379 4
395 383 3
395 385 2
395 393 3
395 395 3
395 405 1
395 407 6
395 413 5
396 356 4
396 362 4
396 364 1
396 371 1
396 372 4
396 374 3
396 391 5
396 399 4
396 405 0
396 415 1
397 343 1
397 345 1
397 352 5
397 360 1
397 361 3
397 365 3
397 368 4
397 371 2
397 372 7
397 373 4
397 376 1
397 377 4
397 380 4
397 382 5
397 385 4
397 389 4
397 391 5
397 395 3
397 398 2
397 404 6
398 354 1
398 361 0
398 363 0
398 367 3
398 368 2
398 369 6
398 373 6
398 374 0
398 379 3
398 383 3
398 385 5
398 388 5
398 392 3
398 394 0
398 399 4
399 337 1
399 354 3
399 356 4
399 364 6
399 371 7
399 372 0
399 375 0
399 382 4
399 392 0
399 393 2
399 404 0
400 326 0
400 328 0
400 339 0
400 346 2
400 349 0
400 351 9
400 358 5
400 363 5
400 376 4
400 377 1
400 380 6
400 381 5
400 383 4
400 391 5
400 396 5
401 348 6
401 352 3
401 364 9
401 366 4
401 367 5
401 368 0
401 369 4
401 372 2
401 375 5
401 379 2
401 381 3
401 383 5
401 384 8
401 388 9
401 390 4
402 334 0
402 366 5
402 367 2
402 369 3
402 374 2
402 377 4
402 397 4
403 333 2
403 335 0
403 357 3
403 360 7
403 364 8
403 366 4
403 369 0
403 370 4
403 371 3
403 372 4
403 374 2
403 382 5
403 387 5
403 388 0
403 389 6
403 392 3
404 330 1
404 342 7
404 344 9
404 346 6
404 354 6
404 360 4
404 366 3
404 370 5
404 373 4
404 379 6
404 394 0
404 404 2
405 357 2
405 360 5
405 363 3
405 369 4
405 372 2
405 375 4
405 378 0
405 380 5
405 392 3
405 398 0
405 404 1
405 427 3
406 351 2
406 352 2
406 366 2
406 368 0
406 370 6
406 387 3
406 389 4
406 394 1
406 395 5
406 411 5
406 413 2
407 354 4
407 355 3
407 360 4
407 370 3
407 374 1
407 380 1
407 381 3
407 389 4
408 362 5
408 366 7
408 374 1
408 379 3
408 382 2
408 386 5
409 356 7
409 367 2
409 374 4
409 375 2
409 381 4
409 382 1
409 385 2
409 386 6
409 389 2
409 392 2
410 352 4
410 354 6
410 364 5
410 365 1
410 377 3
410 405 0
411 346 2
411 357 0
411 358 3
411 366 6
411 370 5
411 375 5
411 380 3
411 387 1
411 398 5
411 411 0
412 339 8
412 345 9
412 358 7
412 365 4
412 366 5
412 369 5
412 374 6
412 385 6
412 387 4
412 393 3
412 397 1
413 371 6
413 373 7
413 374 4
413 380 4
413 381 4
413 389 3
413 395 3
414 347 5
414 349 9
414 353 3
414 373 2
414 384 5
415 360 6
415 381 6
416 358 0
416 367 5
416 377 5
416 378 7
416 388 4
416 402 0
417 351 6
417 360 7
417 400 6
418 336 5
418 351 8
418 377 6
419 351 5
419 358 5
419 367 6
419 373 7
419 377 5
419 388 0
419 396 2
420 349 6
420 350 8
420 362 6
420 368 4
420 376 5
420 379 8
420 413 2
421 349 6
421 361 7
421 372 6
422 342 5
422 365 5
422 377 7
422 409 1
423 336 7
423 358 7
423 360 6
423 369 6
423 378 6
425 351 7
425 362 6
425 377 4
425 383 4
426 345 7
426 356 5
426 362 4
426 369 3
426 385 3
427 359 4
427 368 4
428 344 7
429 335 5
429 359 5
429 372 4
430 357 6
430 358 4
430 370 4
431 349 6
432 328 5
432 363 3
432 364 8
432 371 5
433 340 6
433 358 7
434 335 6
434 374 4
434 377 5
436 360 5
439 360 6
440 354 3
440 363 4
441 379 4
442 349 6
448 377 3
455 372 3
