601
205 342
206 328
206 347
210 343
211 342
213 337
213 340
214 334
215 298
215 344
215 360
217 341
218 375
220 293
220 329
220 338
221 286
221 377
222 313
222 332
222 347
223 288
223 329
223 357
223 366
224 311
224 314
224 326
224 340
224 348
225 295
225 308
225 313
225 329
225 341
225 346
225 349
225 355
226 318
226 321
226 325
226 326
226 343
226 348
226 351
227 286
227 313
227 333
227 340
227 341
227 345
227 360
228 300
228 326
228 345
228 348
228 354
229 310
229 327
229 337
229 349
229 363
230 268
230 280
230 286
230 328
230 337
230 338
230 343
231 321
231 324
231 332
231 334
231 335
231 336
231 351
231 373
232 278
232 299
232 309
232 312
232 313
232 318
232 329
232 331
232 333
232 334
232 336
232 339
232 340
232 346
232 350
232 366
232 369
233 280
233 310
233 314
233 335
233 349
233 352
233 360
234 310
234 315
234 320
234 323
234 326
234 331
234 332
234 334
234 335
234 344
234 351
234 378
235 265
235 272
235 312
235 323
235 326
235 335
235 353
236 253
236 283
236 290
236 293
236 304
236 307
236 325
236 337
236 340
237 293
237 302
237 304
237 317
237 323
237 325
237 326
237 333
237 336
237 337
237 351
238 280
238 281
238 295
238 299
238 306
238 309
238 315
238 316
238 325
238 328
238 340
238 341
238 349
238 350
239 279
239 288
239 307
239 321
239 324
239 328
239 330
239 337
239 338
239 355
239 357
239 364
240 291
240 317
240 321
240 324
240 333
240 334
240 336
240 340
240 342
240 347
240 348
240 354
240 367
241 288
241 300
241 308
241 312
241 314
241 315
241 317
241 318
241 322
241 328
241 329
241 330
241 333
241 334
241 338
241 340
241 342
241 344
241 345
241 346
241 348
241 354
241 378
242 289
242 306
242 307
242 308
242 311
242 319
242 323
242 325
242 326
242 327
242 330
242 334
242 337
242 342
242 343
242 354
242 355
242 356
242 364
243 303
243 309
243 313
243 314
243 315
243 317
243 321
243 322
243 325
243 330
243 331
243 334
243 335
243 341
243 344
243 345
243 350
244 260
244 283
244 304
244 308
244 311
244 313
244 316
244 317
244 320
244 321
244 323
244 326
244 327
244 328
244 329
244 333
244 336
244 341
244 344
244 346
244 350
244 366
245 295
245 298
245 307
245 309
245 313
245 316
245 318
245 319
245 330
245 333
245 334
245 338
245 353
245 362
245 373
246 285
246 294
246 299
246 305
246 308
246 311
246 314
246 316
246 321
246 322
246 325
246 327
246 330
246 331
246 333
246 340
246 349
246 351
247 279
247 285
247 288
247 297
247 299
247 302
247 303
247 304
247 307
247 310
247 311
247 313
247 314
247 316
247 320
247 322
247 324
247 325
247 326
247 328
247 329
247 330
247 332
247 334
247 335
247 337
247 339
247 340
247 346
247 352
247 355
248 275
248 288
248 296
248 303
248 308
248 309
248 310
248 316
248 318
248 319
248 320
248 324
248 326
248 332
248 337
248 341
248 342
248 343
248 345
248 352
248 353
248 366
249 291
249 306
249 307
249 308
249 309
249 311
249 312
249 313
249 315
249 320
249 324
249 325
249 326
249 328
249 331
249 334
249 335
249 338
249 340
249 342
249 347
249 351
249 354
249 362
250 285
250 301
250 303
250 304
250 307
250 309
250 312
250 313
250 315
250 316
250 317
250 318
250 324
250 327
250 328
250 330
250 331
250 333
250 335
250 336
250 340
250 343
250 344
250 345
250 348
250 362
250 364
251 274
251 289
251 295
251 299
251 302
251 308
251 309
251 312
251 313
251 317
251 321
251 323
251 327
251 331
251 337
251 339
251 342
251 347
251 351
251 353
251 354
251 355
251 356
251 361
251 365
251 366
251 369
251 381
252 279
252 282
252 292
252 297
252 303
252 313
252 315
252 316
252 317
252 319
252 320
252 323
252 324
252 329
252 334
252 336
252 337
252 339
252 346
252 349
252 352
252 361
252 364
252 371
253 292
253 302
253 303
253 306
253 307
253 309
253 310
253 311
253 313
253 320
253 322
253 325
253 326
253 328
253 329
253 330
253 331
253 333
253 336
253 337
253 338
253 348
253 357
253 363
253 387
254 295
254 300
254 306
254 313
254 320
254 322
254 325
254 328
254 330
254 333
254 340
254 343
254 349
254 350
254 353
254 358
254 363
254 365
255 279
255 290
255 297
255 301
255 302
255 303
255 306
255 309
255 313
255 316
255 317
255 320
255 321
255 322
255 325
255 326
255 331
255 334
255 337
255 343
255 345
255 348
255 350
255 352
255 354
255 360
256 261
256 270
256 276
256 283
256 292
256 293
256 300
256 303
256 304
256 306
256 307
256 308
256 309
256 310
256 315
256 316
256 317
256 318
256 319
256 320
256 321
256 326
256 327
256 328
256 331
256 334
256 335
256 337
256 340
256 341
256 344
256 346
256 351
256 352
256 353
256 354
256 357
256 361
256 369
257 287
257 293
257 295
257 297
257 301
257 303
257 311
257 314
257 315
257 316
257 318
257 321
257 322
257 323
257 324
257 326
257 327
257 328
257 330
257 334
257 335
257 338
257 342
257 343
257 351
257 353
257 355
257 358
257 359
257 360
258 269
258 273
258 279
258 291
258 293
258 297
258 299
258 301
258 305
258 306
258 308
258 313
258 314
258 316
258 317
258 319
258 323
258 325
258 327
258 328
258 332
258 333
258 337
258 341
258 343
258 353
258 354
258 355
258 356
258 361
258 363
258 375
258 388
259 266
259 268
259 280
259 296
259 300
259 301
259 302
259 307
259 308
259 313
259 316
259 319
259 325
259 327
259 329
259 331
259 332
259 334
259 336
259 341
259 343
259 346
259 348
259 349
259 350
259 354
259 356
259 358
259 359
259 371
259 395
260 273
260 281
260 287
260 292
260 299
260 304
260 306
260 312
260 313
260 316
260 317
260 318
260 319
260 320
260 323
260 325
260 326
260 327
260 329
260 332
260 333
260 334
260 336
260 338
260 346
260 347
260 348
260 350
260 351
260 355
260 361
260 362
261 289
261 292
261 294
261 297
261 300
261 307
261 309
261 313
261 314
261 317
261 319
261 322
261 324
261 325
261 329
261 332
261 339
261 341
261 342
261 343
261 347
261 352
261 353
261 356
261 359
261 365
261 371
261 373
262 267
262 276
262 289
262 290
262 292
262 294
262 297
262 299
262 300
262 302
262 303
262 305
262 308
262 310
262 313
262 316
262 317
262 320
262 322
262 324
262 325
262 328
262 330
262 331
262 338
262 343
262 348
262 352
262 359
262 361
262 369
263 282
263 288
263 289
263 296
263 298
263 299
263 300
263 302
263 304
263 306
263 308
263 310
263 311
263 312
263 314
263 315
263 317
263 318
263 319
263 320
263 321
263 322
263 328
263 330
263 334
263 335
263 336
263 337
263 338
263 339
263 341
263 342
263 344
263 345
263 347
263 349
263 355
263 356
263 357
263 358
263 361
263 380
263 394
264 256
264 280
264 288
264 289
264 293
264 294
264 296
264 299
264 301
264 303
264 308
264 310
264 314
264 316
264 319
264 323
264 324
264 326
264 328
264 332
264 335
264 339
264 345
264 349
264 351
264 353
264 354
264 358
264 363
264 368
264 371
264 374
265 267
265 276
265 279
265 286
265 287
265 289
265 292
265 294
265 296
265 297
265 299
265 303
265 304
265 307
265 311
265 313
265 315
265 317
265 319
265 320
265 322
265 323
265 326
265 329
265 331
265 335
265 338
265 344
265 350
265 352
265 354
265 357
265 363
265 382
266 263
266 264
266 278
266 284
266 287
266 289
266 292
266 293
266 294
266 298
266 301
266 302
266 304
266 306
266 310
266 312
266 316
266 317
266 318
266 320
266 321
266 323
266 324
266 333
266 335
266 337
266 340
266 341
266 342
266 345
266 347
266 348
266 352
266 357
266 359
266 360
266 366
266 383
267 255
267 283
267 289
267 290
267 293
267 305
267 310
267 311
267 314
267 315
267 322
267 323
267 325
267 328
267 329
267 330
267 331
267 332
267 333
267 335
267 337
267 340
267 344
267 346
267 347
267 351
267 352
267 360
267 366
267 370
267 371
267 379
268 267
268 273
268 276
268 280
268 281
268 287
268 289
268 292
268 293
268 297
268 298
268 301
268 303
268 307
268 312
268 315
268 317
268 318
268 319
268 321
268 323
268 328
268 331
268 335
268 339
268 347
268 349
268 351
268 354
268 361
268 370
269 253
269 266
269 277
269 283
269 295
269 297
269 298
269 303
269 305
269 309
269 310
269 311
269 313
269 315
269 317
269 321
269 322
269 323
269 327
269 328
269 329
269 331
269 332
269 333
269 335
269 337
269 339
269 340
269 341
269 342
269 345
269 351
269 353
269 354
269 356
269 357
269 360
269 366
269 372
270 265
270 272
270 282
270 287
270 289
270 292
270 293
270 295
270 298
270 299
270 300
270 301
270 302
270 303
270 306
270 308
270 310
270 312
270 317
270 319
270 321
270 324
270 325
270 326
270 327
270 331
270 333
270 334
270 336
270 337
270 343
270 345
270 348
270 351
270 355
270 372
271 274
271 278
271 284
271 285
271 287
271 288
271 289
271 291
271 292
271 293
271 299
271 303
271 317
271 319
271 324
271 326
271 327
271 331
271 333
271 337
271 338
271 340
271 342
271 360
271 363
271 365
271 391
272 272
272 273
272 275
272 276
272 279
272 280
272 283
272 286
272 288
272 291
272 295
272 301
272 302
272 303
272 305
272 306
272 308
272 310
272 312
272 313
272 314
272 315
272 316
272 319
272 321
272 323
272 325
272 326
272 327
272 332
272 334
272 335
272 336
272 337
272 338
272 339
272 344
272 347
272 348
272 349
272 350
272 352
272 357
272 359
272 371
272 372
272 373
273 260
273 263
273 264
273 275
273 289
273 290
273 293
273 296
273 300
273 304
273 307
273 313
273 314
273 315
273 321
273 323
273 325
273 327
273 328
273 329
273 336
273 338
273 341
273 342
273 344
273 349
273 350
273 356
273 358
273 359
273 367
273 375
273 377
273 393
274 253
274 257
274 276
274 280
274 284
274 285
274 286
274 290
274 292
274 293
274 303
274 305
274 309
274 313
274 314
274 315
274 318
274 319
274 321
274 323
274 325
274 326
274 327
274 329
274 330
274 331
274 333
274 334
274 337
274 338
274 339
274 341
274 344
274 345
274 346
274 347
274 349
274 351
274 353
274 363
274 366
275 271
275 275
275 278
275 279
275 282
275 284
275 289
275 290
275 293
275 294
275 296
275 297
275 301
275 304
275 305
275 307
275 308
275 309
275 310
275 312
275 314
275 317
275 319
275 320
275 322
275 326
275 327
275 328
275 329
275 332
275 333
275 334
275 335
275 336
275 337
275 338
275 340
275 342
275 345
275 346
275 353
275 358
275 363
275 364
276 261
276 264
276 265
276 269
276 273
276 277
276 280
276 281
276 282
276 285
276 287
276 290
276 292
276 293
276 296
276 297
276 300
276 301
276 305
276 306
276 307
276 308
276 310
276 311
276 312
276 314
276 315
276 316
276 318
276 319
276 321
276 323
276 329
276 332
276 333
276 335
276 336
276 337
276 338
276 339
276 342
276 344
276 346
276 351
276 355
276 361
276 374
277 261
277 264
277 269
277 275
277 280
277 287
277 288
277 293
277 294
277 298
277 308
277 310
277 318
277 320
277 323
277 325
277 326
277 327
277 329
277 332
277 333
277 334
277 335
277 336
277 337
277 343
277 344
277 345
277 346
277 347
277 349
277 352
277 353
277 354
277 364
277 365
277 370
278 264
278 266
278 269
278 275
278 276
278 277
278 279
278 293
278 294
278 299
278 303
278 304
278 307
278 310
278 312
278 315
278 316
278 317
278 319
278 320
278 323
278 325
278 329
278 331
278 333
278 334
278 335
278 341
278 345
278 346
278 349
278 352
278 359
278 365
278 367
278 373
279 261
279 264
279 268
279 275
279 277
279 280
279 282
279 290
279 293
279 295
279 301
279 308
279 310
279 312
279 316
279 318
279 319
279 321
279 322
279 323
279 324
279 325
279 327
279 330
279 331
279 332
279 333
279 336
279 337
279 340
279 341
279 342
279 346
279 348
279 349
279 353
279 358
279 370
279 371
280 256
280 262
280 268
280 270
280 273
280 274
280 275
280 282
280 287
280 288
280 290
280 291
280 292
280 294
280 295
280 296
280 299
280 300
280 301
280 302
280 303
280 308
280 318
280 320
280 321
280 324
280 326
280 327
280 329
280 330
280 331
280 332
280 340
280 342
280 344
280 345
280 347
280 349
280 354
280 362
280 365
280 371
281 272
281 273
281 275
281 280
281 283
281 287
281 291
281 294
281 300
281 303
281 310
281 312
281 315
281 319
281 323
281 324
281 332
281 334
281 335
281 336
281 337
281 345
281 346
281 353
281 366
282 255
282 261
282 266
282 268
282 269
282 272
282 275
282 278
282 282
282 283
282 285
282 288
282 289
282 297
282 298
282 300
282 301
282 302
282 306
282 307
282 311
282 312
282 316
282 318
282 319
282 321
282 322
282 323
282 326
282 327
282 329
282 330
282 331
282 335
282 337
282 338
282 340
282 341
282 342
282 343
282 344
282 345
282 346
282 350
282 352
282 353
282 367
283 261
283 265
283 269
283 272
283 279
283 282
283 287
283 291
283 293
283 298
283 304
283 308
283 309
283 311
283 315
283 317
283 322
283 324
283 327
283 328
283 334
283 338
283 341
283 348
283 357
283 358
283 360
283 370
283 383
284 251
284 274
284 277
284 280
284 282
284 283
284 287
284 288
284 289
284 292
284 293
284 298
284 301
284 302
284 303
284 304
284 309
284 312
284 314
284 316
284 318
284 320
284 324
284 326
284 328
284 330
284 334
284 336
284 339
284 340
284 343
284 345
284 347
284 349
284 353
284 359
284 368
284 372
285 275
285 278
285 284
285 285
285 296
285 304
285 305
285 306
285 310
285 312
285 318
285 322
285 327
285 331
285 335
285 336
285 338
285 342
285 343
285 344
285 349
285 350
285 351
285 354
285 356
285 367
285 372
285 380
286 241
286 255
286 262
286 263
286 264
286 265
286 267
286 272
286 274
286 275
286 282
286 288
286 295
286 297
286 298
286 301
286 302
286 305
286 308
286 310
286 314
286 320
286 322
286 324
286 325
286 327
286 329
286 330
286 331
286 332
286 336
286 338
286 340
286 341
286 346
286 347
286 349
286 365
287 252
287 259
287 261
287 262
287 280
287 282
287 285
287 286
287 287
287 303
287 304
287 306
287 311
287 316
287 317
287 327
287 329
287 332
287 334
287 335
287 340
287 346
287 355
287 356
287 359
287 361
288 266
288 268
288 270
288 280
288 281
288 283
288 285
288 291
288 295
288 296
288 297
288 298
288 299
288 300
288 305
288 306
288 308
288 309
288 310
288 313
288 317
288 319
288 321
288 324
288 326
288 336
288 338
288 339
288 340
288 341
288 342
288 344
288 346
288 350
288 351
288 361
288 366
288 378
289 252
289 258
289 261
289 264
289 271
289 287
289 290
289 292
289 296
289 300
289 311
289 313
289 317
289 319
289 328
289 330
289 337
289 340
289 343
289 344
289 345
289 346
289 347
289 348
289 352
289 359
290 255
290 259
290 267
290 274
290 277
290 281
290 293
290 297
290 298
290 301
290 307
290 309
290 314
290 321
290 322
290 324
290 325
290 333
290 335
290 337
290 339
290 346
290 353
290 354
290 357
291 258
291 265
291 266
291 269
291 271
291 275
291 289
291 290
291 291
291 296
291 298
291 299
291 306
291 310
291 320
291 321
291 326
291 328
291 329
291 330
291 331
291 339
291 341
291 344
291 345
291 346
291 347
291 348
291 353
291 358
291 365
292 256
292 258
292 259
292 264
292 273
292 274
292 278
292 280
292 283
292 289
292 300
292 301
292 302
292 310
292 312
292 314
292 315
292 318
292 319
292 320
292 321
292 323
292 324
292 328
292 329
292 330
292 331
292 332
292 334
292 339
292 341
292 342
292 344
292 345
292 346
292 349
292 353
292 354
292 360
292 361
292 365
293 257
293 262
293 264
293 269
293 272
293 273
293 274
293 276
293 295
293 299
293 301
293 303
293 309
293 311
293 315
293 316
293 317
293 322
293 324
293 335
293 338
293 344
293 347
293 348
293 350
293 357
293 384
294 254
294 278
294 285
294 288
294 289
294 291
294 297
294 299
294 302
294 303
294 308
294 310
294 312
294 319
294 320
294 321
294 322
294 323
294 326
294 327
294 330
294 331
294 334
294 336
294 341
294 343
294 345
294 346
294 354
294 355
294 366
294 367
294 371
295 262
295 266
295 279
295 284
295 286
295 287
295 288
295 290
295 296
295 299
295 302
295 305
295 306
295 310
295 312
295 314
295 315
295 317
295 324
295 328
295 333
295 338
295 342
295 349
295 358
295 361
296 258
296 260
296 261
296 264
296 266
296 273
296 284
296 294
296 298
296 304
296 308
296 310
296 312
296 313
296 314
296 319
296 321
296 324
296 325
296 328
296 329
296 330
296 331
296 335
296 336
296 338
296 342
296 345
296 347
296 349
296 352
296 358
296 359
296 365
296 371
297 261
297 265
297 279
297 287
297 290
297 294
297 296
297 308
297 309
297 313
297 316
297 317
297 319
297 322
297 329
297 337
297 341
297 348
297 353
297 354
297 358
297 362
297 363
298 250
298 254
298 262
298 270
298 275
298 290
298 291
298 294
298 298
298 302
298 304
298 310
298 311
298 313
298 316
298 321
298 322
298 325
298 329
298 334
298 337
298 340
298 342
298 344
298 348
298 352
298 369
299 266
299 286
299 287
299 291
299 300
299 301
299 303
299 305
299 306
299 308
299 310
299 317
299 319
299 325
299 328
299 334
299 340
299 356
299 358
300 245
300 264
300 276
300 284
300 285
300 291
300 298
300 300
300 301
300 306
300 307
300 310
300 312
300 314
300 317
300 322
300 324
300 330
300 331
300 332
300 335
300 337
300 341
300 345
300 361
300 378
301 259
301 261
301 268
301 285
301 287
301 291
301 296
301 300
301 302
301 304
301 310
301 311
301 314
301 316
301 320
301 321
301 328
301 329
301 334
301 337
301 341
301 344
301 346
301 349
301 350
302 237
302 252
302 254
302 271
302 305
302 307
302 309
302 313
302 314
302 317
302 320
302 323
302 324
302 327
302 330
302 331
302 341
303 272
303 281
303 282
303 285
303 290
303 291
303 301
303 304
303 307
303 309
303 311
303 317
303 318
303 325
303 326
303 334
303 335
303 338
303 345
303 346
303 352
303 355
303 356
304 255
304 290
304 291
304 296
304 297
304 309
304 313
304 318
304 323
304 332
304 333
304 340
304 343
304 355
304 359
304 382
305 252
305 253
305 266
305 270
305 278
305 282
305 285
305 286
305 292
305 297
305 298
305 305
305 309
305 313
305 316
305 317
305 319
305 326
305 328
305 330
305 333
305 338
305 344
305 347
305 348
305 350
305 354
305 360
305 369
306 241
306 262
306 265
306 279
306 280
306 287
306 289
306 299
306 302
306 309
306 319
306 321
306 326
306 327
306 331
306 334
306 340
306 342
306 343
306 344
306 354
306 356
307 275
307 284
307 288
307 290
307 292
307 300
307 301
307 310
307 314
307 319
307 326
307 328
307 331
307 334
307 335
307 336
307 343
307 346
307 368
308 253
308 261
308 263
308 267
308 276
308 278
308 285
308 293
308 295
308 297
308 306
308 311
308 313
308 315
308 317
308 318
308 321
308 325
308 329
308 335
308 339
308 348
308 349
309 262
309 266
309 271
309 279
309 283
309 284
309 287
309 295
309 296
309 302
309 306
309 307
309 319
309 323
309 325
309 330
309 336
309 346
310 258
310 263
310 277
310 285
310 287
310 289
310 302
310 305
310 309
310 317
310 318
310 322
310 325
310 326
310 328
310 332
310 348
310 351
311 273
311 289
311 290
311 300
311 301
311 302
311 303
311 311
311 312
311 315
311 318
311 320
311 333
311 341
311 348
311 349
311 359
312 253
312 273
312 274
312 287
312 288
312 291
312 309
312 310
312 314
312 318
312 323
312 324
312 328
312 336
313 252
313 262
313 264
313 276
313 277
313 280
313 281
313 288
313 292
313 303
313 320
313 330
313 333
313 334
313 336
313 356
314 262
314 272
314 276
314 290
314 296
314 297
314 300
314 301
314 305
314 309
314 311
314 314
314 315
314 319
314 328
314 347
314 348
314 350
314 351
314 360
315 259
315 268
315 274
315 287
315 292
315 296
315 297
315 304
315 311
315 313
315 317
315 324
315 326
315 327
315 329
315 335
315 360
316 266
316 276
316 282
316 294
316 300
316 306
316 309
316 316
316 324
316 327
316 329
316 343
316 350
317 255
317 284
317 287
317 298
317 300
317 309
317 310
317 311
317 319
317 321
317 331
318 268
318 272
318 276
318 294
318 307
318 308
318 311
318 320
318 331
319 263
319 271
319 274
319 303
319 311
319 315
319 319
320 261
320 279
320 286
320 288
320 295
320 300
320 306
320 321
320 353
321 232
321 259
321 261
321 296
321 297
321 298
321 308
321 312
321 316
321 317
321 319
321 332
321 346
321 365
322 268
322 276
322 300
322 311
322 334
322 365
323 274
323 276
323 278
323 291
323 294
323 307
323 311
323 312
323 318
324 265
324 303
324 315
324 318
325 270
325 283
325 314
325 323
326 267
326 311
326 335
327 259
327 312
328 272
328 308
328 316
328 331
329 260
329 266
329 291
329 308
329 310
329 313
329 316
329 317
329 318
329 321
330 260
330 275
330 279
330 285
330 299
330 328
331 271
331 275
331 310
332 260
332 300
332 307
333 320
334 275
334 278
334 315
336 279
336 319
337 323
337 329
338 257
338 273
338 297
338 338
339 262
339 283
339 297
340 276
340 285
340 289
340 296
340 300
340 338
341 325
342 289
343 279
355 296
355 297
