601
189 343
198 360
200 356
201 342
205 296
207 281
207 318
207 331
207 339
209 281
209 326
209 331
210 290
210 332
210 338
211 328
212 298
212 321
213 330
213 338
214 307
214 338
214 340
214 343
214 349
215 329
215 330
215 332
215 335
215 336
215 337
215 340
215 341
216 370
217 312
217 315
217 316
217 325
217 326
217 340
217 344
218 332
218 333
218 344
218 345
218 370
219 278
219 304
219 315
219 323
219 324
219 325
219 326
219 328
219 330
219 342
219 344
219 370
220 317
220 320
220 327
220 328
220 333
220 342
220 347
221 300
221 309
221 326
221 330
221 334
221 342
221 343
221 367
222 281
222 284
222 297
222 317
222 319
222 320
222 321
222 324
222 332
222 340
223 287
223 313
223 317
223 319
223 335
223 353
223 357
223 366
224 308
224 333
224 337
224 338
224 339
224 340
224 342
224 343
224 344
224 346
224 349
224 354
224 358
224 371
224 378
225 286
225 298
225 299
225 301
225 314
225 317
225 319
225 321
225 323
225 327
225 330
225 333
225 341
225 347
225 350
225 355
226 280
226 293
226 316
226 317
226 319
226 321
226 323
226 329
226 333
226 334
226 335
226 341
226 344
226 353
226 358
226 376
227 282
227 293
227 311
227 316
227 320
227 321
227 323
227 325
227 326
227 327
227 331
227 336
227 337
227 341
228 288
228 301
228 305
228 306
228 312
228 316
228 319
228 320
228 322
228 323
228 325
228 329
228 330
228 332
228 338
228 342
228 345
228 346
228 350
228 355
229 283
229 287
229 290
229 309
229 311
229 313
229 314
229 318
229 320
229 325
229 327
229 328
229 330
229 331
229 332
229 334
229 335
229 336
229 347
229 353
229 355
229 380
230 289
230 300
230 302
230 306
230 314
230 316
230 320
230 321
230 323
230 324
230 325
230 326
230 329
230 335
230 337
230 338
230 341
230 343
230 349
230 352
230 355
231 263
231 283
231 290
231 299
231 309
231 310
231 311
231 314
231 315
231 317
231 323
231 324
231 325
231 326
231 328
231 329
231 330
231 332
231 334
231 338
231 339
231 340
231 341
231 345
231 346
231 347
231 352
232 283
232 285
232 287
232 291
232 297
232 300
232 310
232 312
232 314
232 316
232 318
232 320
232 321
232 325
232 326
232 327
232 328
232 330
232 331
232 332
232 334
232 339
232 343
232 345
232 353
233 291
233 297
233 300
233 304
233 309
233 312
233 313
233 314
233 317
233 319
233 321
233 323
233 324
233 325
233 327
233 328
233 330
233 333
233 334
233 335
233 337
233 338
233 339
233 340
233 341
233 344
233 345
233 346
233 347
233 350
233 351
233 354
233 365
233 368
234 283
234 284
234 285
234 286
234 293
234 298
234 299
234 306
234 307
234 314
234 316
234 318
234 319
234 320
234 321
234 322
234 325
234 328
234 329
234 330
234 332
234 334
234 335
234 338
234 342
234 343
234 344
234 349
234 350
234 351
234 353
234 355
234 356
234 359
234 368
235 281
235 289
235 290
235 294
235 295
235 297
235 300
235 302
235 303
235 304
235 308
235 309
235 311
235 312
235 317
235 320
235 322
235 323
235 325
235 326
235 328
235 331
235 332
235 333
235 337
235 343
235 344
235 345
235 346
235 348
235 365
236 277
236 280
236 284
236 290
236 293
236 297
236 299
236 300
236 302
236 305
236 307
236 311
236 316
236 319
236 322
236 323
236 325
236 328
236 329
236 331
236 332
236 334
236 338
236 340
236 341
236 343
236 344
236 350
236 351
236 360
237 274
237 276
237 293
237 296
237 301
237 305
237 306
237 308
237 310
237 311
237 314
237 319
237 320
237 321
237 322
237 326
237 327
237 328
237 329
237 330
237 332
237 333
237 337
237 340
237 342
237 344
237 348
237 354
237 356
237 368
237 373
237 381
238 249
238 283
238 288
238 293
238 296
238 297
238 299
238 300
238 303
238 307
238 308
238 310
238 312
238 314
238 315
238 320
238 321
238 323
238 325
238 327
238 331
238 332
238 333
238 334
238 335
238 336
238 338
238 339
238 341
238 342
238 343
238 344
238 347
238 348
238 349
238 350
238 352
238 355
238 357
238 360
239 275
239 278
239 279
239 280
239 287
239 289
239 296
239 297
239 299
239 300
239 302
239 306
239 309
239 310
239 313
239 316
239 317
239 318
239 321
239 323
239 327
239 328
239 331
239 332
239 333
239 335
239 336
239 339
239 341
239 342
239 344
239 345
239 347
239 362
239 364
239 365
239 366
239 367
239 384
240 244
240 268
240 272
240 279
240 284
240 286
240 287
240 289
240 291
240 292
240 295
240 297
240 300
240 302
240 303
240 304
240 305
240 307
240 309
240 311
240 312
240 313
240 314
240 315
240 317
240 319
240 322
240 323
240 324
240 325
240 328
240 329
240 331
240 332
240 334
240 336
240 337
240 338
240 339
240 340
240 341
240 343
240 348
240 352
240 359
240 382
241 241
241 275
241 278
241 285
241 288
241 289
241 291
241 293
241 294
241 298
241 299
241 306
241 307
241 309
241 314
241 317
241 319
241 320
241 321
241 322
241 323
241 326
241 327
241 330
241 331
241 332
241 333
241 335
241 336
241 337
241 338
241 339
241 341
241 342
241 344
241 345
241 350
241 351
241 352
241 355
241 357
241 359
241 360
241 364
241 370
241 371
242 248
242 279
242 280
242 284
242 285
242 286
242 288
242 289
242 292
242 296
242 300
242 301
242 302
242 305
242 309
242 310
242 311
242 312
242 313
242 314
242 316
242 318
242 319
242 320
242 322
242 323
242 326
242 328
242 332
242 333
242 334
242 335
242 338
242 339
242 340
242 341
242 343
242 345
242 346
242 348
242 349
242 350
242 352
242 361
242 365
243 275
243 283
243 284
243 294
243 299
243 300
243 301
243 303
243 308
243 311
243 312
243 314
243 315
243 317
243 319
243 320
243 321
243 322
243 323
243 328
243 330
243 331
243 332
243 335
243 336
243 337
243 338
243 339
243 341
243 342
243 345
243 346
243 347
243 348
243 350
243 353
243 376
244 265
244 278
244 281
244 287
244 291
244 292
244 293
244 294
244 296
244 298
244 299
244 300
244 301
244 302
244 303
244 305
244 306
244 307
244 309
244 310
244 311
244 313
244 314
244 316
244 317
244 318
244 319
244 324
244 325
244 326
244 327
244 328
244 331
244 332
244 333
244 334
244 335
244 336
244 337
244 338
244 339
244 342
244 343
244 344
244 350
244 359
244 360
244 361
244 365
244 370
244 373
244 390
245 252
245 278
245 284
245 286
245 288
245 289
245 290
245 292
245 294
245 296
245 298
245 299
245 304
245 307
245 309
245 310
245 312
245 313
245 315
245 316
245 318
245 319
245 321
245 322
245 324
245 328
245 329
245 330
245 332
245 333
245 334
245 335
245 336
245 338
245 339
245 341
245 342
245 344
245 345
245 349
245 350
245 355
245 362
245 365
245 367
245 378
246 244
246 249
246 262
246 269
246 273
246 276
246 279
246 286
246 288
246 297
246 302
246 304
246 305
246 306
246 308
246 309
246 311
246 312
246 315
246 317
246 318
246 319
246 320
246 322
246 323
246 324
246 325
246 326
246 327
246 328
246 331
246 332
246 333
246 334
246 335
246 336
246 337
246 340
246 341
246 342
246 344
246 346
246 347
246 348
246 349
246 352
246 355
246 357
246 360
246 364
246 368
246 379
246 398
247 246
247 269
247 280
247 284
247 288
247 290
247 294
247 295
247 299
247 300
247 302
247 303
247 306
247 307
247 308
247 309
247 313
247 315
247 317
247 319
247 321
247 322
247 323
247 325
247 326
247 327
247 331
247 333
247 336
247 338
247 339
247 341
247 342
247 343
247 348
247 349
247 350
247 351
247 353
247 354
247 359
247 360
247 365
247 366
247 371
247 374
247 378
247 386
248 260
248 265
248 267
248 282
248 283
248 286
248 287
248 290
248 292
248 293
248 295
248 296
248 299
248 302
248 303
248 304
248 305
248 314
248 315
248 316
248 317
248 319
248 324
248 327
248 328
248 329
248 330
248 331
248 333
248 334
248 335
248 337
248 339
248 342
248 344
248 345
248 346
248 347
248 348
248 349
248 350
248 354
248 357
248 359
248 361
248 362
248 369
248 401
249 274
249 277
249 284
249 286
249 289
249 290
249 291
249 292
249 294
249 296
249 298
249 299
249 302
249 303
249 304
249 305
249 307
249 308
249 310
249 311
249 315
249 316
249 317
249 319
249 320
249 321
249 325
249 326
249 328
249 330
249 333
249 337
249 338
249 339
249 340
249 342
249 343
249 344
249 346
249 347
249 348
249 349
249 351
249 354
249 356
249 362
249 363
249 364
249 367
249 370
249 379
250 258
250 266
250 268
250 271
250 274
250 280
250 282
250 283
250 285
250 287
250 289
250 292
250 293
250 297
250 298
250 303
250 304
250 305
250 306
250 307
250 311
250 312
250 314
250 315
250 316
250 317
250 319
250 322
250 324
250 327
250 329
250 333
250 334
250 335
250 337
250 338
250 339
250 340
250 341
250 342
250 344
250 345
250 346
250 348
250 351
250 352
250 353
250 354
250 359
250 360
250 364
250 374
250 377
250 395
251 243
251 279
251 284
251 287
251 289
251 292
251 294
251 296
251 297
251 299
251 301
251 302
251 308
251 309
251 310
251 311
251 313
251 314
251 315
251 316
251 317
251 318
251 319
251 320
251 321
251 322
251 324
251 327
251 328
251 330
251 331
251 332
251 337
251 339
251 342
251 343
251 344
251 345
251 347
251 348
251 350
251 354
251 355
251 356
251 358
251 360
251 362
251 371
251 385
251 402
252 244
252 271
252 272
252 275
252 280
252 284
252 288
252 289
252 290
252 294
252 296
252 297
252 299
252 300
252 302
252 303
252 304
252 305
252 307
252 308
252 312
252 314
252 315
252 317
252 318
252 319
252 320
252 323
252 324
252 325
252 326
252 327
252 329
252 331
252 333
252 337
252 339
252 340
252 342
252 343
252 345
252 346
252 348
252 349
252 350
252 352
252 355
252 357
252 360
252 365
252 369
252 378
253 267
253 273
253 280
253 282
253 283
253 287
253 290
253 292
253 293
253 297
253 298
253 301
253 302
253 303
253 304
253 308
253 310
253 311
253 312
253 313
253 315
253 317
253 318
253 319
253 320
253 323
253 324
253 325
253 326
253 328
253 329
253 330
253 331
253 332
253 333
253 335
253 336
253 338
253 339
253 340
253 341
253 343
253 346
253 350
253 351
253 353
253 355
253 357
253 359
253 362
253 363
253 367
253 371
253 374
254 248
254 276
254 281
254 287
254 289
254 290
254 291
254 292
254 293
254 294
254 295
254 297
254 298
254 299
254 301
254 302
254 305
254 307
254 309
254 314
254 315
254 317
254 319
254 320
254 321
254 322
254 323
254 324
254 325
254 327
254 330
254 331
254 332
254 334
254 337
254 338
254 339
254 340
254 341
254 343
254 344
254 345
254 346
254 347
254 348
254 349
254 350
254 351
254 352
254 353
254 356
254 359
254 360
254 361
254 362
254 365
254 366
254 369
254 377
254 396
254 397
255 245
255 272
255 275
255 279
255 282
255 285
255 287
255 289
255 292
255 293
255 295
255 296
255 299
255 301
255 303
255 304
255 306
255 307
255 309
255 310
255 311
255 312
255 313
255 316
255 317
255 318
255 319
255 320
255 321
255 322
255 323
255 324
255 325
255 326
255 328
255 329
255 331
255 334
255 335
255 336
255 337
255 340
255 341
255 342
255 346
255 347
255 348
255 350
255 351
255 353
255 355
255 357
255 360
255 361
255 366
255 370
255 371
255 375
255 392
256 247
256 254
256 264
256 276
256 282
256 283
256 286
256 287
256 289
256 290
256 291
256 292
256 294
256 295
256 296
256 298
256 299
256 301
256 302
256 305
256 306
256 307
256 308
256 314
256 316
256 318
256 322
256 323
256 324
256 325
256 326
256 328
256 330
256 331
256 332
256 333
256 334
256 335
256 338
256 339
256 340
256 344
256 348
256 350
256 351
256 352
256 353
256 356
256 357
256 359
256 363
256 366
256 367
256 369
256 374
256 397
256 398
257 259
257 272
257 277
257 278
257 284
257 285
257 287
257 288
257 290
257 292
257 295
257 299
257 300
257 301
257 303
257 305
257 306
257 307
257 308
257 309
257 310
257 311
257 312
257 313
257 314
257 316
257 317
257 320
257 321
257 322
257 326
257 328
257 330
257 331
257 332
257 333
257 334
257 335
257 336
257 338
257 341
257 342
257 343
257 344
257 346
257 347
257 348
257 350
257 351
257 355
257 357
257 360
257 362
257 364
257 365
257 369
257 372
257 373
257 388
258 255
258 260
258 266
258 269
258 272
258 273
258 275
258 276
258 279
258 281
258 282
258 283
258 285
258 288
258 289
258 291
258 292
258 294
258 295
258 296
258 297
258 298
258 299
258 300
258 301
258 302
258 303
258 304
258 305
258 311
258 313
258 314
258 315
258 316
258 317
258 318
258 319
258 323
258 324
258 325
258 327
258 328
258 329
258 331
258 333
258 334
258 335
258 336
258 338
258 339
258 340
258 342
258 343
258 344
258 346
258 347
258 349
258 353
258 354
258 357
258 366
258 367
258 372
258 375
258 376
258 410
259 254
259 264
259 275
259 279
259 282
259 284
259 285
259 286
259 290
259 291
259 293
259 294
259 296
259 297
259 301
259 302
259 303
259 306
259 307
259 308
259 309
259 310
259 312
259 314
259 315
259 317
259 319
259 320
259 321
259 322
259 323
259 324
259 325
259 326
259 327
259 328
259 330
259 331
259 333
259 334
259 335
259 336
259 337
259 338
259 340
259 342
259 343
259 344
259 345
259 346
259 347
259 350
259 351
259 352
259 353
259 355
259 356
259 359
259 360
259 361
259 363
259 364
259 370
259 375
259 386
260 250
260 262
260 274
260 278
260 280
260 283
260 286
260 288
260 289
260 290
260 292
260 296
260 300
260 301
260 302
260 303
260 304
260 305
260 306
260 307
260 308
260 309
260 310
260 311
260 314
260 318
260 320
260 322
260 323
260 324
260 325
260 326
260 329
260 330
260 331
260 332
260 334
260 335
260 336
260 337
260 338
260 339
260 340
260 343
260 344
260 345
260 347
260 348
260 349
260 350
260 351
260 352
260 354
260 355
260 360
260 362
260 363
260 365
260 367
260 370
260 386
261 254
261 266
261 268
261 269
261 272
261 278
261 284
261 285
261 288
261 292
261 293
261 294
261 295
261 296
261 298
261 299
261 301
261 302
261 303
261 304
261 306
261 307
261 308
261 309
261 310
261 313
261 316
261 317
261 318
261 320
261 322
261 323
261 324
261 325
261 326
261 328
261 329
261 330
261 331
261 332
261 333
261 335
261 336
261 337
261 338
261 340
261 341
261 344
261 345
261 346
261 347
261 348
261 349
261 350
261 351
261 352
261 354
261 356
261 357
261 360
261 361
261 365
261 367
261 373
262 266
262 268
262 277
262 279
262 281
262 283
262 284
262 286
262 287
262 288
262 290
262 292
262 294
262 298
262 302
262 307
262 308
262 309
262 310
262 312
262 313
262 314
262 315
262 316
262 317
262 318
262 319
262 320
262 321
262 322
262 323
262 326
262 327
262 328
262 329
262 330
262 331
262 333
262 335
262 336
262 337
262 338
262 340
262 342
262 343
262 344
262 346
262 347
262 348
262 349
262 351
262 354
262 356
262 357
262 360
262 364
262 365
262 367
262 369
262 371
262 375
262 382
263 254
263 255
263 266
263 272
263 276
263 278
263 279
263 280
263 284
263 287
263 289
263 291
263 293
263 296
263 297
263 298
263 299
263 300
263 304
263 306
263 307
263 309
263 310
263 311
263 312
263 313
263 314
263 316
263 319
263 320
263 322
263 323
263 324
263 326
263 327
263 329
263 332
263 333
263 334
263 338
263 339
263 346
263 347
263 351
263 352
263 355
263 358
263 359
263 360
263 362
263 363
263 369
263 370
263 373
263 374
263 380
264 249
264 251
264 257
264 262
264 273
264 276
264 278
264 282
264 283
264 287
264 288
264 290
264 291
264 294
264 295
264 297
264 300
264 302
264 303
264 305
264 309
264 310
264 312
264 313
264 315
264 317
264 321
264 322
264 323
264 324
264 325
264 326
264 327
264 329
264 330
264 331
264 332
264 335
264 336
264 337
264 338
264 342
264 343
264 344
264 345
264 346
264 348
264 351
264 352
264 353
264 354
264 357
264 360
264 363
264 369
264 373
264 376
264 407
265 260
265 266
265 268
265 270
265 277
265 278
265 280
265 284
265 285
265 289
265 290
265 291
265 292
265 293
265 294
265 296
265 297
265 301
265 303
265 307
265 308
265 309
265 311
265 312
265 315
265 316
265 318
265 319
265 320
265 321
265 323
265 324
265 325
265 327
265 329
265 330
265 334
265 337
265 339
265 341
265 343
265 344
265 345
265 350
265 351
265 355
265 357
265 359
265 361
265 362
265 365
265 366
265 376
265 386
265 406
266 247
266 250
266 262
266 267
266 270
266 272
266 274
266 275
266 278
266 281
266 283
266 284
266 287
266 288
266 289
266 293
266 294
266 295
266 297
266 301
266 303
266 304
266 305
266 306
266 307
266 308
266 311
266 312
266 315
266 317
266 318
266 319
266 320
266 321
266 322
266 323
266 324
266 325
266 326
266 327
266 328
266 329
266 330
266 331
266 332
266 335
266 339
266 346
266 348
266 349
266 351
266 352
266 355
266 356
266 357
266 358
266 359
266 360
266 367
266 368
266 371
266 387
266 388
267 257
267 265
267 266
267 269
267 270
267 272
267 275
267 277
267 279
267 281
267 282
267 285
267 287
267 289
267 290
267 291
267 292
267 294
267 295
267 296
267 298
267 300
267 301
267 302
267 303
267 306
267 308
267 309
267 310
267 311
267 312
267 313
267 314
267 315
267 316
267 317
267 318
267 319
267 320
267 321
267 322
267 324
267 325
267 326
267 327
267 328
267 330
267 331
267 332
267 333
267 337
267 338
267 339
267 340
267 345
267 346
267 347
267 348
267 349
267 351
267 352
267 353
267 357
267 359
267 360
267 363
267 365
267 366
267 368
267 375
267 410
268 260
268 265
268 271
268 278
268 280
268 281
268 283
268 285
268 287
268 288
268 289
268 294
268 296
268 299
268 304
268 308
268 311
268 314
268 315
268 316
268 317
268 318
268 319
268 320
268 321
268 322
268 323
268 324
268 328
268 330
268 332
268 333
268 334
268 336
268 337
268 338
268 340
268 342
268 344
268 347
268 349
268 352
268 354
268 357
268 361
268 364
268 365
268 369
268 389
268 408
269 257
269 259
269 265
269 273
269 274
269 278
269 279
269 280
269 281
269 282
269 283
269 285
269 287
269 288
269 291
269 292
269 295
269 296
269 297
269 298
269 299
269 300
269 301
269 302
269 303
269 304
269 305
269 306
269 307
269 310
269 312
269 313
269 314
269 315
269 316
269 317
269 318
269 319
269 320
269 321
269 322
269 323
269 324
269 325
269 328
269 329
269 333
269 334
269 335
269 336
269 337
269 338
269 339
269 340
269 342
269 343
269 344
269 345
269 346
269 348
269 349
269 350
269 351
269 352
269 353
269 355
269 356
269 357
269 359
269 360
269 363
269 369
269 375
269 379
269 386
270 246
270 261
270 264
270 266
270 269
270 273
270 275
270 277
270 278
270 285
270 288
270 289
270 291
270 293
270 297
270 298
270 301
270 302
270 303
270 304
270 305
270 306
270 308
270 309
270 311
270 312
270 314
270 317
270 318
270 319
270 320
270 323
270 324
270 325
270 326
270 327
270 329
270 333
270 334
270 335
270 336
270 337
270 338
270 341
270 345
270 347
270 351
270 352
270 354
270 357
270 360
270 362
270 365
270 367
270 374
270 407
270 411
271 247
271 265
271 269
271 271
271 272
271 273
271 275
271 279
271 281
271 283
271 285
271 287
271 290
271 291
271 294
271 296
271 301
271 302
271 303
271 304
271 311
271 314
271 316
271 317
271 318
271 319
271 321
271 322
271 324
271 325
271 326
271 327
271 328
271 329
271 331
271 332
271 333
271 334
271 335
271 338
271 339
271 341
271 342
271 343
271 344
271 345
271 347
271 348
271 350
271 354
271 358
271 364
271 369
271 370
271 374
271 383
271 406
272 260
272 262
272 269
272 271
272 272
272 273
272 278
272 282
272 284
272 287
272 289
272 292
272 296
272 298
272 299
272 300
272 301
272 302
272 303
272 304
272 306
272 311
272 312
272 313
272 314
272 315
272 316
272 317
272 318
272 319
272 320
272 321
272 322
272 323
272 325
272 326
272 327
272 329
272 330
272 331
272 332
272 333
272 334
272 335
272 336
272 337
272 338
272 340
272 341
272 343
272 345
272 347
272 349
272 350
272 351
272 352
272 353
272 357
272 358
272 362
272 363
272 366
272 371
272 379
272 382
273 248
273 255
273 256
273 258
273 261
273 262
273 264
273 266
273 268
273 270
273 271
273 275
273 277
273 278
273 280
273 281
273 282
273 284
273 287
273 288
273 290
273 291
273 292
273 297
273 298
273 299
273 300
273 301
273 302
273 303
273 307
273 308
273 309
273 310
273 313
273 314
273 315
273 316
273 317
273 318
273 321
273 323
273 324
273 326
273 327
273 328
273 329
273 330
273 331
273 332
273 333
273 335
273 336
273 337
273 339
273 340
273 341
273 342
273 343
273 345
273 346
273 349
273 351
273 353
273 355
273 356
273 357
273 361
273 362
273 363
273 364
273 368
273 375
274 235
274 255
274 258
274 260
274 263
274 265
274 266
274 270
274 277
274 278
274 279
274 280
274 282
274 283
274 284
274 285
274 287
274 289
274 292
274 293
274 295
274 296
274 300
274 303
274 304
274 305
274 306
274 307
274 308
274 309
274 310
274 312
274 314
274 315
274 316
274 317
274 318
274 319
274 320
274 321
274 322
274 323
274 324
274 326
274 327
274 328
274 329
274 330
274 331
274 332
274 334
274 335
274 337
274 338
274 341
274 342
274 344
274 347
274 349
274 350
274 351
274 355
274 359
274 360
274 364
274 366
274 369
275 239
275 258
275 266
275 267
275 275
275 281
275 286
275 287
275 289
275 290
275 291
275 298
275 300
275 301
275 303
275 304
275 306
275 308
275 310
275 312
275 313
275 315
275 316
275 317
275 318
275 320
275 321
275 323
275 325
275 327
275 328
275 329
275 330
275 331
275 332
275 333
275 334
275 336
275 337
275 338
275 339
275 340
275 341
275 342
275 343
275 344
275 347
275 349
275 350
275 352
275 360
275 361
275 363
275 370
275 374
275 378
275 387
276 253
276 254
276 260
276 261
276 263
276 265
276 266
276 268
276 270
276 271
276 273
276 274
276 275
276 276
276 277
276 281
276 283
276 284
276 285
276 287
276 288
276 289
276 291
276 292
276 293
276 295
276 297
276 298
276 301
276 303
276 305
276 306
276 308
276 309
276 310
276 312
276 314
276 315
276 316
276 317
276 318
276 320
276 321
276 323
276 325
276 326
276 327
276 328
276 329
276 331
276 333
276 335
276 336
276 337
276 338
276 339
276 341
276 343
276 344
276 345
276 346
276 350
276 351
276 353
276 354
276 355
276 356
276 362
276 363
276 372
276 385
277 258
277 262
277 270
277 272
277 273
277 274
277 277
277 279
277 280
277 282
277 284
277 289
277 294
277 295
277 297
277 300
277 303
277 304
277 306
277 312
277 314
277 318
277 319
277 321
277 322
277 324
277 326
277 327
277 329
277 331
277 332
277 334
277 335
277 336
277 341
277 343
277 344
277 347
277 348
277 349
277 352
277 353
277 354
277 357
277 360
277 361
277 364
277 366
277 379
277 386
277 388
277 390
278 241
278 251
278 260
278 261
278 265
278 266
278 267
278 268
278 272
278 275
278 277
278 278
278 281
278 282
278 283
278 285
278 287
278 289
278 292
278 293
278 295
278 297
278 298
278 299
278 300
278 302
278 304
278 307
278 308
278 309
278 310
278 311
278 312
278 314
278 320
278 321
278 323
278 325
278 326
278 329
278 330
278 331
278 336
278 338
278 339
278 344
278 349
278 351
278 352
278 357
278 358
278 359
278 360
278 361
278 366
278 377
278 388
279 246
279 255
279 259
279 260
279 264
279 266
279 269
279 272
279 274
279 276
279 277
279 280
279 281
279 283
279 285
279 287
279 290
279 292
279 293
279 295
279 296
279 299
279 300
279 301
279 302
279 304
279 305
279 309
279 312
279 313
279 314
279 316
279 317
279 318
279 319
279 320
279 321
279 322
279 323
279 324
279 325
279 326
279 328
279 329
279 330
279 331
279 332
279 333
279 334
279 335
279 337
279 338
279 339
279 341
279 342
279 344
279 346
279 347
279 349
279 350
279 352
279 353
279 354
279 355
279 357
279 360
279 361
279 364
279 366
279 369
279 370
279 371
279 375
280 246
280 252
280 257
280 259
280 260
280 262
280 263
280 264
280 269
280 271
280 275
280 276
280 277
280 278
280 280
280 282
280 283
280 284
280 285
280 286
280 287
280 291
280 293
280 294
280 295
280 296
280 298
280 300
280 302
280 305
280 307
280 308
280 309
280 310
280 311
280 312
280 313
280 314
280 315
280 316
280 317
280 318
280 319
280 321
280 322
280 324
280 325
280 327
280 329
280 330
280 331
280 334
280 335
280 337
280 338
280 339
280 341
280 342
280 344
280 345
280 346
280 347
280 348
280 349
280 350
280 351
280 352
280 353
280 354
280 356
280 358
280 361
280 369
280 373
280 374
280 380
281 240
281 255
281 265
281 268
281 270
281 271
281 277
281 279
281 283
281 284
281 286
281 288
281 289
281 291
281 292
281 296
281 298
281 300
281 303
281 304
281 305
281 307
281 308
281 310
281 311
281 312
281 316
281 317
281 318
281 322
281 324
281 325
281 330
281 332
281 333
281 336
281 338
281 344
281 349
281 353
281 354
281 356
281 360
281 361
281 373
281 378
282 237
282 254
282 255
282 261
282 265
282 267
282 268
282 271
282 273
282 275
282 277
282 278
282 279
282 280
282 282
282 283
282 284
282 285
282 290
282 291
282 292
282 294
282 295
282 296
282 298
282 299
282 300
282 301
282 302
282 303
282 304
282 305
282 306
282 308
282 309
282 310
282 311
282 312
282 313
282 314
282 315
282 316
282 317
282 318
282 319
282 321
282 322
282 323
282 324
282 326
282 327
282 328
282 330
282 331
282 332
282 333
282 336
282 338
282 339
282 340
282 341
282 342
282 343
282 345
282 346
282 348
282 349
282 350
282 351
282 352
282 353
282 356
282 359
282 364
282 370
282 372
282 377
282 379
282 385
283 252
283 257
283 259
283 265
283 271
283 272
283 276
283 279
283 281
283 284
283 286
283 289
283 290
283 291
283 295
283 296
283 300
283 301
283 307
283 311
283 313
283 314
283 315
283 316
283 318
283 320
283 325
283 327
283 329
283 330
283 332
283 333
283 335
283 337
283 338
283 342
283 343
283 348
283 352
283 353
283 357
283 358
283 364
283 367
283 369
284 238
284 253
284 255
284 259
284 260
284 263
284 270
284 271
284 273
284 275
284 276
284 281
284 284
284 286
284 292
284 296
284 297
284 298
284 299
284 300
284 302
284 303
284 304
284 305
284 307
284 308
284 309
284 310
284 311
284 312
284 315
284 319
284 320
284 321
284 323
284 324
284 326
284 327
284 329
284 333
284 334
284 335
284 338
284 339
284 340
284 341
284 344
284 346
284 349
284 351
284 352
284 357
284 358
284 359
284 360
284 361
284 364
284 366
284 367
284 379
285 247
285 255
285 257
285 258
285 267
285 269
285 276
285 279
285 280
285 282
285 285
285 287
285 288
285 294
285 295
285 296
285 297
285 298
285 300
285 302
285 304
285 307
285 308
285 312
285 313
285 314
285 315
285 316
285 318
285 319
285 321
285 322
285 325
285 326
285 327
285 329
285 330
285 331
285 334
285 335
285 336
285 337
285 340
285 341
285 343
285 344
285 345
285 346
285 347
285 348
285 349
285 350
285 352
285 353
285 354
285 355
285 358
285 361
285 365
285 377
285 381
286 255
286 257
286 259
286 260
286 261
286 262
286 265
286 266
286 268
286 271
286 272
286 275
286 276
286 277
286 278
286 279
286 282
286 283
286 284
286 285
286 288
286 290
286 291
286 293
286 294
286 295
286 297
286 299
286 301
286 302
286 304
286 305
286 308
286 311
286 313
286 314
286 315
286 318
286 319
286 320
286 321
286 322
286 324
286 326
286 327
286 328
286 330
286 331
286 334
286 335
286 337
286 339
286 341
286 342
286 344
286 346
286 348
286 350
286 351
286 355
286 364
286 366
286 367
286 368
286 370
286 376
286 381
287 228
287 252
287 259
287 260
287 262
287 266
287 268
287 274
287 275
287 277
287 279
287 280
287 281
287 285
287 289
287 291
287 293
287 294
287 298
287 299
287 301
287 302
287 303
287 304
287 305
287 308
287 309
287 310
287 311
287 312
287 313
287 314
287 315
287 316
287 317
287 318
287 319
287 321
287 323
287 325
287 329
287 330
287 331
287 333
287 334
287 336
287 337
287 338
287 339
287 341
287 342
287 343
287 344
287 345
287 346
287 347
287 348
287 349
287 351
287 353
287 355
287 356
287 357
287 358
287 360
287 362
287 363
287 364
287 373
288 233
288 252
288 260
288 263
288 264
288 265
288 269
288 270
288 272
288 274
288 277
288 279
288 280
288 284
288 287
288 288
288 289
288 291
288 292
288 293
288 295
288 297
288 298
288 299
288 303
288 307
288 308
288 310
288 313
288 314
288 316
288 318
288 319
288 321
288 323
288 324
288 326
288 327
288 328
288 329
288 332
288 334
288 336
288 337
288 339
288 341
288 344
288 345
288 349
288 352
288 354
288 359
288 361
288 362
288 366
288 371
288 372
288 388
289 242
289 254
289 256
289 263
289 267
289 274
289 276
289 277
289 281
289 284
289 285
289 288
289 293
289 295
289 297
289 299
289 301
289 303
289 305
289 306
289 312
289 313
289 317
289 318
289 319
289 320
289 322
289 325
289 328
289 329
289 330
289 331
289 332
289 334
289 336
289 337
289 338
289 339
289 341
289 342
289 343
289 349
289 350
289 351
289 352
289 353
289 355
289 358
289 360
289 367
289 369
289 373
289 374
289 378
290 245
290 265
290 269
290 278
290 282
290 285
290 287
290 292
290 294
290 296
290 299
290 300
290 301
290 302
290 308
290 310
290 312
290 314
290 316
290 320
290 321
290 323
290 325
290 331
290 332
290 334
290 338
290 341
290 343
290 344
290 345
290 346
290 347
290 353
290 355
290 356
290 359
290 360
290 362
290 370
291 249
291 251
291 260
291 264
291 273
291 275
291 277
291 285
291 286
291 287
291 289
291 290
291 291
291 293
291 294
291 295
291 296
291 298
291 300
291 302
291 303
291 304
291 308
291 310
291 311
291 313
291 315
291 316
291 318
291 320
291 322
291 326
291 327
291 329
291 331
291 333
291 334
291 335
291 336
291 337
291 338
291 339
291 342
291 343
291 346
291 348
291 353
291 355
291 356
291 367
291 369
292 257
292 266
292 268
292 269
292 273
292 281
292 282
292 285
292 289
292 290
292 294
292 295
292 296
292 297
292 298
292 299
292 307
292 310
292 311
292 312
292 313
292 317
292 318
292 319
292 320
292 321
292 322
292 323
292 325
292 326
292 327
292 329
292 330
292 332
292 333
292 336
292 338
292 339
292 340
292 343
292 347
292 348
292 354
292 355
292 357
292 358
292 362
292 363
292 369
292 374
293 238
293 239
293 242
293 258
293 267
293 273
293 275
293 276
293 279
293 280
293 283
293 284
293 287
293 288
293 291
293 294
293 295
293 298
293 301
293 302
293 306
293 308
293 311
293 312
293 314
293 316
293 317
293 318
293 319
293 320
293 321
293 325
293 328
293 329
293 330
293 331
293 332
293 333
293 334
293 336
293 337
293 340
293 341
293 343
293 351
293 354
293 357
293 359
293 360
293 365
293 367
293 368
293 369
293 386
294 252
294 253
294 255
294 263
294 270
294 275
294 277
294 281
294 284
294 285
294 286
294 293
294 294
294 297
294 298
294 300
294 302
294 303
294 304
294 307
294 310
294 311
294 312
294 313
294 314
294 319
294 321
294 323
294 325
294 326
294 327
294 328
294 330
294 331
294 334
294 335
294 337
294 339
294 341
294 342
294 348
294 349
294 354
294 355
294 357
294 358
294 361
294 362
294 365
294 371
295 242
295 246
295 261
295 268
295 271
295 274
295 278
295 279
295 281
295 284
295 287
295 291
295 293
295 294
295 297
295 298
295 306
295 308
295 310
295 314
295 315
295 316
295 318
295 319
295 321
295 324
295 325
295 327
295 329
295 331
295 333
295 334
295 335
295 338
295 342
295 344
295 351
295 353
295 355
295 357
295 359
295 368
296 253
296 255
296 266
296 271
296 274
296 277
296 279
296 281
296 282
296 285
296 288
296 290
296 291
296 294
296 295
296 296
296 297
296 298
296 302
296 303
296 304
296 307
296 309
296 310
296 311
296 315
296 317
296 318
296 319
296 320
296 322
296 331
296 332
296 334
296 337
296 338
296 339
296 341
296 344
296 345
296 347
296 348
296 349
296 350
296 352
296 353
296 354
296 355
296 356
296 358
296 360
296 367
296 368
297 266
297 268
297 274
297 287
297 290
297 295
297 299
297 300
297 302
297 303
297 304
297 306
297 308
297 309
297 313
297 320
297 321
297 326
297 328
297 332
297 335
297 336
297 337
297 339
297 344
297 346
297 348
297 352
297 355
297 356
297 359
297 361
297 368
298 248
298 252
298 277
298 284
298 285
298 287
298 288
298 292
298 293
298 297
298 298
298 301
298 304
298 306
298 307
298 308
298 311
298 313
298 314
298 315
298 317
298 318
298 320
298 322
298 323
298 324
298 327
298 328
298 329
298 331
298 332
298 334
298 337
298 338
298 340
298 344
298 345
298 350
298 354
298 355
298 358
298 362
298 363
298 370
298 375
299 263
299 265
299 270
299 272
299 280
299 287
299 290
299 294
299 295
299 297
299 299
299 301
299 302
299 306
299 311
299 313
299 317
299 318
299 319
299 324
299 325
299 329
299 330
299 339
299 341
299 342
299 345
299 348
299 350
299 351
299 353
299 355
299 356
299 362
299 366
300 238
300 256
300 272
300 275
300 278
300 280
300 285
300 293
300 295
300 298
300 305
300 308
300 310
300 314
300 315
300 319
300 320
300 321
300 322
300 323
300 328
300 332
300 334
300 335
300 338
300 342
300 343
300 345
300 346
300 348
300 349
300 353
300 358
300 359
300 366
300 372
301 254
301 259
301 270
301 276
301 279
301 280
301 284
301 285
301 287
301 288
301 289
301 290
301 291
301 294
301 296
301 299
301 304
301 305
301 312
301 313
301 315
301 316
301 318
301 321
301 324
301 325
301 327
301 328
301 329
301 330
301 334
301 337
301 338
301 345
301 346
301 347
301 348
301 349
301 350
301 351
301 352
301 353
301 360
301 363
301 374
302 244
302 253
302 255
302 257
302 258
302 260
302 263
302 265
302 270
302 273
302 286
302 291
302 295
302 297
302 298
302 300
302 302
302 304
302 305
302 307
302 310
302 311
302 315
302 317
302 319
302 320
302 323
302 324
302 326
302 328
302 330
302 331
302 333
302 334
302 335
302 336
302 337
302 346
302 349
302 354
302 361
302 366
303 241
303 259
303 267
303 268
303 274
303 280
303 283
303 290
303 292
303 295
303 296
303 299
303 301
303 304
303 307
303 308
303 310
303 315
303 316
303 319
303 320
303 321
303 324
303 325
303 327
303 332
303 335
303 339
303 341
303 342
303 347
303 352
303 358
303 384
304 259
304 262
304 263
304 271
304 272
304 277
304 278
304 284
304 286
304 292
304 293
304 294
304 297
304 298
304 301
304 302
304 306
304 309
304 310
304 315
304 317
304 319
304 320
304 322
304 325
304 327
304 329
304 331
304 343
304 344
304 345
304 353
304 365
304 382
305 236
305 248
305 253
305 261
305 266
305 268
305 269
305 272
305 275
305 282
305 289
305 290
305 293
305 295
305 296
305 300
305 304
305 305
305 309
305 311
305 312
305 315
305 316
305 317
305 322
305 324
305 325
305 331
305 333
305 334
305 336
305 338
305 342
305 346
305 348
305 349
305 368
306 257
306 258
306 265
306 271
306 273
306 274
306 279
306 282
306 283
306 285
306 286
306 287
306 293
306 297
306 303
306 311
306 313
306 315
306 316
306 317
306 320
306 321
306 322
306 325
306 329
306 331
306 332
306 341
306 342
306 357
306 362
306 365
307 250
307 255
307 269
307 271
307 274
307 279
307 280
307 283
307 284
307 289
307 290
307 291
307 294
307 297
307 298
307 301
307 303
307 309
307 312
307 315
307 318
307 321
307 325
307 328
307 329
307 331
307 332
307 335
307 337
307 341
307 344
307 345
307 348
307 349
307 357
307 364
307 379
308 257
308 269
308 272
308 279
308 281
308 287
308 290
308 292
308 294
308 301
308 308
308 309
308 310
308 311
308 313
308 322
308 324
308 327
308 328
308 332
308 334
308 337
308 340
308 342
308 349
308 352
308 362
308 364
308 369
308 370
308 373
309 250
309 253
309 264
309 266
309 268
309 275
309 276
309 284
309 287
309 289
309 294
309 295
309 296
309 298
309 299
309 301
309 304
309 306
309 310
309 313
309 314
309 320
309 322
309 323
309 324
309 325
309 327
309 330
309 331
309 332
309 333
309 335
309 337
309 340
309 342
309 346
309 349
309 357
309 359
309 367
310 246
310 256
310 265
310 268
310 272
310 274
310 275
310 276
310 283
310 290
310 291
310 295
310 301
310 303
310 308
310 310
310 313
310 314
310 317
310 320
310 328
310 332
310 334
310 343
310 347
310 349
310 364
310 368
311 263
311 264
311 270
311 279
311 280
311 284
311 286
311 291
311 296
311 298
311 301
311 302
311 305
311 307
311 309
311 312
311 313
311 319
311 320
311 321
311 322
311 323
311 326
311 330
311 331
311 334
311 337
311 338
311 340
311 342
311 346
311 355
311 356
311 359
311 363
312 240
312 252
312 263
312 266
312 275
312 287
312 293
312 296
312 299
312 301
312 302
312 305
312 306
312 307
312 308
312 311
312 314
312 316
312 318
312 324
312 326
312 327
312 328
312 331
312 332
312 333
312 343
312 352
312 358
312 362
313 255
313 259
313 270
313 281
313 287
313 291
313 293
313 295
313 296
313 298
313 305
313 307
313 313
313 314
313 320
313 322
313 324
313 327
313 328
313 332
313 333
313 336
313 339
313 341
313 353
313 355
313 369
314 241
314 242
314 261
314 267
314 268
314 269
314 271
314 273
314 275
314 277
314 278
314 280
314 282
314 287
314 289
314 290
314 302
314 305
314 306
314 309
314 310
314 314
314 319
314 320
314 321
314 323
314 324
314 325
314 331
314 335
314 337
314 338
314 339
314 344
314 346
314 351
314 363
314 367
314 375
315 243
315 254
315 257
315 272
315 273
315 275
315 285
315 289
315 291
315 294
315 295
315 296
315 297
315 298
315 302
315 304
315 306
315 310
315 313
315 314
315 315
315 316
315 317
315 319
315 321
315 324
315 326
315 328
315 330
315 332
315 333
315 334
315 338
315 341
315 346
315 369
316 252
316 257
316 259
316 260
316 261
316 263
316 266
316 269
316 271
316 274
316 280
316 285
316 286
316 287
316 289
316 295
316 296
316 300
316 303
316 305
316 306
316 307
316 311
316 315
316 316
316 320
316 321
316 336
316 337
316 351
316 355
316 362
317 239
317 255
317 266
317 269
317 273
317 280
317 281
317 282
317 285
317 289
317 294
317 295
317 299
317 306
317 308
317 310
317 312
317 320
317 322
317 325
317 326
317 327
317 328
317 336
317 338
317 339
317 341
317 346
317 355
317 373
318 249
318 273
318 284
318 288
318 295
318 297
318 298
318 303
318 304
318 305
318 311
318 313
318 323
318 329
318 330
318 332
318 338
318 342
318 343
318 345
318 366
319 257
319 265
319 271
319 275
319 276
319 283
319 287
319 289
319 290
319 293
319 295
319 298
319 299
319 309
319 310
319 313
319 318
319 322
319 325
319 326
319 328
319 329
319 331
319 333
319 334
319 351
319 360
319 374
320 255
320 256
320 260
320 267
320 273
320 275
320 277
320 279
320 284
320 286
320 289
320 301
320 304
320 305
320 306
320 307
320 310
320 316
320 317
320 319
320 320
320 324
320 328
320 329
320 336
320 354
320 356
321 252
321 265
321 287
321 289
321 293
321 296
321 297
321 299
321 300
321 303
321 304
321 311
321 315
321 324
321 326
321 327
321 335
321 342
321 355
321 357
322 267
322 271
322 281
322 284
322 287
322 293
322 302
322 303
322 304
322 307
322 309
322 314
322 317
322 318
322 319
322 321
322 324
322 326
322 327
322 329
322 351
323 264
323 271
323 276
323 290
323 293
323 294
323 299
323 302
323 306
323 311
323 313
323 317
323 322
323 329
323 341
323 343
323 364
324 275
324 282
324 288
324 293
324 301
324 302
324 303
324 313
324 319
324 320
324 321
324 322
324 329
324 350
325 252
325 264
325 273
325 286
325 289
325 294
325 302
325 306
325 312
325 314
325 315
325 316
325 329
325 339
325 342
325 358
326 250
326 257
326 261
326 270
326 279
326 285
326 287
326 288
326 292
326 294
326 298
326 308
326 310
326 312
326 313
326 314
326 317
326 318
326 325
326 327
326 336
326 338
326 351
327 245
327 251
327 252
327 258
327 263
327 276
327 281
327 285
327 286
327 289
327 290
327 291
327 297
327 301
327 303
327 308
327 310
327 317
327 319
327 333
328 267
328 294
328 295
328 297
328 304
328 306
328 310
328 311
328 313
328 315
328 319
328 324
328 328
329 264
329 265
329 267
329 279
329 284
329 296
329 297
329 303
329 316
329 320
329 321
329 326
329 327
329 332
329 345
330 259
330 272
330 274
330 275
330 282
330 297
330 299
330 303
330 307
330 309
330 312
330 315
330 316
330 318
330 321
330 322
330 323
330 325
330 328
331 250
331 251
331 252
331 274
331 296
331 298
331 305
331 308
331 319
331 322
331 337
332 265
332 270
332 275
332 276
332 281
332 285
332 290
332 296
332 299
332 304
333 264
333 269
333 279
333 292
333 300
333 305
333 307
333 311
333 320
333 342
334 277
334 293
334 296
334 299
334 312
334 328
334 330
335 252
335 298
335 299
335 303
335 309
335 316
335 321
335 322
335 334
336 280
336 289
336 296
336 301
336 311
336 312
336 313
336 315
337 284
337 286
337 289
337 296
337 303
337 304
337 319
338 298
338 300
338 303
338 305
338 311
338 317
338 342
339 261
339 279
339 281
339 292
339 295
340 279
340 288
340 310
340 311
340 314
340 324
340 331
342 300
342 333
343 308
344 280
344 286
345 299
345 315
345 329
346 279
346 312
347 257
347 282
347 289
347 337
348 336
349 309
350 323
351 281
352 312
352 316
356 265
356 309
356 333
356 339
357 335
358 259
358 331
359 278
360 286
361 297
364 293
366 299
368 281
377 290
