601
175 335
188 360
192 331
195 351
196 320
196 325
197 353
199 321
200 298
200 328
200 331
200 349
200 353
200 358
201 306
201 322
201 337
201 358
202 306
203 327
203 329
203 333
203 351
204 275
204 286
204 317
204 330
204 342
205 281
205 324
205 328
205 338
205 340
205 359
206 277
206 303
206 312
206 322
206 329
206 330
206 338
207 272
207 281
207 304
207 306
207 312
207 325
207 332
207 345
208 282
208 295
208 307
208 317
208 332
208 348
208 354
208 355
208 358
209 279
209 288
209 312
209 315
209 320
209 332
209 333
209 343
209 345
209 354
210 279
210 318
210 326
210 335
210 336
210 343
210 344
210 350
210 352
210 353
210 354
210 361
210 371
211 274
211 313
211 318
211 324
211 328
211 331
211 337
211 338
211 339
211 355
212 277
212 291
212 310
212 316
212 318
212 326
212 327
212 330
212 334
212 336
212 343
213 284
213 301
213 308
213 310
213 312
213 314
213 316
213 320
213 325
213 332
213 338
213 339
213 340
213 341
213 343
213 345
213 357
213 359
213 362
213 371
214 283
214 300
214 307
214 308
214 310
214 311
214 321
214 334
214 336
214 343
214 345
214 358
215 271
215 300
215 306
215 307
215 308
215 309
215 311
215 316
215 317
215 319
215 325
215 326
215 327
215 328
215 330
215 333
215 334
215 335
215 337
215 338
215 339
215 341
215 344
215 349
215 351
215 352
215 361
215 367
216 300
216 303
216 306
216 319
216 322
216 327
216 328
216 330
216 333
216 343
216 345
216 346
216 347
216 351
216 360
216 362
217 284
217 291
217 293
217 298
217 300
217 303
217 306
217 313
217 315
217 319
217 320
217 324
217 325
217 326
217 328
217 333
217 340
217 345
217 353
217 357
218 273
218 283
218 284
218 300
218 302
218 305
218 306
218 311
218 312
218 315
218 317
218 320
218 324
218 327
218 329
218 332
218 336
218 337
218 338
218 341
218 343
218 348
218 351
218 354
218 355
218 357
219 275
219 278
219 286
219 303
219 304
219 305
219 306
219 309
219 310
219 314
219 318
219 327
219 328
219 335
219 345
219 346
219 354
219 355
219 359
219 365
219 367
220 284
220 286
220 295
220 305
220 306
220 307
220 308
220 311
220 312
220 313
220 315
220 318
220 324
220 325
220 328
220 329
220 330
220 332
220 333
220 335
220 340
220 341
220 342
220 345
220 346
220 351
220 355
220 357
220 362
220 380
221 278
221 282
221 295
221 298
221 303
221 312
221 315
221 321
221 324
221 325
221 327
221 328
221 330
221 331
221 334
221 337
221 338
221 343
221 344
221 345
221 347
221 348
221 350
221 360
221 364
222 262
222 264
222 265
222 267
222 271
222 273
222 279
222 286
222 302
222 307
222 308
222 310
222 311
222 312
222 315
222 316
222 318
222 321
222 326
222 328
222 329
222 330
222 331
222 334
222 335
222 337
222 340
222 341
222 344
222 345
222 346
222 348
222 350
222 364
222 365
222 368
223 275
223 283
223 294
223 295
223 297
223 299
223 300
223 302
223 305
223 306
223 311
223 312
223 314
223 318
223 319
223 323
223 324
223 325
223 326
223 327
223 328
223 335
223 336
223 338
223 339
223 344
223 348
223 353
223 354
223 356
223 360
223 366
223 367
223 372
224 274
224 275
224 276
224 280
224 286
224 291
224 292
224 295
224 298
224 299
224 303
224 304
224 305
224 310
224 311
224 313
224 314
224 316
224 317
224 320
224 322
224 323
224 325
224 329
224 331
224 332
224 336
224 337
224 338
224 339
224 340
224 344
224 345
224 346
224 347
224 349
224 353
224 362
224 370
225 276
225 277
225 280
225 281
225 284
225 286
225 289
225 292
225 295
225 296
225 297
225 298
225 299
225 300
225 302
225 303
225 304
225 305
225 306
225 307
225 311
225 314
225 315
225 318
225 320
225 324
225 325
225 326
225 328
225 329
225 330
225 331
225 334
225 335
225 336
225 339
225 341
225 342
225 344
225 347
225 348
225 350
225 352
225 354
225 358
225 359
225 363
225 374
225 376
225 389
225 398
226 279
226 286
226 288
226 290
226 293
226 294
226 298
226 300
226 301
226 303
226 305
226 307
226 310
226 312
226 315
226 317
226 321
226 324
226 325
226 328
226 329
226 334
226 337
226 338
226 342
226 343
226 346
226 351
226 355
226 356
226 360
226 365
226 379
226 381
226 385
226 388
227 266
227 272
227 283
227 284
227 289
227 290
227 292
227 294
227 295
227 298
227 299
227 300
227 305
227 306
227 307
227 309
227 310
227 311
227 313
227 314
227 318
227 321
227 322
227 323
227 324
227 327
227 328
227 329
227 330
227 332
227 333
227 334
227 335
227 336
227 338
227 339
227 343
227 347
227 348
227 349
227 350
227 351
227 352
227 356
227 359
227 373
228 269
228 276
228 279
228 280
228 285
228 287
228 290
228 291
228 297
228 302
228 304
228 305
228 306
228 308
228 309
228 311
228 313
228 321
228 322
228 325
228 326
228 327
228 328
228 330
228 333
228 335
228 336
228 339
228 341
228 342
228 344
228 345
228 346
228 347
228 349
228 351
228 353
228 355
228 357
228 361
228 362
228 363
228 370
228 411
229 255
229 261
229 262
229 276
229 278
229 279
229 281
229 291
229 292
229 293
229 300
229 301
229 302
229 307
229 309
229 312
229 313
229 314
229 315
229 316
229 317
229 318
229 319
229 320
229 321
229 322
229 326
229 327
229 328
229 330
229 332
229 333
229 334
229 335
229 336
229 337
229 338
229 342
229 354
229 356
229 359
229 364
229 365
229 366
229 380
229 387
230 258
230 263
230 264
230 269
230 276
230 277
230 278
230 283
230 284
230 286
230 294
230 295
230 296
230 297
230 298
230 302
230 305
230 307
230 310
230 311
230 316
230 318
230 319
230 320
230 321
230 322
230 325
230 326
230 328
230 331
230 332
230 333
230 340
230 341
230 347
230 351
230 352
230 355
230 356
230 359
230 363
230 373
230 376
230 380
231 250
231 252
231 277
231 279
231 281
231 282
231 283
231 285
231 287
231 288
231 289
231 290
231 291
231 292
231 296
231 298
231 300
231 301
231 303
231 304
231 307
231 309
231 310
231 311
231 313
231 314
231 315
231 316
231 318
231 319
231 321
231 322
231 323
231 324
231 326
231 327
231 329
231 331
231 333
231 334
231 336
231 338
231 340
231 342
231 345
231 347
231 355
231 361
231 371
231 379
231 381
232 269
232 279
232 286
232 287
232 289
232 294
232 295
232 296
232 298
232 301
232 302
232 303
232 304
232 308
232 309
232 311
232 314
232 315
232 317
232 318
232 320
232 321
232 322
232 323
232 324
232 325
232 326
232 327
232 328
232 329
232 330
232 332
232 333
232 334
232 336
232 337
232 338
232 340
232 342
232 343
232 344
232 346
232 349
232 350
232 351
232 352
232 353
232 354
232 357
232 360
232 361
232 362
232 363
232 370
232 382
233 250
233 261
233 266
233 272
233 280
233 283
233 284
233 288
233 289
233 290
233 294
233 295
233 296
233 299
233 300
233 301
233 302
233 304
233 306
233 308
233 309
233 310
233 312
233 313
233 314
233 316
233 317
233 318
233 319
233 324
233 325
233 326
233 327
233 328
233 329
233 330
233 331
233 332
233 333
233 335
233 336
233 340
233 343
233 344
233 346
233 347
233 350
233 354
233 355
233 356
233 358
233 365
233 366
233 369
233 370
233 372
233 377
233 378
233 387
234 249
234 255
234 257
234 258
234 267
234 270
234 272
234 276
234 279
234 282
234 284
234 288
234 289
234 291
234 292
234 294
234 298
234 299
234 301
234 303
234 305
234 306
234 307
234 308
234 309
234 310
234 312
234 314
234 316
234 318
234 320
234 322
234 323
234 324
234 327
234 328
234 329
234 330
234 333
234 334
234 336
234 337
234 338
234 339
234 340
234 343
234 347
234 348
234 349
234 353
234 355
234 356
234 361
234 364
234 365
234 368
234 373
234 374
234 375
234 379
234 381
234 384
235 252
235 269
235 273
235 275
235 280
235 281
235 286
235 287
235 288
235 289
235 291
235 292
235 293
235 294
235 295
235 296
235 297
235 299
235 300
235 301
235 303
235 304
235 309
235 311
235 313
235 314
235 316
235 317
235 318
235 319
235 320
235 322
235 323
235 324
235 325
235 326
235 327
235 329
235 330
235 331
235 332
235 333
235 334
235 339
235 340
235 341
235 342
235 343
235 345
235 346
235 347
235 349
235 350
235 351
235 352
235 354
235 358
235 359
235 360
235 361
235 362
235 366
235 368
235 369
235 371
235 372
235 380
235 388
236 239
236 263
236 266
236 273
236 274
236 277
236 279
236 282
236 286
236 288
236 290
236 292
236 294
236 296
236 298
236 299
236 301
236 303
236 305
236 307
236 308
236 309
236 310
236 311
236 313
236 314
236 315
236 317
236 318
236 319
236 321
236 322
236 323
236 324
236 327
236 329
236 330
236 331
236 332
236 333
236 334
236 337
236 339
236 341
236 342
236 343
236 345
236 347
236 348
236 353
236 355
236 356
236 360
236 363
236 366
236 371
236 373
236 376
236 388
237 246
237 263
237 271
237 278
237 279
237 281
237 282
237 283
237 284
237 285
237 286
237 287
237 288
237 289
237 290
237 292
237 293
237 294
237 296
237 298
237 299
237 301
237 302
237 303
237 305
237 306
237 307
237 308
237 309
237 310
237 311
237 315
237 319
237 320
237 321
237 322
237 323
237 324
237 325
237 327
237 329
237 330
237 331
237 332
237 333
237 334
237 335
237 336
237 337
237 339
237 341
237 344
237 346
237 347
237 348
237 350
237 351
237 352
237 353
237 354
237 355
237 357
237 358
237 360
237 363
237 364
237 365
237 366
237 368
237 381
237 382
237 387
237 389
238 253
238 264
238 266
238 267
238 268
238 272
238 275
238 282
238 283
238 285
238 287
238 291
238 294
238 295
238 296
238 298
238 300
238 301
238 303
238 304
238 308
238 310
238 311
238 312
238 313
238 315
238 316
238 319
238 320
238 322
238 323
238 325
238 326
238 327
238 328
238 330
238 333
238 334
238 338
238 339
238 341
238 343
238 344
238 345
238 346
238 347
238 348
238 349
238 350
238 352
238 353
238 355
238 356
238 360
238 361
238 366
238 368
238 379
238 390
239 244
239 265
239 268
239 272
239 273
239 281
239 284
239 286
239 287
239 288
239 289
239 290
239 292
239 294
239 296
239 300
239 303
239 305
239 306
239 307
239 308
239 309
239 312
239 313
239 314
239 316
239 317
239 318
239 319
239 320
239 323
239 324
239 327
239 328
239 330
239 332
239 333
239 335
239 336
239 337
239 338
239 340
239 343
239 344
239 345
239 346
239 349
239 350
239 351
239 355
239 360
239 363
239 364
239 365
239 372
239 375
239 388
240 262
240 263
240 276
240 277
240 278
240 282
240 287
240 294
240 295
240 296
240 297
240 298
240 299
240 300
240 303
240 304
240 305
240 306
240 307
240 308
240 309
240 310
240 311
240 312
240 313
240 314
240 316
240 317
240 318
240 319
240 320
240 323
240 324
240 325
240 326
240 330
240 331
240 333
240 334
240 335
240 336
240 339
240 340
240 341
240 342
240 343
240 344
240 345
240 346
240 349
240 350
240 352
240 354
240 357
240 358
240 359
240 360
240 363
240 364
240 366
240 367
240 368
240 369
240 373
240 375
240 376
240 382
240 396
241 254
241 262
241 267
241 268
241 272
241 273
241 274
241 275
241 277
241 280
241 282
241 283
241 284
241 285
241 287
241 288
241 290
241 291
241 292
241 295
241 296
241 297
241 300
241 301
241 302
241 303
241 308
241 309
241 310
241 312
241 313
241 314
241 315
241 317
241 319
241 320
241 321
241 322
241 325
241 327
241 328
241 330
241 331
241 333
241 334
241 335
241 336
241 339
241 340
241 341
241 343
241 344
241 345
241 346
241 347
241 348
241 349
241 353
241 354
241 355
241 356
241 358
241 359
241 361
241 365
241 368
241 369
241 370
241 371
241 372
241 374
241 385
242 246
242 261
242 266
242 275
242 277
242 278
242 279
242 280
242 283
242 286
242 287
242 293
242 294
242 295
242 296
242 298
242 299
242 300
242 301
242 302
242 304
242 305
242 306
242 307
242 309
242 310
242 311
242 312
242 313
242 314
242 315
242 317
242 319
242 321
242 322
242 323
242 324
242 325
242 326
242 328
242 329
242 331
242 332
242 333
242 334
242 335
242 336
242 337
242 338
242 339
242 340
242 341
242 342
242 343
242 350
242 351
242 354
242 355
242 356
242 357
242 359
242 362
242 363
242 364
242 365
242 367
242 368
242 371
242 374
242 375
243 232
243 255
243 267
243 272
243 274
243 275
243 277
243 279
243 281
243 282
243 283
243 284
243 287
243 288
243 289
243 292
243 293
243 295
243 296
243 298
243 299
243 300
243 302
243 303
243 304
243 305
243 306
243 308
243 309
243 311
243 312
243 313
243 314
243 316
243 317
243 318
243 319
243 320
243 321
243 325
243 326
243 329
243 330
243 331
243 332
243 333
243 334
243 335
243 337
243 338
243 339
243 340
243 341
243 344
243 345
243 347
243 348
243 350
243 352
243 355
243 360
243 361
243 367
243 368
243 369
243 370
243 373
243 377
243 378
243 383
243 385
244 248
244 258
244 264
244 268
244 270
244 272
244 274
244 275
244 277
244 281
244 282
244 285
244 287
244 290
244 292
244 293
244 295
244 296
244 297
244 298
244 299
244 300
244 301
244 302
244 303
244 304
244 305
244 306
244 307
244 308
244 311
244 312
244 314
244 317
244 318
244 319
244 320
244 322
244 327
244 328
244 329
244 331
244 332
244 334
244 335
244 336
244 337
244 338
244 339
244 341
244 343
244 344
244 345
244 346
244 347
244 348
244 349
244 350
244 355
244 357
244 358
244 359
244 362
244 363
244 364
244 367
244 368
244 371
244 372
244 377
244 378
244 380
244 381
244 383
245 248
245 257
245 259
245 260
245 264
245 267
245 271
245 274
245 279
245 281
245 283
245 284
245 285
245 287
245 290
245 293
245 294
245 299
245 301
245 305
245 306
245 307
245 309
245 310
245 311
245 312
245 315
245 316
245 317
245 318
245 319
245 320
245 322
245 325
245 328
245 329
245 332
245 334
245 335
245 336
245 338
245 339
245 341
245 345
245 346
245 347
245 348
245 350
245 351
245 352
245 353
245 354
245 355
245 356
245 370
245 376
245 379
245 386
245 390
246 238
246 247
246 250
246 263
246 264
246 265
246 266
246 273
246 275
246 278
246 281
246 283
246 284
246 286
246 287
246 288
246 289
246 290
246 293
246 295
246 296
246 297
246 298
246 299
246 300
246 301
246 303
246 305
246 307
246 310
246 311
246 312
246 313
246 314
246 315
246 317
246 318
246 319
246 320
246 321
246 322
246 323
246 324
246 325
246 327
246 328
246 329
246 330
246 331
246 332
246 333
246 334
246 335
246 336
246 337
246 338
246 339
246 340
246 341
246 342
246 343
246 344
246 345
246 346
246 347
246 351
246 352
246 353
246 354
246 356
246 357
246 359
246 361
246 362
246 363
246 364
246 365
246 366
246 367
246 369
246 375
246 378
246 382
247 255
247 257
247 259
247 269
247 271
247 273
247 275
247 279
247 281
247 282
247 284
247 288
247 289
247 291
247 292
247 294
247 297
247 299
247 300
247 302
247 303
247 304
247 305
247 309
247 310
247 314
247 316
247 317
247 318
247 319
247 321
247 322
247 323
247 324
247 325
247 327
247 330
247 331
247 332
247 333
247 334
247 335
247 336
247 338
247 341
247 342
247 343
247 344
247 345
247 346
247 347
247 348
247 349
247 350
247 351
247 354
247 357
247 359
247 363
247 365
247 366
247 370
247 372
247 375
247 376
247 390
247 392
248 245
248 253
248 257
248 258
248 269
248 272
248 276
248 278
248 281
248 283
248 284
248 285
248 287
248 288
248 290
248 293
248 294
248 295
248 296
248 298
248 299
248 300
248 302
248 303
248 304
248 306
248 307
248 308
248 310
248 311
248 314
248 315
248 316
248 317
248 319
248 320
248 322
248 324
248 325
248 326
248 327
248 329
248 330
248 334
248 335
248 337
248 339
248 340
248 343
248 344
248 346
248 347
248 348
248 349
248 352
248 354
248 356
248 358
248 359
248 360
248 361
248 362
248 363
248 366
248 367
248 369
248 374
248 376
248 380
249 238
249 249
249 265
249 267
249 269
249 270
249 271
249 274
249 278
249 279
249 282
249 283
249 285
249 288
249 292
249 293
249 294
249 295
249 296
249 297
249 300
249 301
249 303
249 304
249 305
249 306
249 307
249 308
249 309
249 313
249 314
249 315
249 316
249 317
249 318
249 321
249 322
249 324
249 325
249 326
249 327
249 328
249 329
249 330
249 331
249 332
249 334
249 336
249 337
249 338
249 339
249 340
249 342
249 344
249 345
249 347
249 348
249 349
249 352
249 353
249 354
249 355
249 358
249 361
249 362
249 363
249 364
249 366
249 367
249 368
249 369
249 382
249 397
250 233
250 253
250 254
250 259
250 260
250 261
250 266
250 267
250 269
250 273
250 274
250 280
250 281
250 283
250 286
250 287
250 290
250 291
250 292
250 293
250 294
250 296
250 297
250 298
250 300
250 301
250 302
250 303
250 305
250 306
250 307
250 308
250 309
250 311
250 312
250 313
250 314
250 315
250 316
250 317
250 319
250 325
250 326
250 327
250 328
250 329
250 331
250 334
250 335
250 336
250 338
250 339
250 340
250 341
250 342
250 343
250 344
250 345
250 347
250 348
250 350
250 351
250 352
250 354
250 356
250 358
250 360
250 362
250 364
250 369
250 370
250 371
250 372
250 373
250 375
250 376
250 381
251 238
251 241
251 257
251 265
251 266
251 271
251 272
251 275
251 277
251 278
251 279
251 280
251 281
251 282
251 283
251 284
251 286
251 287
251 288
251 290
251 292
251 295
251 296
251 298
251 299
251 301
251 302
251 305
251 306
251 307
251 308
251 309
251 311
251 313
251 314
251 315
251 316
251 317
251 318
251 320
251 322
251 324
251 325
251 326
251 327
251 328
251 329
251 330
251 331
251 332
251 334
251 335
251 336
251 337
251 339
251 340
251 341
251 342
251 343
251 346
251 347
251 348
251 352
251 353
251 354
251 358
251 360
251 361
251 362
251 363
251 364
251 367
251 369
252 231
252 247
252 254
252 257
252 258
252 260
252 265
252 267
252 269
252 273
252 275
252 277
252 280
252 281
252 284
252 285
252 287
252 290
252 291
252 293
252 294
252 297
252 299
252 302
252 303
252 304
252 305
252 310
252 311
252 312
252 313
252 314
252 315
252 316
252 317
252 319
252 322
252 324
252 325
252 328
252 329
252 331
252 332
252 333
252 334
252 335
252 337
252 338
252 339
252 340
252 341
252 342
252 343
252 344
252 345
252 346
252 347
252 348
252 349
252 350
252 351
252 354
252 355
252 356
252 358
252 360
252 361
252 362
252 364
252 366
252 367
252 368
252 370
252 375
252 378
252 386
253 250
253 264
253 269
253 270
253 274
253 275
253 277
253 278
253 281
253 284
253 286
253 287
253 289
253 290
253 292
253 293
253 294
253 296
253 298
253 301
253 302
253 303
253 304
253 306
253 307
253 310
253 311
253 312
253 313
253 314
253 315
253 316
253 317
253 318
253 319
253 320
253 321
253 322
253 323
253 324
253 325
253 326
253 328
253 329
253 330
253 331
253 332
253 333
253 334
253 336
253 337
253 339
253 340
253 341
253 342
253 344
253 345
253 348
253 349
253 350
253 351
253 352
253 353
253 354
253 355
253 357
253 358
253 359
253 360
253 366
253 369
253 370
253 371
253 372
253 373
253 375
253 406
254 251
254 253
254 261
254 262
254 267
254 270
254 272
254 274
254 276
254 277
254 279
254 281
254 282
254 283
254 284
254 286
254 289
254 290
254 291
254 292
254 293
254 295
254 296
254 297
254 300
254 301
254 304
254 305
254 307
254 308
254 309
254 310
254 312
254 313
254 315
254 316
254 317
254 318
254 319
254 320
254 321
254 322
254 323
254 324
254 325
254 327
254 328
254 329
254 330
254 331
254 332
254 333
254 334
254 335
254 336
254 337
254 340
254 341
254 344
254 345
254 346
254 347
254 349
254 350
254 351
254 354
254 355
254 358
254 365
254 368
254 369
254 370
254 373
254 374
254 376
254 378
254 379
254 384
255 257
255 258
255 260
255 262
255 263
255 264
255 267
255 269
255 270
255 272
255 274
255 280
255 281
255 282
255 284
255 285
255 286
255 287
255 288
255 289
255 290
255 294
255 295
255 296
255 298
255 300
255 305
255 306
255 307
255 308
255 310
255 313
255 316
255 317
255 318
255 319
255 320
255 321
255 322
255 323
255 324
255 325
255 326
255 327
255 328
255 329
255 330
255 331
255 332
255 333
255 334
255 335
255 336
255 338
255 340
255 342
255 345
255 346
255 348
255 349
255 350
255 351
255 352
255 353
255 357
255 359
255 360
255 361
255 362
255 366
255 367
255 368
255 371
255 377
255 378
255 381
255 383
256 242
256 260
256 262
256 263
256 267
256 269
256 271
256 272
256 281
256 282
256 283
256 288
256 289
256 290
256 292
256 293
256 295
256 297
256 298
256 301
256 302
256 305
256 306
256 307
256 309
256 310
256 311
256 312
256 313
256 314
256 315
256 316
256 317
256 319
256 320
256 321
256 322
256 323
256 324
256 325
256 326
256 327
256 328
256 331
256 332
256 333
256 334
256 335
256 336
256 337
256 338
256 339
256 342
256 344
256 345
256 346
256 349
256 350
256 352
256 353
256 354
256 355
256 356
256 357
256 359
256 360
256 361
256 364
256 365
256 370
256 372
256 376
256 380
256 381
256 386
256 387
256 401
257 247
257 252
257 257
257 261
257 265
257 266
257 267
257 272
257 273
257 274
257 276
257 279
257 283
257 284
257 285
257 287
257 291
257 292
257 294
257 295
257 296
257 298
257 299
257 300
257 301
257 302
257 303
257 305
257 306
257 307
257 308
257 309
257 310
257 311
257 312
257 313
257 314
257 315
257 316
257 317
257 318
257 321
257 322
257 323
257 324
257 326
257 327
257 329
257 330
257 333
257 334
257 335
257 336
257 340
257 341
257 342
257 343
257 345
257 346
257 348
257 349
257 351
257 353
257 355
257 360
257 362
257 364
257 365
257 375
257 379
257 381
257 382
257 391
258 258
258 260
258 264
258 265
258 267
258 269
258 271
258 272
258 273
258 276
258 279
258 281
258 283
258 284
258 289
258 290
258 291
258 294
258 295
258 296
258 297
258 298
258 299
258 300
258 301
258 302
258 307
258 308
258 309
258 310
258 311
258 312
258 313
258 314
258 315
258 316
258 317
258 318
258 319
258 320
258 321
258 322
258 323
258 326
258 329
258 330
258 334
258 335
258 336
258 337
258 339
258 340
258 341
258 342
258 343
258 344
258 345
258 346
258 349
258 352
258 353
258 355
258 356
258 357
258 358
258 359
258 362
258 363
258 367
258 369
258 370
258 371
258 374
258 376
258 378
258 379
258 381
258 385
258 391
258 394
258 403
258 405
259 257
259 259
259 270
259 276
259 277
259 278
259 279
259 281
259 286
259 289
259 290
259 292
259 296
259 297
259 298
259 299
259 300
259 301
259 303
259 304
259 305
259 306
259 307
259 308
259 309
259 310
259 311
259 312
259 313
259 314
259 315
259 317
259 318
259 319
259 320
259 321
259 322
259 323
259 324
259 325
259 326
259 328
259 329
259 330
259 331
259 332
259 334
259 335
259 336
259 337
259 338
259 339
259 340
259 341
259 342
259 343
259 344
259 345
259 346
259 347
259 348
259 350
259 351
259 352
259 353
259 354
259 358
259 359
259 360
259 361
259 364
259 368
259 371
259 374
259 376
259 378
259 386
260 252
260 257
260 265
260 266
260 272
260 273
260 275
260 278
260 279
260 281
260 282
260 283
260 284
260 286
260 288
260 290
260 291
260 292
260 293
260 295
260 296
260 297
260 298
260 299
260 300
260 301
260 302
260 303
260 304
260 305
260 306
260 307
260 308
260 309
260 310
260 311
260 312
260 313
260 315
260 316
260 317
260 318
260 319
260 320
260 321
260 322
260 323
260 324
260 325
260 326
260 328
260 329
260 330
260 331
260 332
260 333
260 334
260 335
260 336
260 337
260 338
260 339
260 340
260 341
260 342
260 343
260 344
260 345
260 346
260 347
260 348
260 349
260 350
260 351
260 352
260 355
260 356
260 357
260 358
260 362
260 363
260 364
260 370
260 371
260 373
260 374
260 377
260 378
260 396
261 246
261 252
261 254
261 256
261 258
261 259
261 262
261 264
261 266
261 268
261 269
261 270
261 271
261 272
261 273
261 275
261 278
261 279
261 281
261 282
261 283
261 284
261 285
261 286
261 287
261 288
261 289
261 291
261 292
261 294
261 297
261 298
261 300
261 302
261 303
261 305
261 307
261 308
261 309
261 310
261 311
261 313
261 314
261 316
261 317
261 318
261 319
261 320
261 321
261 322
261 323
261 324
261 325
261 328
261 329
261 330
261 331
261 332
261 333
261 334
261 335
261 336
261 337
261 338
261 339
261 340
261 341
261 342
261 343
261 344
261 345
261 346
261 347
261 348
261 349
261 350
261 351
261 352
261 354
261 355
261 356
261 359
261 360
261 361
261 363
261 365
261 366
261 368
261 371
261 373
261 375
261 385
261 387
262 244
262 245
262 248
262 264
262 265
262 266
262 268
262 269
262 273
262 275
262 276
262 277
262 279
262 280
262 283
262 284
262 285
262 286
262 288
262 290
262 291
262 292
262 293
262 294
262 295
262 302
262 305
262 307
262 308
262 309
262 310
262 311
262 312
262 313
262 314
262 315
262 316
262 317
262 318
262 319
262 320
262 322
262 323
262 324
262 325
262 327
262 328
262 329
262 330
262 331
262 332
262 333
262 334
262 335
262 336
262 337
262 338
262 339
262 340
262 341
262 345
262 346
262 347
262 348
262 349
262 350
262 351
262 352
262 355
262 360
262 362
262 363
262 364
262 366
262 367
262 368
262 371
262 373
262 375
262 381
262 382
262 384
262 388
262 389
262 390
262 400
262 407
263 252
263 262
263 267
263 268
263 270
263 271
263 273
263 274
263 275
263 279
263 280
263 282
263 284
263 285
263 287
263 288
263 290
263 291
263 292
263 293
263 294
263 295
263 299
263 301
263 303
263 305
263 306
263 307
263 308
263 309
263 310
263 311
263 312
263 313
263 314
263 315
263 316
263 317
263 318
263 319
263 321
263 322
263 323
263 324
263 328
263 329
263 331
263 332
263 333
263 334
263 335
263 336
263 337
263 338
263 339
263 340
263 342
263 343
263 344
263 346
263 347
263 348
263 349
263 350
263 351
263 352
263 353
263 354
263 355
263 356
263 357
263 359
263 360
263 362
263 365
263 367
263 368
263 369
263 372
263 373
263 376
263 377
263 394
263 407
264 244
264 251
264 253
264 255
264 257
264 261
264 263
264 264
264 266
264 269
264 270
264 272
264 273
264 274
264 275
264 277
264 280
264 282
264 283
264 284
264 285
264 286
264 288
264 289
264 290
264 291
264 292
264 294
264 295
264 296
264 297
264 298
264 299
264 300
264 301
264 303
264 304
264 306
264 307
264 309
264 310
264 312
264 313
264 317
264 318
264 319
264 320
264 321
264 323
264 324
264 327
264 328
264 329
264 330
264 332
264 333
264 334
264 335
264 336
264 338
264 339
264 340
264 341
264 342
264 343
264 344
264 345
264 346
264 348
264 349
264 350
264 351
264 352
264 354
264 355
264 356
264 357
264 358
264 359
264 362
264 363
264 364
264 365
264 366
264 367
264 369
264 371
264 372
264 374
264 381
264 400
264 404
265 225
265 244
265 247
265 251
265 256
265 264
265 269
265 270
265 271
265 272
265 274
265 276
265 278
265 280
265 281
265 282
265 283
265 284
265 285
265 286
265 287
265 290
265 291
265 292
265 293
265 294
265 295
265 297
265 299
265 301
265 303
265 304
265 305
265 306
265 307
265 308
265 309
265 310
265 312
265 315
265 316
265 318
265 319
265 320
265 321
265 322
265 323
265 324
265 325
265 326
265 327
265 328
265 329
265 330
265 331
265 332
265 334
265 335
265 337
265 339
265 340
265 341
265 342
265 343
265 344
265 345
265 346
265 347
265 348
265 349
265 350
265 351
265 355
265 357
265 359
265 360
265 361
265 362
265 364
265 366
265 368
265 369
265 370
265 375
265 378
265 391
265 402
266 244
266 245
266 257
266 258
266 260
266 261
266 264
266 268
266 274
266 277
266 279
266 280
266 281
266 282
266 283
266 284
266 285
266 286
266 289
266 290
266 292
266 293
266 294
266 295
266 296
266 297
266 298
266 301
266 302
266 303
266 304
266 305
266 306
266 307
266 308
266 309
266 310
266 311
266 312
266 313
266 315
266 316
266 317
266 318
266 319
266 320
266 321
266 322
266 323
266 324
266 325
266 326
266 327
266 328
266 329
266 330
266 331
266 332
266 333
266 334
266 335
266 337
266 338
266 339
266 341
266 342
266 343
266 344
266 345
266 346
266 347
266 348
266 349
266 350
266 351
266 352
266 353
266 354
266 359
266 365
266 367
266 368
266 371
266 373
266 375
266 377
266 378
266 380
266 384
266 399
266 401
267 230
267 239
267 249
267 259
267 263
267 270
267 271
267 272
267 273
267 275
267 276
267 279
267 281
267 282
267 283
267 284
267 285
267 286
267 287
267 288
267 289
267 291
267 292
267 293
267 294
267 295
267 296
267 297
267 299
267 300
267 301
267 302
267 303
267 304
267 305
267 306
267 307
267 308
267 309
267 310
267 311
267 312
267 313
267 314
267 315
267 316
267 317
267 318
267 319
267 320
267 321
267 322
267 323
267 324
267 325
267 326
267 327
267 328
267 329
267 330
267 331
267 332
267 333
267 334
267 335
267 336
267 337
267 338
267 339
267 342
267 343
267 345
267 346
267 347
267 348
267 349
267 350
267 351
267 352
267 353
267 354
267 355
267 356
267 357
267 360
267 361
267 363
267 364
267 366
267 369
267 373
267 375
267 377
267 414
268 249
268 250
268 253
268 259
268 263
268 268
268 270
268 271
268 273
268 274
268 275
268 276
268 278
268 279
268 281
268 283
268 286
268 289
268 290
268 292
268 293
268 294
268 295
268 296
268 297
268 298
268 299
268 300
268 301
268 302
268 303
268 304
268 305
268 306
268 307
268 308
268 309
268 310
268 311
268 312
268 313
268 314
268 315
268 316
268 317
268 318
268 319
268 320
268 321
268 322
268 323
268 324
268 325
268 326
268 327
268 329
268 331
268 332
268 333
268 334
268 335
268 336
268 337
268 338
268 341
268 343
268 344
268 345
268 346
268 347
268 348
268 349
268 350
268 351
268 352
268 353
268 354
268 357
268 359
268 363
268 365
268 366
268 367
268 370
268 375
268 383
268 389
268 391
268 392
269 238
269 244
269 256
269 257
269 258
269 261
269 268
269 269
269 271
269 272
269 274
269 275
269 276
269 277
269 278
269 280
269 282
269 284
269 285
269 287
269 288
269 289
269 290
269 291
269 292
269 293
269 294
269 296
269 297
269 298
269 299
269 300
269 303
269 304
269 305
269 306
269 307
269 309
269 310
269 311
269 312
269 313
269 314
269 315
269 316
269 317
269 318
269 319
269 320
269 321
269 322
269 323
269 324
269 325
269 326
269 327
269 328
269 329
269 330
269 331
269 332
269 333
269 334
269 335
269 336
269 337
269 340
269 342
269 345
269 346
269 349
269 351
269 352
269 353
269 356
269 357
269 359
269 360
269 361
269 362
269 363
269 365
269 367
269 372
269 373
269 375
269 377
269 386
269 395
269 408
269 409
270 242
270 244
270 251
270 254
270 259
270 260
270 262
270 263
270 267
270 269
270 270
270 274
270 277
270 279
270 280
270 281
270 283
270 284
270 286
270 287
270 288
270 289
270 290
270 293
270 297
270 299
270 308
270 310
270 311
270 312
270 313
270 315
270 316
270 317
270 318
270 319
270 320
270 321
270 323
270 324
270 325
270 326
270 328
270 329
270 330
270 332
270 333
270 334
270 335
270 336
270 337
270 338
270 340
270 341
270 343
270 344
270 346
270 348
270 349
270 350
270 353
270 355
270 357
270 360
270 362
270 364
270 366
270 370
270 375
270 376
271 243
271 246
271 255
271 256
271 257
271 262
271 263
271 265
271 267
271 268
271 272
271 273
271 274
271 275
271 276
271 278
271 279
271 281
271 283
271 284
271 286
271 287
271 289
271 290
271 291
271 292
271 294
271 302
271 303
271 305
271 306
271 308
271 309
271 310
271 311
271 313
271 316
271 317
271 318
271 319
271 320
271 321
271 322
271 323
271 324
271 325
271 326
271 327
271 328
271 329
271 330
271 331
271 332
271 333
271 334
271 335
271 336
271 337
271 338
271 341
271 342
271 344
271 345
271 348
271 349
271 351
271 352
271 353
271 355
271 357
271 360
271 361
271 362
271 363
271 364
271 366
271 370
271 373
271 374
271 378
271 380
271 383
271 384
271 385
271 391
271 398
271 416
272 251
272 252
272 253
272 260
272 261
272 264
272 265
272 266
272 269
272 271
272 274
272 276
272 278
272 279
272 280
272 281
272 282
272 283
272 284
272 286
272 287
272 288
272 289
272 290
272 291
272 292
272 293
272 296
272 298
272 299
272 300
272 301
272 302
272 306
272 307
272 308
272 309
272 311
272 312
272 313
272 314
272 315
272 316
272 317
272 318
272 319
272 320
272 321
272 322
272 323
272 324
272 325
272 326
272 327
272 328
272 329
272 330
272 331
272 332
272 333
272 334
272 335
272 336
272 337
272 338
272 340
272 341
272 342
272 343
272 345
272 346
272 349
272 350
272 351
272 352
272 353
272 357
272 359
272 360
272 361
272 362
272 363
272 365
272 370
272 377
272 379
272 415
273 239
273 241
273 246
273 255
273 257
273 259
273 260
273 263
273 266
273 269
273 270
273 271
273 273
273 275
273 276
273 277
273 278
273 279
273 281
273 282
273 284
273 285
273 287
273 288
273 290
273 293
273 294
273 295
273 297
273 299
273 303
273 305
273 306
273 307
273 308
273 309
273 310
273 311
273 314
273 315
273 316
273 317
273 318
273 319
273 320
273 321
273 322
273 323
273 324
273 325
273 326
273 327
273 328
273 329
273 330
273 331
273 332
273 333
273 334
273 335
273 336
273 337
273 338
273 339
273 340
273 341
273 342
273 343
273 344
273 347
273 348
273 349
273 350
273 351
273 352
273 353
273 356
273 357
273 359
273 363
273 366
273 367
273 368
273 369
273 370
273 372
273 374
273 377
273 378
273 406
274 245
274 248
274 254
274 255
274 262
274 265
274 266
274 268
274 271
274 274
274 276
274 280
274 281
274 282
274 283
274 284
274 286
274 287
274 289
274 291
274 292
274 293
274 294
274 295
274 297
274 298
274 299
274 300
274 301
274 302
274 303
274 304
274 305
274 306
274 307
274 308
274 309
274 310
274 311
274 313
274 314
274 315
274 316
274 317
274 318
274 319
274 320
274 321
274 322
274 323
274 324
274 325
274 326
274 327
274 328
274 329
274 330
274 331
274 332
274 333
274 334
274 335
274 336
274 337
274 338
274 339
274 340
274 341
274 342
274 343
274 344
274 347
274 348
274 349
274 350
274 351
274 352
274 353
274 354
274 357
274 358
274 359
274 360
274 361
274 365
274 368
274 369
274 370
274 371
274 372
274 374
274 375
274 376
274 381
274 396
274 400
274 408
275 250
275 252
275 253
275 256
275 258
275 259
275 262
275 263
275 264
275 265
275 266
275 267
275 272
275 275
275 276
275 278
275 279
275 281
275 282
275 283
275 284
275 285
275 286
275 287
275 288
275 289
275 290
275 291
275 292
275 293
275 294
275 295
275 296
275 297
275 298
275 299
275 300
275 301
275 302
275 303
275 304
275 305
275 306
275 307
275 308
275 309
275 310
275 311
275 312
275 313
275 314
275 315
275 316
275 317
275 318
275 319
275 320
275 321
275 322
275 323
275 324
275 325
275 326
275 327
275 328
275 329
275 330
275 331
275 332
275 333
275 334
275 335
275 336
275 337
275 338
275 339
275 340
275 341
275 342
275 343
275 344
275 345
275 349
275 350
275 351
275 352
275 353
275 354
275 357
275 358
275 359
275 360
275 362
275 363
275 364
275 365
275 366
275 367
275 368
275 369
275 371
275 372
275 376
275 379
275 388
275 397
275 400
276 221
276 250
276 253
276 256
276 258
276 261
276 263
276 264
276 265
276 269
276 273
276 274
276 275
276 276
276 278
276 281
276 282
276 284
276 285
276 286
276 287
276 288
276 289
276 290
276 291
276 292
276 293
276 294
276 295
276 296
276 297
276 298
276 299
276 300
276 301
276 302
276 303
276 304
276 305
276 306
276 307
276 308
276 309
276 310
276 311
276 312
276 313
276 314
276 315
276 316
276 317
276 318
276 319
276 320
276 321
276 322
276 323
276 324
276 325
276 326
276 327
276 328
276 329
276 330
276 332
276 333
276 334
276 335
276 336
276 337
276 338
276 339
276 340
276 341
276 342
276 343
276 344
276 345
276 346
276 347
276 348
276 349
276 350
276 351
276 352
276 353
276 354
276 355
276 356
276 357
276 358
276 361
276 363
276 364
276 370
276 373
276 378
276 382
276 386
276 401
277 252
277 255
277 259
277 260
277 261
277 262
277 263
277 264
277 265
277 266
277 267
277 268
277 270
277 273
277 275
277 277
277 278
277 279
277 281
277 282
277 283
277 284
277 285
277 286
277 287
277 288
277 291
277 292
277 293
277 294
277 295
277 296
277 297
277 298
277 299
277 300
277 301
277 302
277 303
277 305
277 306
277 307
277 308
277 310
277 312
277 314
277 316
277 317
277 318
277 319
277 320
277 321
277 322
277 323
277 324
277 325
277 326
277 327
277 328
277 329
277 330
277 331
277 332
277 333
277 334
277 335
277 336
277 337
277 338
277 339
277 340
277 341
277 342
277 343
277 344
277 345
277 346
277 347
277 348
277 349
277 350
277 351
277 359
277 362
277 363
277 365
277 366
277 367
277 368
277 369
277 370
277 371
277 376
278 237
278 242
278 250
278 252
278 253
278 261
278 264
278 267
278 272
278 274
278 276
278 280
278 282
278 286
278 288
278 293
278 297
278 299
278 301
278 302
278 304
278 305
278 306
278 307
278 308
278 310
278 311
278 312
278 313
278 315
278 317
278 318
278 319
278 322
278 323
278 324
278 325
278 326
278 327
278 328
278 329
278 330
278 331
278 332
278 333
278 334
278 337
278 341
278 345
278 346
278 347
278 348
278 349
278 350
278 351
278 354
278 356
278 357
278 359
278 360
278 361
278 362
278 364
278 366
278 367
278 369
278 370
278 371
278 374
278 376
278 387
279 241
279 243
279 263
279 264
279 265
279 267
279 268
279 269
279 270
279 274
279 275
279 276
279 278
279 280
279 281
279 282
279 283
279 286
279 288
279 290
279 292
279 294
279 296
279 297
279 298
279 299
279 300
279 301
279 305
279 306
279 307
279 309
279 311
279 312
279 313
279 314
279 315
279 316
279 317
279 318
279 319
279 320
279 321
279 322
279 323
279 324
279 325
279 326
279 327
279 328
279 329
279 330
279 331
279 332
279 333
279 334
279 335
279 339
279 340
279 341
279 342
279 344
279 345
279 346
279 349
279 350
279 351
279 352
279 353
279 354
279 356
279 359
279 360
279 362
279 368
279 371
279 375
279 379
280 238
280 242
280 244
280 246
280 249
280 253
280 258
280 259
280 260
280 262
280 263
280 265
280 266
280 267
280 268
280 270
280 272
280 273
280 278
280 279
280 280
280 281
280 283
280 284
280 285
280 287
280 291
280 292
280 293
280 294
280 295
280 297
280 298
280 299
280 301
280 302
280 303
280 304
280 305
280 307
280 308
280 311
280 312
280 314
280 315
280 316
280 317
280 318
280 319
280 320
280 323
280 324
280 325
280 326
280 327
280 328
280 329
280 330
280 331
280 332
280 334
280 336
280 337
280 338
280 339
280 340
280 342
280 343
280 344
280 347
280 349
280 350
280 353
280 355
280 358
280 362
280 364
280 368
280 373
280 374
280 376
280 381
280 383
280 384
280 385
280 388
280 394
281 239
281 244
281 246
281 257
281 258
281 261
281 262
281 263
281 265
281 267
281 268
281 270
281 274
281 275
281 276
281 277
281 278
281 280
281 281
281 282
281 283
281 284
281 285
281 286
281 288
281 289
281 290
281 291
281 292
281 293
281 294
281 295
281 296
281 297
281 298
281 299
281 300
281 303
281 304
281 305
281 306
281 308
281 309
281 310
281 311
281 312
281 313
281 314
281 315
281 316
281 317
281 318
281 319
281 320
281 322
281 323
281 324
281 325
281 327
281 329
281 330
281 331
281 332
281 333
281 334
281 335
281 336
281 337
281 341
281 342
281 343
281 344
281 345
281 347
281 348
281 349
281 350
281 351
281 353
281 355
281 357
281 358
281 359
281 368
281 370
281 371
281 373
281 375
281 380
281 385
282 242
282 244
282 250
282 255
282 257
282 258
282 259
282 264
282 267
282 272
282 273
282 275
282 277
282 278
282 279
282 283
282 284
282 287
282 288
282 289
282 290
282 291
282 292
282 293
282 294
282 295
282 296
282 297
282 298
282 299
282 300
282 301
282 302
282 303
282 304
282 305
282 306
282 307
282 308
282 309
282 310
282 311
282 312
282 313
282 314
282 315
282 317
282 318
282 319
282 320
282 323
282 324
282 325
282 330
282 331
282 332
282 333
282 334
282 335
282 336
282 337
282 338
282 339
282 340
282 341
282 342
282 343
282 344
282 348
282 351
282 353
282 354
282 355
282 356
282 357
282 358
282 360
282 361
282 363
282 364
282 366
282 371
282 373
282 376
282 381
282 384
282 402
283 241
283 243
283 247
283 248
283 250
283 254
283 259
283 263
283 265
283 271
283 273
283 274
283 275
283 276
283 278
283 280
283 281
283 282
283 284
283 285
283 286
283 287
283 288
283 289
283 290
283 291
283 292
283 293
283 294
283 295
283 296
283 297
283 298
283 299
283 300
283 301
283 302
283 303
283 304
283 305
283 306
283 307
283 308
283 310
283 311
283 312
283 313
283 314
283 315
283 319
283 320
283 321
283 322
283 323
283 324
283 325
283 326
283 327
283 328
283 329
283 330
283 331
283 332
283 333
283 334
283 335
283 336
283 337
283 338
283 339
283 340
283 341
283 342
283 343
283 344
283 345
283 346
283 347
283 348
283 349
283 350
283 351
283 352
283 353
283 355
283 358
283 359
283 361
283 370
283 372
283 373
283 376
283 382
283 387
284 239
284 261
284 262
284 265
284 267
284 269
284 271
284 273
284 278
284 280
284 282
284 283
284 284
284 288
284 289
284 290
284 291
284 294
284 295
284 296
284 297
284 298
284 299
284 300
284 301
284 302
284 303
284 304
284 305
284 306
284 307
284 308
284 309
284 310
284 311
284 312
284 313
284 314
284 315
284 317
284 318
284 320
284 321
284 324
284 325
284 326
284 327
284 328
284 329
284 330
284 331
284 332
284 333
284 334
284 335
284 337
284 338
284 339
284 340
284 342
284 343
284 344
284 345
284 346
284 347
284 348
284 349
284 352
284 353
284 354
284 355
284 356
284 357
284 359
284 360
284 361
284 363
284 364
284 365
284 368
284 375
284 376
285 229
285 234
285 237
285 244
285 251
285 255
285 257
285 258
285 268
285 273
285 274
285 275
285 277
285 278
285 279
285 280
285 281
285 283
285 284
285 285
285 287
285 288
285 289
285 290
285 291
285 293
285 295
285 296
285 297
285 301
285 302
285 303
285 304
285 305
285 306
285 307
285 310
285 311
285 312
285 313
285 314
285 315
285 318
285 319
285 320
285 321
285 322
285 323
285 324
285 325
285 326
285 327
285 328
285 329
285 330
285 331
285 332
285 333
285 334
285 335
285 336
285 338
285 339
285 341
285 343
285 344
285 345
285 346
285 347
285 348
285 350
285 351
285 352
285 353
285 354
285 355
285 356
285 357
285 363
285 365
285 366
285 370
285 372
285 374
285 376
285 377
285 379
286 250
286 254
286 256
286 262
286 265
286 266
286 267
286 268
286 269
286 271
286 272
286 273
286 274
286 275
286 278
286 279
286 280
286 281
286 283
286 285
286 286
286 287
286 288
286 289
286 290
286 291
286 292
286 293
286 294
286 295
286 296
286 297
286 298
286 299
286 300
286 301
286 302
286 303
286 304
286 305
286 306
286 307
286 308
286 309
286 310
286 311
286 312
286 313
286 314
286 315
286 317
286 318
286 319
286 320
286 321
286 323
286 324
286 325
286 326
286 327
286 328
286 329
286 330
286 331
286 332
286 333
286 334
286 335
286 336
286 338
286 339
286 340
286 341
286 342
286 344
286 345
286 346
286 348
286 349
286 350
286 351
286 352
286 353
286 354
286 355
286 356
286 357
286 358
286 359
286 360
286 362
286 367
286 368
286 369
286 370
286 374
286 376
286 378
286 380
286 381
286 384
286 391
287 246
287 253
287 254
287 270
287 273
287 274
287 275
287 276
287 280
287 281
287 283
287 286
287 288
287 290
287 291
287 293
287 294
287 295
287 298
287 299
287 300
287 302
287 304
287 307
287 308
287 309
287 310
287 311
287 312
287 313
287 314
287 315
287 317
287 318
287 319
287 320
287 321
287 322
287 324
287 325
287 326
287 327
287 328
287 329
287 330
287 331
287 333
287 337
287 338
287 339
287 340
287 341
287 342
287 344
287 345
287 347
287 349
287 351
287 353
287 356
287 358
287 359
287 360
287 361
287 362
287 363
287 366
287 372
287 374
287 375
287 376
287 380
288 249
288 254
288 260
288 262
288 266
288 267
288 270
288 271
288 272
288 275
288 277
288 278
288 279
288 282
288 283
288 284
288 285
288 288
288 289
288 290
288 291
288 292
288 293
288 294
288 296
288 297
288 301
288 302
288 303
288 307
288 308
288 309
288 310
288 311
288 312
288 313
288 314
288 316
288 317
288 318
288 319
288 320
288 321
288 325
288 326
288 327
288 329
288 330
288 331
288 335
288 336
288 337
288 338
288 339
288 342
288 345
288 346
288 347
288 348
288 351
288 354
288 356
288 358
288 359
288 360
288 362
288 363
288 364
288 366
288 367
288 368
288 369
288 376
288 386
288 394
288 398
288 409
289 239
289 246
289 262
289 266
289 271
289 272
289 274
289 275
289 277
289 278
289 279
289 282
289 283
289 284
289 286
289 288
289 292
289 293
289 296
289 297
289 299
289 300
289 301
289 302
289 303
289 304
289 305
289 307
289 310
289 311
289 312
289 313
289 314
289 317
289 318
289 319
289 320
289 321
289 323
289 324
289 325
289 326
289 327
289 330
289 331
289 334
289 335
289 336
289 337
289 338
289 340
289 341
289 343
289 344
289 345
289 346
289 347
289 348
289 350
289 351
289 352
289 353
289 354
289 356
289 357
289 359
289 361
289 362
289 365
289 366
289 370
289 380
289 412
290 236
290 241
290 243
290 249
290 259
290 261
290 265
290 266
290 268
290 272
290 274
290 277
290 279
290 280
290 281
290 284
290 285
290 286
290 287
290 288
290 290
290 291
290 292
290 295
290 299
290 301
290 303
290 304
290 305
290 306
290 307
290 308
290 309
290 310
290 311
290 312
290 313
290 314
290 316
290 317
290 318
290 319
290 320
290 321
290 322
290 323
290 324
290 325
290 326
290 327
290 328
290 329
290 332
290 333
290 335
290 336
290 337
290 338
290 339
290 341
290 342
290 344
290 345
290 346
290 350
290 353
290 354
290 356
290 358
290 363
290 368
290 373
290 383
291 235
291 248
291 249
291 258
291 263
291 264
291 267
291 268
291 269
291 270
291 272
291 274
291 275
291 277
291 279
291 280
291 282
291 285
291 286
291 287
291 288
291 293
291 294
291 296
291 297
291 298
291 299
291 300
291 303
291 304
291 305
291 306
291 307
291 309
291 311
291 312
291 314
291 315
291 316
291 317
291 319
291 320
291 321
291 322
291 323
291 324
291 325
291 326
291 327
291 328
291 329
291 330
291 331
291 332
291 335
291 337
291 338
291 339
291 340
291 341
291 342
291 345
291 346
291 347
291 348
291 350
291 353
291 355
291 356
291 359
291 371
291 375
291 379
291 382
291 385
291 386
292 230
292 243
292 246
292 250
292 259
292 261
292 266
292 267
292 270
292 271
292 273
292 278
292 279
292 280
292 281
292 282
292 285
292 286
292 287
292 288
292 289
292 290
292 292
292 293
292 294
292 295
292 296
292 297
292 298
292 300
292 302
292 303
292 304
292 305
292 306
292 307
292 311
292 313
292 314
292 315
292 316
292 317
292 318
292 319
292 320
292 321
292 322
292 323
292 324
292 325
292 326
292 327
292 329
292 332
292 333
292 335
292 336
292 337
292 338
292 339
292 340
292 341
292 344
292 345
292 346
292 347
292 350
292 354
292 355
292 356
292 361
292 362
292 365
292 367
292 368
292 369
292 378
292 385
292 391
293 249
293 255
293 256
293 270
293 272
293 274
293 275
293 276
293 281
293 282
293 283
293 284
293 286
293 287
293 288
293 290
293 291
293 295
293 296
293 297
293 298
293 299
293 300
293 302
293 303
293 304
293 306
293 308
293 309
293 310
293 311
293 312
293 313
293 314
293 315
293 316
293 317
293 318
293 319
293 321
293 323
293 324
293 325
293 326
293 327
293 329
293 330
293 333
293 334
293 335
293 336
293 337
293 338
293 339
293 340
293 341
293 342
293 343
293 344
293 345
293 346
293 347
293 348
293 349
293 350
293 352
293 353
293 361
293 362
293 366
293 368
293 371
293 372
293 374
293 376
293 378
293 382
294 240
294 249
294 250
294 252
294 257
294 260
294 264
294 266
294 269
294 270
294 272
294 273
294 274
294 276
294 278
294 279
294 280
294 281
294 282
294 283
294 285
294 289
294 291
294 292
294 293
294 294
294 295
294 297
294 298
294 299
294 300
294 301
294 302
294 304
294 305
294 306
294 307
294 309
294 310
294 311
294 312
294 313
294 314
294 315
294 316
294 317
294 318
294 319
294 322
294 323
294 324
294 325
294 326
294 327
294 328
294 329
294 330
294 331
294 333
294 334
294 335
294 336
294 337
294 339
294 341
294 342
294 343
294 344
294 345
294 346
294 347
294 349
294 353
294 354
294 356
294 357
294 358
294 359
294 361
294 364
294 367
294 370
294 390
295 220
295 247
295 250
295 255
295 260
295 264
295 265
295 268
295 269
295 273
295 276
295 280
295 281
295 282
295 284
295 285
295 286
295 287
295 288
295 289
295 290
295 291
295 292
295 293
295 295
295 296
295 298
295 299
295 301
295 304
295 305
295 306
295 308
295 309
295 310
295 311
295 312
295 313
295 314
295 315
295 316
295 317
295 318
295 319
295 320
295 321
295 322
295 324
295 325
295 326
295 327
295 328
295 329
295 330
295 331
295 332
295 333
295 334
295 335
295 336
295 337
295 338
295 339
295 340
295 341
295 342
295 343
295 344
295 345
295 346
295 347
295 348
295 351
295 352
295 353
295 358
295 361
295 362
295 363
295 367
295 370
295 377
295 380
296 233
296 255
296 263
296 268
296 270
296 271
296 273
296 274
296 276
296 277
296 278
296 281
296 282
296 283
296 284
296 285
296 287
296 288
296 290
296 292
296 293
296 294
296 296
296 297
296 298
296 299
296 301
296 302
296 304
296 305
296 306
296 307
296 309
296 310
296 312
296 313
296 314
296 315
296 316
296 317
296 318
296 319
296 320
296 321
296 322
296 323
296 324
296 325
296 326
296 327
296 328
296 329
296 330
296 331
296 332
296 333
296 334
296 335
296 336
296 337
296 338
296 339
296 340
296 341
296 342
296 343
296 344
296 345
296 348
296 350
296 353
296 355
296 357
296 358
296 359
296 362
296 364
296 372
296 373
296 374
296 377
296 378
296 382
297 244
297 250
297 254
297 259
297 263
297 264
297 267
297 268
297 270
297 272
297 275
297 276
297 279
297 282
297 283
297 286
297 288
297 289
297 294
297 296
297 298
297 300
297 301
297 302
297 303
297 304
297 306
297 308
297 309
297 310
297 311
297 313
297 317
297 320
297 321
297 322
297 325
297 326
297 329
297 330
297 331
297 333
297 334
297 335
297 337
297 340
297 344
297 346
297 349
297 352
297 355
297 358
297 360
297 361
297 365
297 367
297 372
297 376
297 381
297 383
298 232
298 234
298 249
298 259
298 260
298 264
298 268
298 271
298 275
298 277
298 279
298 281
298 285
298 286
298 287
298 289
298 290
298 291
298 292
298 293
298 294
298 295
298 296
298 297
298 298
298 299
298 300
298 301
298 304
298 305
298 306
298 308
298 310
298 313
298 314
298 315
298 316
298 317
298 318
298 319
298 320
298 321
298 322
298 324
298 325
298 326
298 327
298 329
298 330
298 331
298 334
298 335
298 336
298 337
298 339
298 340
298 341
298 342
298 343
298 344
298 345
298 346
298 347
298 348
298 349
298 355
298 357
298 358
298 366
298 367
298 377
298 383
299 251
299 254
299 255
299 257
299 259
299 268
299 270
299 277
299 279
299 282
299 285
299 289
299 290
299 291
299 293
299 294
299 296
299 301
299 303
299 305
299 308
299 311
299 312
299 315
299 316
299 317
299 319
299 320
299 322
299 325
299 327
299 328
299 329
299 332
299 335
299 337
299 338
299 339
299 342
299 343
299 345
299 348
299 349
299 351
299 352
299 355
299 357
299 358
299 362
299 363
299 364
299 365
299 366
299 370
299 372
299 383
300 240
300 241
300 254
300 257
300 264
300 266
300 268
300 272
300 274
300 275
300 276
300 277
300 280
300 281
300 283
300 284
300 285
300 286
300 287
300 290
300 292
300 294
300 296
300 298
300 300
300 301
300 302
300 303
300 304
300 308
300 309
300 311
300 312
300 313
300 315
300 316
300 317
300 318
300 319
300 321
300 322
300 326
300 327
300 328
300 329
300 330
300 331
300 332
300 334
300 336
300 337
300 338
300 339
300 340
300 341
300 342
300 343
300 344
300 345
300 350
300 353
300 354
300 355
300 359
300 363
300 367
300 373
300 376
301 243
301 264
301 268
301 270
301 271
301 274
301 276
301 281
301 283
301 284
301 287
301 288
301 289
301 291
301 293
301 294
301 297
301 298
301 299
301 300
301 301
301 304
301 305
301 306
301 307
301 308
301 311
301 313
301 315
301 316
301 317
301 318
301 319
301 320
301 321
301 322
301 323
301 325
301 326
301 327
301 328
301 329
301 331
301 332
301 334
301 335
301 339
301 347
301 348
301 350
301 352
301 353
301 357
301 358
301 360
301 361
301 366
301 367
301 376
301 377
302 238
302 239
302 248
302 256
302 260
302 261
302 264
302 265
302 267
302 270
302 276
302 278
302 280
302 282
302 284
302 285
302 286
302 287
302 291
302 292
302 294
302 299
302 300
302 301
302 302
302 304
302 305
302 307
302 308
302 309
302 310
302 311
302 314
302 315
302 316
302 317
302 319
302 321
302 322
302 323
302 324
302 327
302 328
302 329
302 330
302 332
302 333
302 334
302 335
302 338
302 339
302 340
302 341
302 342
302 343
302 346
302 347
302 349
302 350
302 356
302 357
302 362
302 365
302 368
302 377
302 379
302 388
303 261
303 262
303 263
303 265
303 270
303 273
303 278
303 281
303 283
303 284
303 285
303 286
303 289
303 290
303 291
303 292
303 293
303 294
303 295
303 296
303 297
303 298
303 299
303 300
303 302
303 303
303 304
303 305
303 306
303 307
303 308
303 311
303 312
303 313
303 314
303 315
303 316
303 317
303 319
303 320
303 321
303 322
303 323
303 325
303 326
303 327
303 328
303 329
303 331
303 332
303 333
303 334
303 335
303 336
303 337
303 339
303 340
303 342
303 343
303 344
303 345
303 347
303 349
303 351
303 352
303 353
303 354
303 359
303 361
303 374
303 377
304 228
304 246
304 252
304 260
304 263
304 264
304 270
304 276
304 280
304 281
304 282
304 283
304 285
304 286
304 293
304 296
304 297
304 298
304 299
304 300
304 302
304 303
304 304
304 306
304 308
304 310
304 311
304 313
304 314
304 315
304 316
304 317
304 318
304 319
304 320
304 321
304 322
304 323
304 324
304 325
304 327
304 328
304 331
304 332
304 333
304 334
304 335
304 336
304 338
304 339
304 340
304 343
304 344
304 346
304 349
304 350
304 351
304 353
304 356
304 359
304 360
304 362
304 364
304 365
305 239
305 252
305 258
305 261
305 265
305 266
305 268
305 269
305 273
305 274
305 275
305 276
305 279
305 280
305 282
305 287
305 288
305 290
305 292
305 295
305 298
305 299
305 301
305 303
305 304
305 306
305 307
305 308
305 309
305 310
305 311
305 313
305 315
305 317
305 318
305 320
305 322
305 324
305 325
305 327
305 328
305 330
305 331
305 332
305 335
305 337
305 338
305 341
305 343
305 347
305 349
305 352
305 353
305 354
305 357
305 359
305 364
305 366
305 372
306 236
306 248
306 256
306 257
306 259
306 263
306 265
306 267
306 272
306 273
306 278
306 280
306 282
306 283
306 284
306 285
306 286
306 287
306 288
306 289
306 291
306 292
306 293
306 294
306 295
306 296
306 298
306 300
306 302
306 305
306 306
306 310
306 314
306 316
306 318
306 320
306 322
306 324
306 328
306 329
306 331
306 332
306 333
306 334
306 335
306 336
306 337
306 338
306 343
306 345
306 348
306 352
306 353
306 355
306 358
306 364
306 365
306 368
306 374
306 378
306 379
306 380
307 245
307 246
307 254
307 255
307 259
307 260
307 265
307 267
307 268
307 269
307 270
307 271
307 273
307 274
307 276
307 278
307 280
307 281
307 284
307 287
307 289
307 291
307 297
307 299
307 300
307 301
307 302
307 304
307 307
307 309
307 310
307 313
307 315
307 318
307 320
307 322
307 324
307 326
307 327
307 330
307 331
307 335
307 338
307 339
307 340
307 341
307 342
307 343
307 348
307 349
307 350
307 352
307 356
307 361
307 364
307 366
307 372
308 228
308 255
308 259
308 262
308 266
308 267
308 268
308 270
308 271
308 272
308 273
308 280
308 282
308 284
308 289
308 292
308 293
308 294
308 297
308 299
308 301
308 302
308 306
308 307
308 308
308 309
308 312
308 313
308 314
308 316
308 317
308 318
308 320
308 321
308 322
308 323
308 324
308 325
308 328
308 330
308 332
308 336
308 337
308 342
308 344
308 345
308 348
308 350
308 351
308 353
308 357
308 359
308 361
308 362
308 366
308 372
308 373
309 246
309 248
309 251
309 260
309 264
309 266
309 272
309 273
309 275
309 277
309 278
309 279
309 282
309 283
309 284
309 286
309 287
309 289
309 290
309 291
309 294
309 295
309 297
309 299
309 300
309 301
309 305
309 307
309 308
309 309
309 311
309 313
309 317
309 319
309 320
309 322
309 323
309 324
309 326
309 327
309 329
309 332
309 333
309 336
309 340
309 341
309 342
309 343
309 345
309 352
309 356
309 358
309 359
309 360
309 367
309 375
309 377
310 238
310 243
310 252
310 256
310 258
310 262
310 263
310 264
310 269
310 271
310 273
310 274
310 275
310 277
310 279
310 280
310 282
310 283
310 284
310 286
310 287
310 289
310 294
310 300
310 301
310 302
310 303
310 305
310 307
310 309
310 311
310 313
310 314
310 315
310 317
310 319
310 320
310 321
310 322
310 324
310 325
310 330
310 332
310 334
310 335
310 336
310 341
310 345
310 347
310 351
310 354
310 355
310 365
310 372
311 256
311 266
311 272
311 278
311 280
311 282
311 285
311 290
311 292
311 294
311 296
311 298
311 302
311 303
311 304
311 305
311 306
311 307
311 308
311 310
311 311
311 313
311 315
311 317
311 318
311 319
311 320
311 321
311 323
311 324
311 325
311 327
311 328
311 330
311 332
311 334
311 336
311 338
311 339
311 341
311 342
311 346
311 348
311 353
311 355
311 357
311 360
311 363
311 364
311 366
311 374
311 376
312 236
312 239
312 250
312 254
312 258
312 259
312 260
312 262
312 263
312 266
312 269
312 274
312 276
312 277
312 280
312 281
312 283
312 284
312 286
312 287
312 289
312 290
312 291
312 293
312 294
312 295
312 297
312 298
312 299
312 300
312 301
312 304
312 306
312 310
312 311
312 312
312 313
312 315
312 317
312 318
312 319
312 322
312 323
312 326
312 329
312 332
312 333
312 339
312 341
312 345
312 348
312 351
312 353
312 354
312 356
312 358
312 366
312 387
313 234
313 238
313 253
313 265
313 268
313 270
313 273
313 274
313 275
313 279
313 280
313 285
313 286
313 287
313 290
313 292
313 293
313 295
313 298
313 301
313 302
313 304
313 305
313 306
313 307
313 308
313 310
313 312
313 313
313 317
313 318
313 319
313 320
313 321
313 322
313 323
313 327
313 328
313 329
313 330
313 331
313 332
313 333
313 334
313 338
313 339
313 340
313 342
313 344
313 346
313 349
313 352
313 356
313 360
313 361
313 366
313 372
313 376
313 386
314 232
314 235
314 249
314 250
314 257
314 261
314 262
314 268
314 270
314 274
314 275
314 278
314 280
314 281
314 282
314 284
314 290
314 292
314 296
314 297
314 298
314 299
314 302
314 304
314 306
314 308
314 310
314 311
314 314
314 316
314 319
314 321
314 324
314 325
314 328
314 329
314 332
314 334
314 335
314 336
314 339
314 340
314 342
314 345
314 347
314 349
314 351
314 353
314 354
314 366
314 369
314 373
314 376
315 232
315 256
315 257
315 262
315 263
315 265
315 266
315 267
315 268
315 270
315 273
315 275
315 277
315 278
315 279
315 280
315 281
315 282
315 284
315 285
315 286
315 287
315 288
315 291
315 292
315 293
315 294
315 295
315 296
315 297
315 298
315 302
315 303
315 304
315 305
315 307
315 308
315 311
315 313
315 316
315 319
315 320
315 323
315 324
315 325
315 326
315 328
315 329
315 330
315 332
315 333
315 336
315 339
315 342
315 344
315 347
315 349
315 351
315 352
315 361
315 363
315 364
315 368
315 370
316 237
316 241
316 243
316 246
316 255
316 262
316 267
316 273
316 274
316 275
316 276
316 281
316 289
316 303
316 304
316 305
316 307
316 309
316 311
316 313
316 314
316 315
316 320
316 323
316 324
316 326
316 327
316 331
316 335
316 338
316 339
316 341
316 344
316 348
316 351
316 360
316 362
316 364
316 380
317 231
317 242
317 243
317 254
317 264
317 275
317 277
317 279
317 280
317 283
317 284
317 285
317 288
317 290
317 292
317 294
317 295
317 296
317 300
317 303
317 304
317 306
317 311
317 316
317 322
317 324
317 329
317 330
317 337
317 338
317 341
317 342
317 348
317 349
317 355
317 356
317 364
317 368
318 253
318 260
318 265
318 267
318 269
318 273
318 276
318 278
318 279
318 280
318 283
318 284
318 285
318 286
318 291
318 292
318 296
318 297
318 300
318 301
318 303
318 304
318 305
318 306
318 307
318 308
318 309
318 310
318 311
318 312
318 314
318 315
318 316
318 317
318 318
318 319
318 322
318 327
318 331
318 333
318 336
318 339
318 342
318 348
318 365
318 366
319 251
319 261
319 262
319 264
319 271
319 277
319 282
319 286
319 290
319 293
319 296
319 297
319 300
319 304
319 305
319 309
319 313
319 317
319 320
319 322
319 324
319 327
319 329
319 330
319 334
319 336
319 338
319 341
319 342
319 344
319 345
319 349
319 353
319 363
319 367
320 232
320 245
320 249
320 257
320 262
320 267
320 271
320 279
320 282
320 285
320 286
320 287
320 288
320 289
320 290
320 292
320 294
320 295
320 296
320 297
320 298
320 299
320 300
320 301
320 302
320 303
320 307
320 308
320 309
320 310
320 311
320 312
320 315
320 316
320 317
320 318
320 319
320 320
320 323
320 325
320 326
320 331
320 332
320 339
320 341
320 347
320 349
320 362
320 364
320 367
321 242
321 250
321 253
321 255
321 258
321 260
321 263
321 272
321 273
321 277
321 284
321 291
321 293
321 296
321 298
321 306
321 307
321 310
321 312
321 313
321 314
321 316
321 317
321 320
321 321
321 322
321 323
321 324
321 326
321 327
321 329
321 343
321 345
321 346
321 353
321 354
321 355
321 356
321 367
322 246
322 254
322 257
322 260
322 264
322 268
322 273
322 275
322 277
322 278
322 279
322 281
322 284
322 287
322 288
322 289
322 290
322 291
322 294
322 295
322 297
322 299
322 300
322 302
322 304
322 307
322 309
322 310
322 311
322 312
322 314
322 319
322 323
322 324
322 326
322 328
322 330
322 331
322 333
322 338
322 339
322 340
322 341
322 343
322 344
322 349
322 358
322 365
323 241
323 244
323 255
323 256
323 257
323 260
323 267
323 274
323 275
323 278
323 281
323 284
323 286
323 291
323 292
323 295
323 296
323 297
323 300
323 301
323 302
323 305
323 307
323 310
323 312
323 313
323 315
323 324
323 327
323 328
323 330
323 337
323 339
323 343
323 344
323 345
323 346
323 351
323 355
324 228
324 247
324 262
324 263
324 267
324 268
324 270
324 271
324 275
324 278
324 282
324 283
324 285
324 287
324 288
324 290
324 291
324 294
324 296
324 298
324 300
324 301
324 302
324 305
324 306
324 307
324 308
324 309
324 310
324 311
324 315
324 317
324 318
324 322
324 325
324 326
324 328
324 329
324 330
324 332
324 334
324 340
324 341
324 342
324 343
324 357
324 369
325 251
325 255
325 256
325 260
325 267
325 273
325 276
325 281
325 284
325 287
325 289
325 293
325 295
325 301
325 303
325 306
325 312
325 313
325 315
325 318
325 319
325 320
325 322
325 327
325 328
325 333
325 337
325 344
325 348
325 350
325 357
326 252
326 254
326 261
326 264
326 270
326 273
326 274
326 278
326 280
326 290
326 294
326 295
326 297
326 298
326 300
326 301
326 302
326 304
326 305
326 309
326 310
326 311
326 312
326 314
326 319
326 321
326 333
326 340
326 341
326 362
327 268
327 272
327 276
327 279
327 285
327 286
327 287
327 289
327 290
327 291
327 292
327 296
327 297
327 299
327 300
327 309
327 311
327 312
327 313
327 316
327 318
327 325
327 326
327 328
327 331
327 337
327 338
327 343
327 344
327 348
327 350
327 351
327 363
328 239
328 249
328 253
328 257
328 269
328 271
328 274
328 277
328 279
328 280
328 288
328 289
328 290
328 296
328 299
328 300
328 305
328 306
328 309
328 314
328 316
328 317
328 318
328 319
328 322
328 324
328 325
328 327
328 332
328 333
328 340
328 355
328 357
328 360
328 370
329 252
329 271
329 279
329 286
329 287
329 290
329 296
329 299
329 302
329 303
329 305
329 306
329 311
329 312
329 314
329 315
329 321
329 327
329 332
329 334
329 335
329 346
329 350
329 354
330 240
330 261
330 279
330 283
330 286
330 289
330 292
330 293
330 294
330 296
330 303
330 306
330 309
330 310
330 313
330 317
330 318
330 325
330 328
330 329
330 335
330 336
330 338
330 344
330 347
330 362
331 235
331 248
331 251
331 252
331 263
331 280
331 283
331 290
331 293
331 302
331 305
331 307
331 313
331 315
331 318
331 324
331 327
331 331
331 332
331 335
331 336
331 337
331 342
331 359
332 253
332 266
332 272
332 274
332 277
332 283
332 285
332 287
332 289
332 290
332 297
332 300
332 301
332 302
332 304
332 307
332 309
332 310
332 312
332 313
332 316
332 319
332 320
332 322
332 325
332 330
332 352
332 358
332 360
333 240
333 249
333 252
333 261
333 273
333 285
333 287
333 289
333 293
333 298
333 299
333 302
333 304
333 309
333 312
333 321
333 326
333 327
333 334
333 345
333 347
334 247
334 265
334 272
334 282
334 288
334 291
334 295
334 297
334 298
334 301
334 305
334 306
334 308
334 312
334 313
334 314
334 317
334 318
334 320
334 322
334 328
334 331
334 337
334 340
334 353
335 253
335 265
335 277
335 289
335 295
335 297
335 299
335 300
335 302
335 303
335 304
335 309
335 310
335 312
335 317
335 320
335 321
335 322
335 324
335 328
335 330
335 362
336 282
336 285
336 291
336 292
336 293
336 297
336 299
336 300
336 302
336 303
336 305
336 308
336 312
336 313
336 314
336 322
336 324
336 339
336 354
337 260
337 261
337 276
337 283
337 284
337 290
337 291
337 295
337 300
337 302
337 304
337 307
337 310
337 311
337 312
337 314
337 318
337 322
337 330
337 331
337 342
337 355
338 250
338 265
338 278
338 292
338 293
338 298
338 302
338 305
338 308
338 316
338 333
339 239
339 279
339 280
339 288
339 300
339 301
339 303
339 304
339 306
339 308
339 312
339 327
339 333
339 362
340 243
340 265
340 283
340 290
340 300
340 304
340 311
340 314
340 315
340 323
340 325
340 346
340 348
340 355
341 270
341 277
341 279
341 285
341 288
341 295
341 298
341 301
341 302
341 305
341 308
341 313
341 318
341 350
342 253
342 278
342 287
342 295
342 296
342 300
342 301
342 303
342 311
342 314
342 317
342 318
342 325
343 278
343 280
343 287
343 298
343 306
343 308
343 310
343 312
343 338
344 292
344 293
344 295
344 311
344 324
345 286
345 289
345 291
345 296
345 306
345 310
345 311
345 312
345 317
345 321
345 323
345 325
345 335
345 344
346 282
346 283
346 294
346 303
346 304
346 311
346 314
346 341
347 277
347 293
347 322
347 328
348 271
348 275
348 282
348 287
348 296
348 297
348 299
348 332
348 337
349 259
349 278
349 279
349 292
349 305
349 313
349 321
349 322
349 324
349 332
350 287
350 296
350 331
351 286
351 305
351 307
351 317
351 322
351 339
352 277
352 278
352 290
352 324
352 339
353 318
354 309
354 339
354 345
356 260
356 312
356 328
357 302
357 308
357 311
357 335
357 338
358 293
358 300
359 289
360 313
360 340
361 293
362 312
362 322
362 327
363 290
364 303
364 313
364 315
366 251
366 281
367 277
369 302
369 322
371 259
371 272
374 264
376 253
376 273
