601
176 345
177 362
180 332
183 327
184 326
185 339
186 327
186 340
187 262
187 286
187 333
188 272
188 344
189 317
191 307
191 324
191 349
191 354
191 355
192 287
192 294
192 316
192 330
192 341
193 303
193 324
193 329
193 338
194 324
195 376
196 281
196 299
196 304
196 308
196 317
196 333
196 350
197 302
197 308
197 314
197 317
197 322
197 340
198 299
198 303
198 308
198 312
198 313
198 342
198 353
199 267
199 290
199 302
199 306
199 311
199 316
199 317
199 321
199 323
199 343
199 344
199 354
200 295
200 312
200 314
200 320
200 321
200 327
200 329
200 336
200 343
200 347
200 352
200 366
201 265
201 302
201 303
201 306
201 311
201 340
201 341
201 348
201 356
202 285
202 289
202 300
202 321
202 323
202 324
202 326
202 332
202 333
202 344
202 352
202 355
203 269
203 284
203 292
203 295
203 301
203 302
203 303
203 309
203 310
203 312
203 317
203 318
203 323
203 324
203 326
203 329
203 336
203 341
203 342
203 345
203 346
203 348
203 349
203 351
203 353
203 359
203 368
203 369
204 264
204 293
204 308
204 311
204 315
204 319
204 321
204 328
204 333
204 336
204 340
204 343
204 344
204 345
204 352
204 353
205 282
205 285
205 293
205 298
205 301
205 304
205 308
205 310
205 314
205 317
205 321
205 325
205 330
205 332
205 339
205 342
205 344
205 345
205 347
205 349
205 350
205 357
206 262
206 274
206 284
206 301
206 306
206 307
206 309
206 311
206 313
206 314
206 318
206 319
206 320
206 321
206 322
206 323
206 327
206 329
206 332
206 334
206 337
206 338
206 340
206 341
206 343
206 346
206 352
206 353
206 357
206 358
206 362
206 364
206 372
207 269
207 284
207 285
207 288
207 289
207 294
207 297
207 301
207 308
207 311
207 314
207 315
207 321
207 322
207 325
207 330
207 331
207 332
207 338
207 341
207 342
207 345
207 346
207 348
207 351
207 352
207 355
207 357
207 365
207 370
207 379
208 258
208 265
208 272
208 297
208 302
208 303
208 310
208 314
208 320
208 321
208 327
208 331
208 340
208 343
208 344
208 345
208 352
208 354
208 355
208 358
208 361
208 362
209 285
209 287
209 295
209 306
209 311
209 319
209 321
209 323
209 324
209 325
209 327
209 328
209 330
209 332
209 334
209 335
209 338
209 343
209 344
209 351
209 352
209 358
209 364
209 365
209 366
209 367
209 370
209 379
209 388
210 275
210 278
210 280
210 282
210 284
210 290
210 291
210 302
210 307
210 308
210 309
210 310
210 311
210 312
210 314
210 315
210 316
210 319
210 321
210 324
210 325
210 328
210 329
210 333
210 334
210 338
210 339
210 341
210 347
210 350
210 351
210 355
210 356
210 358
210 364
210 367
210 369
211 275
211 280
211 281
211 290
211 291
211 292
211 295
211 301
211 304
211 305
211 306
211 309
211 310
211 311
211 312
211 313
211 314
211 315
211 316
211 321
211 322
211 324
211 326
211 329
211 330
211 332
211 334
211 335
211 336
211 337
211 339
211 340
211 341
211 344
211 346
211 354
211 358
211 368
211 372
212 259
212 264
212 295
212 299
212 302
212 303
212 305
212 308
212 309
212 314
212 315
212 317
212 318
212 320
212 321
212 322
212 323
212 325
212 326
212 327
212 332
212 333
212 335
212 337
212 343
212 344
212 347
212 348
212 350
212 351
212 353
212 357
212 359
212 360
212 363
212 365
212 368
212 371
212 382
212 405
213 251
213 263
213 264
213 273
213 279
213 286
213 288
213 291
213 293
213 294
213 299
213 300
213 302
213 303
213 304
213 305
213 309
213 310
213 322
213 325
213 326
213 328
213 331
213 332
213 333
213 334
213 335
213 337
213 339
213 342
213 343
213 345
213 348
213 351
213 352
213 357
213 358
213 361
213 362
213 364
213 366
213 367
213 368
213 369
213 371
213 379
214 251
214 256
214 270
214 275
214 283
214 286
214 290
214 291
214 294
214 298
214 299
214 303
214 306
214 312
214 313
214 314
214 315
214 316
214 319
214 322
214 323
214 324
214 326
214 328
214 330
214 332
214 334
214 335
214 336
214 337
214 342
214 343
214 344
214 345
214 346
214 348
214 349
214 350
214 352
214 353
214 354
214 355
214 356
214 358
214 359
214 360
214 361
214 363
214 365
214 367
214 381
214 382
214 384
214 391
215 258
215 267
215 277
215 278
215 283
215 287
215 288
215 289
215 293
215 297
215 298
215 299
215 301
215 302
215 303
215 304
215 305
215 306
215 307
215 309
215 311
215 314
215 317
215 318
215 320
215 321
215 322
215 325
215 329
215 331
215 332
215 335
215 338
215 340
215 341
215 344
215 346
215 347
215 348
215 349
215 351
215 359
215 363
215 366
215 367
215 370
215 371
215 376
215 386
215 393
216 270
216 280
216 281
216 282
216 289
216 291
216 293
216 296
216 300
216 301
216 302
216 304
216 306
216 307
216 310
216 311
216 314
216 316
216 318
216 322
216 323
216 325
216 328
216 329
216 330
216 332
216 334
216 336
216 338
216 340
216 342
216 346
216 347
216 349
216 351
216 352
216 353
216 355
216 356
216 358
216 361
216 364
216 377
216 398
217 255
217 256
217 264
217 270
217 273
217 278
217 284
217 289
217 293
217 296
217 297
217 301
217 304
217 305
217 307
217 308
217 312
217 314
217 315
217 318
217 319
217 320
217 324
217 325
217 326
217 328
217 332
217 334
217 336
217 341
217 342
217 343
217 347
217 348
217 349
217 350
217 351
217 358
217 360
217 363
217 365
217 366
217 367
217 371
217 373
217 378
217 380
218 236
218 256
218 259
218 269
218 271
218 276
218 278
218 288
218 289
218 290
218 293
218 294
218 295
218 299
218 300
218 301
218 306
218 308
218 309
218 312
218 317
218 319
218 320
218 322
218 323
218 324
218 325
218 327
218 328
218 329
218 331
218 332
218 334
218 335
218 336
218 338
218 339
218 342
218 343
218 344
218 348
218 349
218 354
218 363
218 366
218 370
218 371
218 377
218 381
219 259
219 272
219 274
219 278
219 281
219 282
219 283
219 284
219 285
219 287
219 289
219 292
219 299
219 302
219 304
219 308
219 309
219 311
219 315
219 317
219 320
219 322
219 324
219 329
219 331
219 332
219 334
219 336
219 343
219 344
219 347
219 348
219 350
219 351
219 352
219 353
219 354
219 355
219 356
219 357
219 359
219 360
219 363
219 369
219 373
219 384
219 385
219 390
220 243
220 258
220 264
220 268
220 269
220 274
220 275
220 276
220 280
220 281
220 295
220 296
220 297
220 299
220 300
220 301
220 302
220 303
220 305
220 306
220 311
220 313
220 318
220 319
220 320
220 322
220 324
220 325
220 327
220 328
220 329
220 331
220 332
220 333
220 334
220 335
220 336
220 339
220 341
220 343
220 346
220 348
220 349
220 350
220 351
220 353
220 356
220 359
220 362
220 363
220 366
220 368
220 369
220 371
220 374
220 378
220 382
220 384
221 258
221 261
221 262
221 269
221 278
221 280
221 282
221 284
221 286
221 287
221 290
221 292
221 293
221 295
221 296
221 297
221 299
221 302
221 304
221 306
221 307
221 311
221 312
221 314
221 316
221 317
221 318
221 320
221 322
221 324
221 325
221 327
221 331
221 332
221 335
221 337
221 339
221 340
221 341
221 342
221 343
221 344
221 345
221 349
221 351
221 352
221 357
221 359
221 360
221 362
221 363
221 364
221 368
221 374
221 376
221 378
222 254
222 264
222 267
222 270
222 273
222 278
222 282
222 293
222 296
222 298
222 300
222 301
222 302
222 304
222 306
222 307
222 308
222 312
222 315
222 322
222 324
222 326
222 327
222 328
222 329
222 331
222 334
222 335
222 336
222 338
222 339
222 340
222 341
222 343
222 344
222 346
222 347
222 349
222 351
222 353
222 354
222 355
222 356
222 359
222 360
222 361
222 371
222 375
222 378
223 234
223 252
223 254
223 260
223 263
223 272
223 273
223 275
223 282
223 284
223 285
223 286
223 289
223 291
223 292
223 294
223 295
223 296
223 297
223 302
223 304
223 308
223 309
223 310
223 312
223 315
223 316
223 317
223 319
223 320
223 323
223 324
223 325
223 326
223 327
223 330
223 332
223 333
223 334
223 338
223 340
223 341
223 342
223 343
223 345
223 346
223 349
223 350
223 352
223 355
223 357
223 362
223 363
223 364
223 365
223 368
223 369
223 370
223 371
223 374
223 376
223 379
223 383
223 386
223 394
224 258
224 259
224 264
224 266
224 269
224 274
224 277
224 282
224 283
224 284
224 286
224 287
224 288
224 289
224 293
224 295
224 300
224 302
224 304
224 305
224 306
224 311
224 312
224 317
224 322
224 324
224 325
224 327
224 328
224 329
224 331
224 332
224 334
224 337
224 338
224 340
224 341
224 344
224 345
224 346
224 347
224 348
224 355
224 358
224 359
224 363
224 374
224 380
224 382
224 384
224 386
224 388
225 246
225 259
225 263
225 265
225 267
225 268
225 269
225 272
225 273
225 279
225 280
225 286
225 287
225 288
225 289
225 290
225 293
225 294
225 295
225 297
225 300
225 303
225 304
225 305
225 306
225 307
225 309
225 310
225 311
225 313
225 314
225 315
225 316
225 317
225 318
225 320
225 321
225 324
225 325
225 326
225 328
225 330
225 331
225 332
225 334
225 335
225 340
225 342
225 344
225 345
225 346
225 351
225 352
225 354
225 355
225 358
225 360
225 361
225 363
225 364
225 365
225 371
225 373
225 374
225 375
225 377
225 380
225 384
225 390
225 400
226 237
226 249
226 263
226 268
226 269
226 272
226 273
226 274
226 275
226 276
226 277
226 278
226 281
226 283
226 285
226 286
226 288
226 291
226 293
226 297
226 298
226 299
226 300
226 301
226 302
226 303
226 304
226 305
226 306
226 308
226 309
226 310
226 311
226 312
226 313
226 314
226 315
226 316
226 321
226 323
226 325
226 326
226 328
226 329
226 332
226 333
226 334
226 335
226 341
226 342
226 345
226 346
226 347
226 349
226 350
226 351
226 352
226 353
226 354
226 357
226 358
226 363
226 364
226 368
226 369
226 371
226 383
226 385
226 390
227 259
227 264
227 271
227 273
227 275
227 279
227 284
227 290
227 291
227 294
227 296
227 297
227 300
227 302
227 303
227 304
227 305
227 307
227 310
227 314
227 315
227 316
227 318
227 323
227 324
227 325
227 326
227 328
227 330
227 331
227 332
227 336
227 337
227 338
227 340
227 345
227 346
227 348
227 349
227 351
227 353
227 354
227 356
227 360
227 362
227 369
227 373
227 375
227 379
228 253
228 257
228 258
228 261
228 262
228 264
228 265
228 267
228 268
228 269
228 273
228 274
228 275
228 277
228 280
228 283
228 284
228 285
228 287
228 288
228 289
228 290
228 292
228 293
228 299
228 300
228 301
228 302
228 303
228 304
228 306
228 307
228 308
228 310
228 312
228 315
228 316
228 318
228 320
228 321
228 322
228 323
228 324
228 325
228 326
228 327
228 328
228 331
228 332
228 333
228 335
228 336
228 337
228 338
228 341
228 347
228 349
228 353
228 356
228 357
228 359
228 360
228 361
228 362
228 373
228 380
228 382
228 384
228 386
228 403
229 256
229 270
229 272
229 275
229 277
229 279
229 280
229 281
229 282
229 283
229 286
229 287
229 289
229 291
229 292
229 294
229 295
229 296
229 297
229 299
229 301
229 302
229 303
229 304
229 305
229 307
229 308
229 311
229 312
229 314
229 316
229 318
229 319
229 320
229 321
229 322
229 325
229 326
229 327
229 328
229 330
229 331
229 332
229 333
229 334
229 335
229 336
229 337
229 338
229 339
229 343
229 344
229 349
229 350
229 351
229 356
229 358
229 361
229 365
229 372
229 383
229 385
229 396
230 248
230 252
230 264
230 268
230 271
230 272
230 273
230 275
230 277
230 279
230 282
230 286
230 289
230 291
230 292
230 293
230 296
230 298
230 300
230 302
230 303
230 304
230 305
230 306
230 307
230 308
230 311
230 312
230 314
230 315
230 318
230 319
230 320
230 321
230 322
230 323
230 324
230 328
230 329
230 330
230 331
230 332
230 333
230 334
230 335
230 336
230 337
230 338
230 341
230 342
230 343
230 344
230 345
230 346
230 347
230 348
230 350
230 351
230 353
230 354
230 356
230 357
230 359
230 360
230 361
230 363
230 365
230 366
230 367
230 368
230 375
230 377
230 384
230 387
230 403
231 242
231 249
231 253
231 256
231 258
231 260
231 262
231 267
231 268
231 273
231 274
231 275
231 276
231 281
231 285
231 286
231 287
231 288
231 291
231 294
231 295
231 296
231 297
231 298
231 299
231 300
231 301
231 303
231 304
231 305
231 306
231 307
231 309
231 310
231 311
231 312
231 314
231 315
231 316
231 318
231 319
231 320
231 321
231 322
231 323
231 324
231 325
231 327
231 328
231 330
231 331
231 332
231 333
231 334
231 335
231 336
231 337
231 338
231 339
231 341
231 342
231 345
231 348
231 349
231 351
231 355
231 356
231 357
231 359
231 361
231 362
231 363
231 364
231 368
231 370
231 371
231 373
231 375
231 376
231 379
231 382
231 403
232 240
232 246
232 253
232 260
232 262
232 263
232 264
232 269
232 270
232 271
232 272
232 273
232 275
232 276
232 278
232 279
232 281
232 283
232 285
232 287
232 288
232 289
232 291
232 293
232 294
232 295
232 296
232 299
232 302
232 304
232 307
232 308
232 309
232 310
232 311
232 312
232 313
232 314
232 315
232 318
232 319
232 320
232 321
232 322
232 323
232 324
232 325
232 326
232 327
232 328
232 329
232 330
232 331
232 332
232 333
232 335
232 336
232 338
232 339
232 340
232 344
232 345
232 349
232 350
232 353
232 354
232 357
232 358
232 360
232 362
232 363
232 367
232 368
232 372
232 373
232 375
232 378
232 383
233 248
233 251
233 255
233 258
233 269
233 271
233 273
233 274
233 278
233 279
233 281
233 283
233 284
233 285
233 286
233 287
233 290
233 292
233 295
233 296
233 297
233 298
233 299
233 300
233 308
233 309
233 310
233 312
233 314
233 315
233 316
233 318
233 319
233 320
233 321
233 323
233 324
233 325
233 326
233 327
233 328
233 329
233 330
233 331
233 332
233 333
233 334
233 336
233 345
233 347
233 348
233 349
233 352
233 353
233 355
233 359
233 360
233 361
233 365
233 366
233 369
233 372
233 375
233 377
233 378
233 380
233 385
233 390
234 238
234 241
234 245
234 258
234 263
234 264
234 268
234 269
234 271
234 275
234 278
234 281
234 282
234 284
234 285
234 286
234 287
234 288
234 289
234 294
234 295
234 296
234 297
234 299
234 301
234 303
234 305
234 306
234 308
234 309
234 310
234 311
234 312
234 313
234 318
234 319
234 320
234 321
234 323
234 325
234 326
234 327
234 328
234 329
234 330
234 331
234 332
234 333
234 334
234 337
234 338
234 340
234 341
234 343
234 344
234 345
234 347
234 348
234 349
234 350
234 351
234 355
234 356
234 358
234 363
234 365
234 367
234 369
234 371
234 373
234 375
234 376
234 377
234 396
234 401
235 227
235 238
235 239
235 242
235 257
235 258
235 259
235 260
235 263
235 264
235 268
235 269
235 270
235 271
235 272
235 273
235 276
235 277
235 278
235 279
235 280
235 281
235 283
235 286
235 288
235 290
235 291
235 293
235 295
235 296
235 297
235 298
235 299
235 301
235 305
235 307
235 308
235 309
235 310
235 311
235 313
235 316
235 319
235 320
235 321
235 322
235 323
235 325
235 326
235 327
235 328
235 329
235 330
235 331
235 332
235 333
235 334
235 335
235 336
235 337
235 343
235 344
235 345
235 346
235 351
235 352
235 354
235 355
235 356
235 358
235 359
235 362
235 363
235 366
235 368
235 371
235 386
235 394
236 252
236 253
236 260
236 265
236 266
236 271
236 274
236 275
236 276
236 278
236 280
236 281
236 282
236 283
236 285
236 286
236 287
236 288
236 289
236 293
236 295
236 296
236 297
236 298
236 300
236 301
236 303
236 304
236 307
236 308
236 309
236 310
236 311
236 316
236 320
236 321
236 322
236 323
236 324
236 327
236 328
236 329
236 330
236 331
236 332
236 333
236 334
236 335
236 336
236 338
236 341
236 342
236 343
236 345
236 347
236 348
236 349
236 352
236 353
236 354
236 357
236 358
236 359
236 360
236 364
236 365
236 366
236 368
236 369
236 370
236 371
236 372
236 373
236 375
236 376
236 377
236 381
236 382
236 386
237 242
237 252
237 257
237 262
237 263
237 264
237 265
237 268
237 271
237 272
237 273
237 276
237 277
237 280
237 281
237 283
237 284
237 286
237 289
237 290
237 292
237 293
237 296
237 297
237 298
237 299
237 301
237 304
237 305
237 306
237 307
237 308
237 309
237 310
237 311
237 312
237 315
237 316
237 318
237 319
237 320
237 321
237 322
237 323
237 324
237 325
237 326
237 327
237 328
237 329
237 330
237 331
237 332
237 333
237 334
237 335
237 338
237 339
237 340
237 341
237 345
237 346
237 348
237 349
237 350
237 351
237 352
237 354
237 355
237 356
237 358
237 360
237 361
237 366
237 367
237 368
237 369
237 377
237 379
237 381
237 384
237 385
237 388
238 236
238 248
238 250
238 251
238 255
238 259
238 261
238 262
238 263
238 265
238 267
238 268
238 270
238 271
238 272
238 275
238 277
238 278
238 279
238 280
238 284
238 288
238 289
238 292
238 294
238 295
238 297
238 298
238 299
238 303
238 304
238 305
238 307
238 308
238 309
238 311
238 312
238 313
238 314
238 315
238 316
238 317
238 318
238 319
238 320
238 321
238 322
238 323
238 324
238 326
238 327
238 328
238 329
238 331
238 332
238 333
238 334
238 336
238 337
238 340
238 343
238 344
238 345
238 346
238 348
238 349
238 351
238 353
238 354
238 355
238 356
238 357
238 361
238 362
238 364
238 368
238 373
238 374
238 375
238 382
239 253
239 259
239 261
239 262
239 265
239 266
239 270
239 273
239 274
239 275
239 276
239 277
239 278
239 280
239 281
239 282
239 284
239 285
239 288
239 290
239 295
239 296
239 297
239 300
239 301
239 302
239 303
239 305
239 306
239 307
239 308
239 309
239 311
239 312
239 313
239 314
239 315
239 316
239 317
239 318
239 319
239 320
239 321
239 322
239 323
239 324
239 325
239 326
239 327
239 328
239 329
239 330
239 331
239 332
239 333
239 334
239 336
239 339
239 340
239 342
239 343
239 344
239 345
239 346
239 348
239 350
239 351
239 352
239 353
239 354
239 357
239 358
239 360
239 362
239 363
239 364
239 368
239 372
239 373
239 375
239 377
239 381
239 382
240 241
240 250
240 251
240 254
240 255
240 257
240 262
240 263
240 266
240 269
240 270
240 273
240 275
240 279
240 281
240 283
240 284
240 287
240 288
240 290
240 292
240 293
240 294
240 295
240 296
240 297
240 298
240 299
240 301
240 302
240 303
240 304
240 305
240 306
240 307
240 308
240 309
240 310
240 312
240 313
240 314
240 315
240 316
240 317
240 318
240 319
240 320
240 321
240 322
240 323
240 324
240 325
240 326
240 327
240 328
240 329
240 330
240 331
240 333
240 334
240 335
240 337
240 338
240 339
240 340
240 341
240 342
240 343
240 344
240 345
240 347
240 348
240 352
240 353
240 356
240 357
240 358
240 359
240 360
240 363
240 364
240 366
240 367
240 370
240 373
240 374
240 377
240 379
240 382
240 386
240 388
241 244
241 246
241 249
241 251
241 252
241 254
241 256
241 259
241 261
241 268
241 270
241 271
241 272
241 273
241 276
241 279
241 280
241 281
241 283
241 284
241 285
241 286
241 287
241 288
241 289
241 290
241 291
241 292
241 293
241 294
241 295
241 296
241 297
241 298
241 299
241 301
241 302
241 303
241 304
241 305
241 307
241 308
241 309
241 310
241 311
241 313
241 314
241 315
241 318
241 319
241 320
241 321
241 322
241 323
241 325
241 326
241 327
241 328
241 329
241 330
241 333
241 334
241 335
241 336
241 337
241 338
241 339
241 340
241 341
241 342
241 343
241 344
241 345
241 346
241 348
241 350
241 351
241 353
241 354
241 356
241 357
241 358
241 359
241 364
241 365
241 368
241 369
241 374
241 376
241 382
241 389
241 400
241 406
242 240
242 252
242 260
242 261
242 262
242 266
242 268
242 269
242 274
242 277
242 280
242 282
242 283
242 284
242 285
242 286
242 287
242 288
242 289
242 290
242 291
242 292
242 293
242 294
242 295
242 296
242 297
242 298
242 299
242 300
242 301
242 302
242 303
242 304
242 306
242 308
242 309
242 310
242 311
242 312
242 313
242 314
242 315
242 316
242 317
242 319
242 320
242 321
242 322
242 324
242 325
242 326
242 327
242 328
242 329
242 330
242 331
242 333
242 334
242 335
242 336
242 337
242 338
242 339
242 340
242 341
242 342
242 343
242 344
242 347
242 348
242 353
242 355
242 357
242 358
242 359
242 360
242 361
242 364
242 365
242 366
242 367
242 368
242 370
242 372
242 373
242 376
242 380
242 387
242 389
242 393
243 230
243 243
243 248
243 252
243 256
243 257
243 258
243 260
243 264
243 267
243 268
243 269
243 271
243 273
243 274
243 276
243 280
243 281
243 282
243 283
243 284
243 285
243 286
243 288
243 289
243 290
243 291
243 292
243 293
243 294
243 295
243 296
243 297
243 298
243 299
243 300
243 301
243 302
243 303
243 304
243 305
243 306
243 308
243 309
243 311
243 312
243 313
243 314
243 315
243 316
243 318
243 319
243 322
243 323
243 324
243 327
243 329
243 330
243 333
243 334
243 335
243 336
243 337
243 338
243 339
243 340
243 341
243 342
243 343
243 344
243 347
243 349
243 350
243 352
243 353
243 354
243 357
243 358
243 359
243 360
243 362
243 364
243 366
243 369
243 374
243 379
243 384
243 388
243 390
243 400
244 239
244 242
244 246
244 248
244 250
244 253
244 254
244 256
244 258
244 261
244 265
244 266
244 269
244 271
244 274
244 278
244 279
244 281
244 282
244 283
244 284
244 285
244 287
244 289
244 291
244 293
244 294
244 295
244 296
244 297
244 298
244 299
244 300
244 301
244 302
244 303
244 304
244 305
244 306
244 307
244 308
244 311
244 312
244 313
244 315
244 317
244 318
244 320
244 321
244 322
244 324
244 325
244 328
244 329
244 330
244 331
244 332
244 333
244 334
244 335
244 336
244 337
244 338
244 339
244 341
244 342
244 344
244 345
244 346
244 347
244 348
244 349
244 350
244 351
244 355
244 356
244 358
244 360
244 363
244 364
244 365
244 366
244 370
244 372
244 374
244 377
244 378
244 381
244 385
244 387
244 388
244 389
245 232
245 246
245 247
245 248
245 249
245 251
245 252
245 260
245 261
245 263
245 265
245 268
245 270
245 271
245 273
245 274
245 275
245 277
245 278
245 279
245 281
245 283
245 284
245 285
245 286
245 287
245 289
245 290
245 291
245 292
245 293
245 294
245 295
245 297
245 298
245 299
245 300
245 301
245 304
245 305
245 306
245 307
245 308
245 309
245 310
245 311
245 312
245 313
245 315
245 316
245 317
245 318
245 319
245 320
245 321
245 322
245 323
245 326
245 328
245 330
245 331
245 332
245 333
245 334
245 335
245 336
245 337
245 338
245 339
245 343
245 344
245 345
245 346
245 347
245 348
245 349
245 350
245 351
245 352
245 353
245 354
245 355
245 356
245 358
245 359
245 362
245 364
245 365
245 367
245 368
245 373
245 375
245 381
245 383
245 385
245 386
246 237
246 250
246 256
246 259
246 260
246 262
246 265
246 266
246 267
246 270
246 271
246 272
246 274
246 275
246 276
246 277
246 281
246 282
246 283
246 286
246 288
246 290
246 291
246 292
246 293
246 294
246 295
246 297
246 298
246 300
246 303
246 305
246 306
246 308
246 309
246 310
246 312
246 313
246 314
246 315
246 316
246 317
246 318
246 319
246 321
246 322
246 323
246 324
246 329
246 330
246 331
246 333
246 334
246 335
246 336
246 337
246 338
246 339
246 340
246 341
246 342
246 343
246 344
246 345
246 346
246 347
246 348
246 349
246 350
246 351
246 352
246 353
246 354
246 356
246 357
246 361
246 365
246 368
246 370
246 371
246 372
246 374
246 376
246 377
246 380
246 382
246 383
246 386
246 388
246 390
246 391
246 399
246 400
247 235
247 241
247 247
247 249
247 251
247 252
247 253
247 254
247 259
247 262
247 264
247 266
247 267
247 269
247 273
247 275
247 276
247 277
247 278
247 279
247 280
247 282
247 283
247 285
247 287
247 288
247 289
247 290
247 293
247 294
247 295
247 296
247 297
247 299
247 301
247 302
247 303
247 304
247 305
247 307
247 309
247 310
247 312
247 313
247 314
247 315
247 316
247 317
247 318
247 319
247 321
247 322
247 323
247 324
247 325
247 327
247 328
247 329
247 330
247 332
247 333
247 334
247 335
247 336
247 341
247 342
247 343
247 344
247 345
247 346
247 347
247 348
247 349
247 350
247 351
247 352
247 354
247 355
247 357
247 358
247 360
247 361
247 362
247 363
247 364
247 367
247 370
247 371
247 372
247 373
247 374
247 375
247 378
247 380
247 381
247 383
247 384
247 392
247 394
247 395
247 403
247 406
248 241
248 244
248 246
248 253
248 255
248 256
248 262
248 263
248 264
248 265
248 267
248 268
248 269
248 270
248 271
248 272
248 273
248 275
248 276
248 278
248 279
248 280
248 281
248 282
248 283
248 285
248 286
248 288
248 289
248 290
248 291
248 292
248 293
248 294
248 295
248 296
248 297
248 298
248 299
248 301
248 302
248 303
248 304
248 305
248 308
248 311
248 312
248 313
248 314
248 315
248 316
248 317
248 318
248 322
248 323
248 324
248 325
248 326
248 327
248 328
248 329
248 330
248 332
248 333
248 334
248 335
248 336
248 337
248 338
248 339
248 340
248 342
248 343
248 344
248 345
248 346
248 347
248 348
248 349
248 350
248 351
248 353
248 354
248 356
248 357
248 358
248 362
248 364
248 367
248 369
248 371
248 372
248 373
248 375
248 376
248 379
248 381
248 382
248 383
248 386
248 387
248 389
248 392
248 398
249 232
249 255
249 258
249 259
249 265
249 266
249 267
249 269
249 270
249 271
249 273
249 274
249 275
249 276
249 279
249 280
249 281
249 282
249 283
249 284
249 285
249 286
249 288
249 289
249 291
249 292
249 293
249 294
249 295
249 296
249 297
249 298
249 300
249 301
249 302
249 303
249 304
249 305
249 306
249 307
249 308
249 309
249 311
249 312
249 313
249 314
249 315
249 316
249 317
249 318
249 320
249 321
249 322
249 325
249 326
249 327
249 328
249 329
249 330
249 331
249 332
249 334
249 335
249 337
249 338
249 339
249 340
249 344
249 345
249 346
249 347
249 348
249 350
249 352
249 353
249 356
249 357
249 358
249 359
249 361
249 362
249 363
249 364
249 365
249 366
249 367
249 368
249 369
249 370
249 372
249 373
249 378
249 381
249 385
249 387
249 400
249 407
249 416
250 239
250 249
250 250
250 253
250 259
250 260
250 261
250 265
250 267
250 269
250 270
250 271
250 272
250 274
250 277
250 278
250 279
250 280
250 281
250 282
250 283
250 285
250 286
250 288
250 289
250 290
250 291
250 292
250 293
250 294
250 295
250 296
250 297
250 298
250 300
250 302
250 304
250 305
250 306
250 307
250 308
250 309
250 311
250 312
250 313
250 314
250 315
250 316
250 317
250 319
250 322
250 323
250 325
250 326
250 327
250 328
250 329
250 330
250 331
250 332
250 333
250 338
250 339
250 340
250 341
250 342
250 343
250 344
250 345
250 346
250 347
250 348
250 349
250 350
250 351
250 352
250 353
250 356
250 360
250 361
250 362
250 363
250 364
250 367
250 369
250 371
250 373
250 376
250 379
250 381
250 382
250 385
250 386
250 387
250 391
251 241
251 242
251 247
251 248
251 252
251 254
251 257
251 258
251 260
251 261
251 265
251 267
251 269
251 273
251 275
251 276
251 278
251 279
251 280
251 281
251 282
251 283
251 284
251 285
251 288
251 289
251 290
251 291
251 292
251 293
251 294
251 296
251 297
251 299
251 300
251 301
251 302
251 303
251 304
251 305
251 306
251 307
251 308
251 309
251 311
251 312
251 313
251 314
251 315
251 316
251 317
251 318
251 319
251 320
251 321
251 324
251 325
251 326
251 327
251 328
251 330
251 331
251 332
251 333
251 335
251 336
251 337
251 338
251 339
251 340
251 341
251 342
251 343
251 344
251 345
251 346
251 347
251 348
251 349
251 350
251 351
251 352
251 353
251 355
251 357
251 360
251 361
251 362
251 363
251 364
251 365
251 366
251 367
251 368
251 369
251 370
251 371
251 372
251 373
251 374
251 375
251 377
251 379
251 380
251 381
251 384
251 386
251 387
251 397
252 235
252 241
252 242
252 243
252 245
252 246
252 247
252 250
252 253
252 258
252 259
252 262
252 266
252 267
252 268
252 269
252 270
252 271
252 272
252 275
252 276
252 277
252 280
252 282
252 283
252 287
252 290
252 292
252 294
252 296
252 298
252 299
252 300
252 301
252 302
252 303
252 304
252 305
252 306
252 308
252 309
252 311
252 312
252 313
252 314
252 315
252 316
252 317
252 318
252 321
252 322
252 323
252 324
252 325
252 326
252 327
252 330
252 331
252 332
252 333
252 334
252 335
252 336
252 337
252 338
252 339
252 340
252 341
252 342
252 343
252 344
252 345
252 346
252 347
252 348
252 349
252 350
252 351
252 352
252 354
252 355
252 356
252 358
252 359
252 360
252 361
252 363
252 364
252 366
252 370
252 371
252 372
252 373
252 378
252 380
252 381
252 382
252 389
252 398
253 234
253 238
253 239
253 255
253 256
253 260
253 263
253 276
253 279
253 280
253 281
253 282
253 283
253 284
253 285
253 286
253 287
253 289
253 290
253 293
253 294
253 295
253 297
253 301
253 302
253 303
253 304
253 305
253 306
253 309
253 310
253 311
253 312
253 313
253 314
253 315
253 316
253 317
253 318
253 319
253 320
253 321
253 322
253 323
253 324
253 325
253 328
253 329
253 330
253 331
253 332
253 333
253 334
253 335
253 336
253 337
253 338
253 339
253 340
253 341
253 342
253 343
253 344
253 346
253 347
253 348
253 349
253 350
253 351
253 352
253 354
253 355
253 363
253 364
253 365
253 366
253 369
253 371
253 372
253 374
253 375
253 377
253 380
253 382
253 386
253 387
253 406
254 223
254 241
254 248
254 250
254 253
254 254
254 255
254 260
254 263
254 266
254 267
254 268
254 269
254 270
254 273
254 274
254 276
254 277
254 278
254 281
254 284
254 285
254 286
254 287
254 289
254 290
254 291
254 295
254 296
254 298
254 303
254 304
254 305
254 307
254 308
254 309
254 310
254 311
254 312
254 313
254 315
254 316
254 317
254 318
254 319
254 320
254 321
254 322
254 323
254 324
254 325
254 328
254 329
254 330
254 331
254 332
254 333
254 334
254 335
254 336
254 338
254 340
254 341
254 342
254 344
254 345
254 346
254 347
254 348
254 349
254 350
254 351
254 352
254 354
254 355
254 356
254 358
254 360
254 361
254 362
254 363
254 365
254 366
254 367
254 368
254 370
254 371
254 372
254 376
254 377
254 380
254 382
254 385
254 387
254 392
255 216
255 231
255 252
255 253
255 256
255 257
255 258
255 262
255 266
255 267
255 271
255 273
255 274
255 275
255 277
255 278
255 279
255 280
255 282
255 284
255 285
255 286
255 287
255 288
255 289
255 290
255 292
255 293
255 294
255 295
255 296
255 299
255 300
255 301
255 304
255 306
255 307
255 308
255 309
255 310
255 311
255 312
255 313
255 314
255 315
255 316
255 317
255 318
255 319
255 320
255 321
255 322
255 323
255 324
255 325
255 326
255 327
255 328
255 329
255 330
255 331
255 332
255 333
255 334
255 335
255 336
255 337
255 339
255 341
255 342
255 344
255 345
255 346
255 347
255 348
255 349
255 350
255 351
255 352
255 353
255 355
255 357
255 358
255 361
255 362
255 363
255 364
255 365
255 366
255 367
255 368
255 371
255 374
255 375
255 378
255 380
255 386
255 387
255 391
255 394
255 399
255 400
255 413
256 243
256 245
256 248
256 249
256 254
256 255
256 259
256 261
256 263
256 265
256 268
256 271
256 272
256 274
256 276
256 278
256 279
256 280
256 282
256 283
256 285
256 288
256 289
256 290
256 292
256 293
256 294
256 295
256 303
256 304
256 305
256 306
256 307
256 308
256 309
256 310
256 311
256 312
256 313
256 314
256 315
256 316
256 317
256 320
256 321
256 322
256 323
256 324
256 325
256 326
256 327
256 328
256 329
256 331
256 332
256 333
256 334
256 335
256 336
256 337
256 339
256 341
256 342
256 345
256 346
256 347
256 349
256 350
256 351
256 352
256 355
256 358
256 359
256 360
256 361
256 364
256 365
256 366
256 371
256 372
256 375
256 376
256 378
256 380
256 382
256 388
256 396
256 399
256 403
257 248
257 250
257 255
257 256
257 257
257 260
257 262
257 263
257 264
257 266
257 269
257 270
257 271
257 272
257 274
257 275
257 277
257 278
257 283
257 285
257 287
257 290
257 291
257 296
257 298
257 299
257 300
257 301
257 302
257 305
257 306
257 307
257 308
257 309
257 310
257 311
257 312
257 313
257 314
257 315
257 316
257 317
257 318
257 319
257 320
257 321
257 322
257 323
257 324
257 325
257 326
257 327
257 328
257 329
257 330
257 332
257 333
257 334
257 335
257 336
257 339
257 340
257 341
257 342
257 343
257 344
257 345
257 346
257 347
257 348
257 349
257 351
257 352
257 353
257 355
257 356
257 357
257 358
257 360
257 362
257 363
257 365
257 369
257 372
257 375
257 376
257 378
257 380
257 383
257 384
257 388
257 390
257 391
257 394
257 399
258 242
258 248
258 252
258 258
258 261
258 264
258 266
258 270
258 271
258 274
258 276
258 277
258 280
258 281
258 282
258 284
258 285
258 286
258 287
258 289
258 291
258 292
258 293
258 294
258 295
258 296
258 297
258 298
258 299
258 300
258 301
258 302
258 303
258 304
258 305
258 306
258 307
258 308
258 309
258 310
258 311
258 312
258 313
258 314
258 315
258 316
258 317
258 318
258 319
258 320
258 321
258 322
258 323
258 324
258 325
258 326
258 328
258 329
258 330
258 331
258 334
258 335
258 336
258 337
258 339
258 340
258 341
258 342
258 343
258 344
258 345
258 346
258 347
258 348
258 349
258 350
258 351
258 353
258 354
258 355
258 356
258 357
258 358
258 359
258 362
258 364
258 367
258 371
258 376
258 378
258 381
258 387
258 388
258 390
258 392
258 401
258 416
259 251
259 252
259 253
259 257
259 261
259 263
259 267
259 268
259 269
259 270
259 271
259 272
259 273
259 274
259 275
259 276
259 279
259 282
259 283
259 287
259 288
259 289
259 290
259 294
259 295
259 296
259 297
259 298
259 299
259 300
259 301
259 302
259 303
259 304
259 305
259 306
259 307
259 308
259 309
259 310
259 311
259 312
259 313
259 314
259 315
259 316
259 317
259 318
259 319
259 320
259 321
259 322
259 323
259 324
259 325
259 326
259 327
259 328
259 329
259 330
259 331
259 334
259 335
259 336
259 337
259 338
259 339
259 340
259 341
259 342
259 343
259 344
259 345
259 346
259 347
259 348
259 349
259 350
259 351
259 352
259 353
259 354
259 355
259 356
259 357
259 358
259 359
259 360
259 363
259 365
259 371
259 375
259 379
259 380
259 383
259 389
259 392
259 405
259 420
260 234
260 236
260 237
260 243
260 245
260 247
260 249
260 254
260 261
260 262
260 264
260 266
260 268
260 269
260 270
260 272
260 276
260 277
260 279
260 280
260 281
260 282
260 283
260 284
260 288
260 289
260 290
260 291
260 292
260 293
260 294
260 295
260 296
260 297
260 298
260 299
260 300
260 301
260 302
260 303
260 304
260 305
260 306
260 307
260 308
260 309
260 310
260 311
260 312
260 313
260 314
260 315
260 316
260 317
260 318
260 319
260 320
260 321
260 322
260 323
260 324
260 325
260 326
260 328
260 329
260 330
260 331
260 332
260 333
260 334
260 335
260 336
260 337
260 338
260 339
260 340
260 341
260 342
260 343
260 344
260 345
260 346
260 347
260 348
260 349
260 350
260 351
260 352
260 353
260 354
260 355
260 356
260 357
260 358
260 359
260 360
260 362
260 365
260 366
260 367
260 368
260 370
260 372
260 374
260 375
260 376
260 377
260 378
260 380
260 381
260 382
260 384
260 387
260 395
260 402
260 417
260 419
261 233
261 237
261 250
261 256
261 260
261 263
261 266
261 270
261 271
261 272
261 275
261 276
261 278
261 280
261 281
261 282
261 283
261 284
261 285
261 286
261 287
261 288
261 289
261 290
261 291
261 292
261 294
261 295
261 296
261 297
261 298
261 299
261 300
261 301
261 302
261 303
261 304
261 305
261 306
261 307
261 308
261 309
261 310
261 311
261 312
261 313
261 314
261 315
261 316
261 317
261 318
261 319
261 320
261 321
261 322
261 323
261 324
261 325
261 327
261 328
261 329
261 330
261 331
261 332
261 333
261 334
261 335
261 336
261 337
261 338
261 339
261 340
261 341
261 342
261 343
261 344
261 345
261 346
261 347
261 348
261 349
261 350
261 351
261 352
261 353
261 354
261 357
261 358
261 359
261 361
261 363
261 365
261 371
261 372
261 375
261 377
261 380
261 381
261 386
261 390
261 397
262 233
262 245
262 246
262 247
262 248
262 250
262 252
262 254
262 255
262 256
262 258
262 260
262 261
262 264
262 266
262 267
262 268
262 269
262 270
262 271
262 272
262 273
262 275
262 277
262 278
262 279
262 280
262 282
262 283
262 284
262 285
262 286
262 287
262 289
262 290
262 291
262 292
262 293
262 294
262 295
262 297
262 298
262 299
262 300
262 301
262 302
262 303
262 304
262 305
262 306
262 307
262 308
262 309
262 310
262 311
262 312
262 313
262 314
262 315
262 316
262 317
262 318
262 319
262 320
262 321
262 322
262 323
262 324
262 325
262 327
262 328
262 329
262 330
262 331
262 332
262 333
262 334
262 335
262 336
262 337
262 338
262 339
262 340
262 341
262 342
262 344
262 345
262 346
262 347
262 348
262 349
262 350
262 351
262 352
262 354
262 355
262 356
262 357
262 358
262 359
262 360
262 361
262 364
262 365
262 366
262 367
262 368
262 369
262 372
262 374
262 375
262 376
262 377
262 378
262 380
262 381
262 382
262 386
262 387
262 391
262 400
263 232
263 236
263 242
263 244
263 247
263 253
263 257
263 261
263 264
263 270
263 272
263 273
263 274
263 275
263 276
263 277
263 279
263 280
263 282
263 283
263 284
263 285
263 286
263 288
263 289
263 290
263 291
263 294
263 295
263 298
263 299
263 300
263 301
263 303
263 306
263 307
263 308
263 309
263 310
263 311
263 312
263 313
263 314
263 315
263 316
263 317
263 318
263 319
263 320
263 321
263 322
263 323
263 324
263 328
263 329
263 330
263 331
263 332
263 333
263 334
263 335
263 336
263 337
263 338
263 339
263 340
263 341
263 342
263 344
263 345
263 346
263 347
263 348
263 349
263 350
263 351
263 352
263 353
263 355
263 356
263 358
263 359
263 360
263 362
263 363
263 364
263 365
263 367
263 370
263 371
263 377
263 381
263 383
263 386
263 389
263 390
263 396
263 426
264 242
264 251
264 252
264 255
264 257
264 258
264 259
264 260
264 266
264 267
264 269
264 270
264 275
264 277
264 279
264 280
264 281
264 282
264 283
264 284
264 285
264 286
264 287
264 288
264 289
264 290
264 291
264 292
264 293
264 294
264 295
264 296
264 298
264 299
264 300
264 303
264 304
264 305
264 307
264 308
264 309
264 310
264 311
264 312
264 313
264 314
264 315
264 316
264 317
264 318
264 319
264 320
264 321
264 323
264 324
264 325
264 326
264 327
264 328
264 329
264 330
264 331
264 332
264 333
264 335
264 336
264 337
264 338
264 339
264 340
264 341
264 342
264 343
264 344
264 345
264 346
264 347
264 348
264 349
264 350
264 351
264 352
264 354
264 357
264 358
264 359
264 362
264 364
264 365
264 366
264 367
264 368
264 371
264 372
264 374
264 375
264 377
264 389
264 391
264 396
264 401
265 234
265 245
265 254
265 260
265 261
265 262
265 264
265 265
265 267
265 269
265 271
265 272
265 273
265 274
265 276
265 277
265 280
265 281
265 282
265 283
265 284
265 285
265 286
265 287
265 288
265 289
265 290
265 291
265 292
265 293
265 294
265 295
265 296
265 297
265 301
265 302
265 303
265 304
265 305
265 306
265 307
265 308
265 309
265 310
265 311
265 312
265 315
265 316
265 317
265 318
265 319
265 320
265 321
265 322
265 323
265 324
265 325
265 326
265 327
265 328
265 329
265 330
265 331
265 332
265 334
265 335
265 338
265 339
265 340
265 341
265 342
265 343
265 344
265 345
265 346
265 347
265 348
265 349
265 350
265 351
265 352
265 355
265 357
265 358
265 360
265 365
265 366
265 367
265 370
265 372
265 374
265 379
265 391
265 394
265 395
265 405
265 413
266 234
266 236
266 242
266 244
266 247
266 248
266 250
266 251
266 255
266 258
266 259
266 261
266 263
266 265
266 266
266 267
266 268
266 270
266 273
266 274
266 277
266 278
266 281
266 282
266 283
266 284
266 285
266 286
266 287
266 289
266 291
266 292
266 293
266 294
266 295
266 296
266 298
266 299
266 301
266 302
266 303
266 304
266 305
266 306
266 307
266 308
266 309
266 310
266 311
266 312
266 313
266 314
266 315
266 316
266 317
266 318
266 319
266 320
266 321
266 322
266 323
266 324
266 325
266 326
266 327
266 328
266 329
266 330
266 331
266 332
266 333
266 334
266 335
266 336
266 337
266 338
266 339
266 340
266 341
266 342
266 343
266 344
266 345
266 346
266 347
266 348
266 349
266 350
266 351
266 352
266 353
266 354
266 357
266 358
266 359
266 361
266 362
266 363
266 364
266 366
266 368
266 372
266 373
266 375
266 376
266 378
266 379
266 381
266 384
266 386
266 390
266 391
266 393
266 417
267 242
267 247
267 255
267 256
267 258
267 259
267 264
267 265
267 266
267 268
267 270
267 271
267 272
267 273
267 275
267 276
267 277
267 280
267 281
267 282
267 283
267 284
267 285
267 286
267 287
267 288
267 291
267 292
267 293
267 294
267 295
267 296
267 297
267 299
267 300
267 301
267 302
267 303
267 304
267 305
267 306
267 307
267 308
267 309
267 310
267 311
267 312
267 313
267 314
267 315
267 316
267 317
267 318
267 319
267 320
267 321
267 322
267 323
267 324
267 325
267 326
267 327
267 328
267 329
267 330
267 331
267 332
267 333
267 334
267 335
267 336
267 337
267 338
267 339
267 340
267 341
267 342
267 343
267 344
267 345
267 346
267 347
267 348
267 349
267 350
267 351
267 352
267 353
267 354
267 355
267 356
267 357
267 358
267 359
267 360
267 361
267 363
267 364
267 365
267 367
267 369
267 370
267 373
267 376
267 378
267 379
267 380
267 383
267 384
267 397
267 411
267 414
267 417
268 236
268 248
268 250
268 253
268 258
268 260
268 262
268 263
268 264
268 266
268 267
268 268
268 271
268 274
268 275
268 276
268 277
268 278
268 279
268 280
268 281
268 282
268 283
268 284
268 285
268 286
268 289
268 290
268 291
268 292
268 293
268 294
268 295
268 296
268 297
268 298
268 299
268 300
268 301
268 302
268 303
268 304
268 305
268 306
268 307
268 308
268 309
268 310
268 311
268 312
268 313
268 314
268 315
268 316
268 317
268 318
268 319
268 320
268 321
268 322
268 323
268 324
268 325
268 326
268 327
268 328
268 329
268 331
268 332
268 333
268 334
268 335
268 336
268 337
268 338
268 339
268 340
268 344
268 346
268 347
268 348
268 349
268 350
268 351
268 352
268 353
268 354
268 357
268 361
268 362
268 363
268 364
268 365
268 367
268 371
268 375
268 376
268 377
268 381
268 383
268 387
268 392
268 393
268 395
268 396
269 236
269 246
269 248
269 251
269 254
269 258
269 259
269 260
269 261
269 263
269 264
269 271
269 272
269 273
269 274
269 275
269 276
269 277
269 279
269 280
269 281
269 282
269 283
269 284
269 286
269 288
269 289
269 290
269 291
269 292
269 293
269 294
269 296
269 297
269 298
269 299
269 300
269 301
269 302
269 304
269 307
269 308
269 309
269 310
269 311
269 312
269 313
269 314
269 315
269 316
269 317
269 318
269 319
269 320
269 321
269 322
269 323
269 324
269 325
269 326
269 327
269 328
269 329
269 330
269 331
269 332
269 333
269 334
269 335
269 336
269 337
269 338
269 339
269 340
269 341
269 343
269 346
269 348
269 349
269 352
269 353
269 354
269 355
269 356
269 357
269 359
269 361
269 362
269 364
269 366
269 368
269 371
269 372
269 373
269 374
269 375
269 377
269 378
269 379
269 387
269 390
269 393
269 398
269 402
269 403
270 240
270 241
270 246
270 249
270 251
270 255
270 256
270 257
270 258
270 261
270 263
270 265
270 267
270 269
270 276
270 279
270 280
270 281
270 282
270 283
270 284
270 285
270 286
270 287
270 288
270 289
270 290
270 291
270 292
270 294
270 295
270 298
270 299
270 300
270 302
270 303
270 307
270 308
270 310
270 311
270 312
270 313
270 314
270 315
270 316
270 317
270 318
270 319
270 320
270 321
270 322
270 323
270 324
270 325
270 326
270 327
270 328
270 329
270 330
270 332
270 333
270 334
270 335
270 336
270 337
270 338
270 339
270 340
270 341
270 343
270 346
270 348
270 349
270 350
270 351
270 352
270 353
270 354
270 355
270 358
270 359
270 363
270 364
270 366
270 369
270 371
270 372
270 374
270 375
270 376
270 380
270 396
270 403
270 423
271 230
271 238
271 239
271 242
271 246
271 250
271 253
271 254
271 255
271 256
271 261
271 263
271 269
271 270
271 271
271 273
271 274
271 275
271 276
271 277
271 278
271 279
271 280
271 281
271 283
271 284
271 285
271 286
271 287
271 288
271 289
271 290
271 291
271 292
271 294
271 296
271 299
271 301
271 302
271 303
271 305
271 306
271 307
271 308
271 309
271 311
271 315
271 316
271 317
271 318
271 319
271 320
271 321
271 322
271 323
271 324
271 325
271 326
271 327
271 328
271 329
271 330
271 331
271 332
271 333
271 334
271 335
271 336
271 337
271 338
271 339
271 340
271 341
271 342
271 344
271 346
271 347
271 349
271 350
271 351
271 352
271 353
271 354
271 355
271 356
271 357
271 358
271 359
271 360
271 361
271 362
271 364
271 368
271 369
271 370
271 373
271 374
271 378
271 379
271 382
271 384
271 392
271 396
271 400
271 404
272 237
272 244
272 247
272 252
272 254
272 255
272 258
272 259
272 260
272 262
272 263
272 264
272 265
272 266
272 267
272 268
272 269
272 270
272 271
272 272
272 275
272 276
272 277
272 278
272 279
272 280
272 281
272 282
272 283
272 284
272 286
272 287
272 288
272 289
272 291
272 292
272 293
272 296
272 297
272 299
272 301
272 302
272 303
272 305
272 306
272 307
272 308
272 309
272 310
272 311
272 312
272 315
272 316
272 317
272 318
272 319
272 320
272 321
272 322
272 323
272 324
272 325
272 326
272 327
272 328
272 329
272 330
272 331
272 332
272 333
272 334
272 335
272 336
272 337
272 338
272 339
272 340
272 341
272 342
272 343
272 344
272 345
272 346
272 347
272 348
272 349
272 350
272 351
272 352
272 353
272 354
272 355
272 356
272 357
272 358
272 359
272 360
272 364
272 368
272 371
272 372
272 373
272 376
272 377
272 380
272 381
272 389
272 410
273 236
273 238
273 250
273 254
273 257
273 264
273 265
273 267
273 268
273 271
273 272
273 273
273 276
273 277
273 278
273 279
273 280
273 281
273 282
273 283
273 286
273 287
273 288
273 290
273 291
273 293
273 296
273 297
273 298
273 299
273 301
273 305
273 306
273 307
273 308
273 309
273 310
273 311
273 312
273 313
273 314
273 315
273 316
273 317
273 318
273 319
273 320
273 321
273 322
273 323
273 324
273 325
273 326
273 327
273 328
273 329
273 330
273 331
273 332
273 333
273 334
273 335
273 336
273 337
273 338
273 339
273 340
273 341
273 342
273 343
273 344
273 346
273 347
273 348
273 349
273 350
273 351
273 352
273 353
273 354
273 355
273 356
273 357
273 358
273 359
273 360
273 361
273 362
273 363
273 364
273 365
273 366
273 367
273 370
273 371
273 375
273 377
273 378
273 380
273 388
273 393
273 401
273 407
274 245
274 247
274 249
274 254
274 258
274 259
274 262
274 263
274 264
274 265
274 266
274 269
274 270
274 272
274 275
274 276
274 277
274 278
274 279
274 280
274 281
274 282
274 283
274 284
274 285
274 286
274 287
274 288
274 291
274 292
274 293
274 294
274 295
274 297
274 298
274 299
274 300
274 302
274 303
274 304
274 305
274 306
274 307
274 308
274 309
274 310
274 311
274 312
274 313
274 314
274 315
274 316
274 317
274 318
274 319
274 320
274 321
274 322
274 323
274 324
274 325
274 326
274 327
274 328
274 329
274 330
274 331
274 332
274 333
274 334
274 335
274 336
274 337
274 338
274 339
274 340
274 341
274 342
274 343
274 344
274 347
274 348
274 349
274 350
274 351
274 352
274 353
274 354
274 355
274 356
274 357
274 358
274 359
274 361
274 362
274 363
274 364
274 365
274 366
274 373
274 374
274 377
274 380
274 381
274 382
274 386
274 387
274 395
275 233
275 237
275 241
275 242
275 245
275 248
275 253
275 256
275 259
275 260
275 264
275 265
275 266
275 268
275 270
275 272
275 273
275 274
275 275
275 276
275 277
275 278
275 279
275 280
275 281
275 282
275 283
275 284
275 285
275 286
275 287
275 288
275 289
275 290
275 291
275 292
275 293
275 294
275 295
275 296
275 297
275 298
275 299
275 300
275 301
275 302
275 303
275 304
275 305
275 306
275 307
275 308
275 309
275 310
275 311
275 312
275 313
275 314
275 315
275 316
275 317
275 318
275 319
275 320
275 321
275 322
275 323
275 324
275 325
275 326
275 327
275 328
275 329
275 330
275 331
275 332
275 333
275 334
275 335
275 336
275 337
275 338
275 339
275 340
275 341
275 342
275 343
275 344
275 345
275 346
275 348
275 349
275 350
275 351
275 352
275 353
275 354
275 355
275 356
275 357
275 358
275 359
275 360
275 361
275 362
275 363
275 364
275 365
275 366
275 367
275 368
275 369
275 370
275 371
275 372
275 375
275 376
275 377
275 378
275 379
275 386
275 390
275 392
275 401
275 405
275 406
276 206
276 240
276 242
276 247
276 251
276 257
276 258
276 260
276 261
276 262
276 263
276 264
276 265
276 266
276 268
276 271
276 272
276 273
276 274
276 275
276 276
276 277
276 278
276 279
276 280
276 281
276 282
276 283
276 284
276 285
276 286
276 287
276 288
276 289
276 290
276 291
276 292
276 293
276 294
276 295
276 296
276 297
276 298
276 299
276 300
276 301
276 302
276 303
276 304
276 305
276 306
276 307
276 308
276 309
276 310
276 311
276 312
276 313
276 314
276 315
276 316
276 317
276 318
276 319
276 320
276 321
276 322
276 323
276 324
276 325
276 326
276 327
276 328
276 329
276 330
276 332
276 333
276 334
276 335
276 336
276 337
276 338
276 339
276 340
276 341
276 342
276 343
276 344
276 345
276 346
276 347
276 348
276 349
276 350
276 351
276 352
276 353
276 354
276 355
276 356
276 357
276 358
276 359
276 360
276 361
276 362
276 363
276 364
276 365
276 366
276 367
276 370
276 373
276 374
276 377
276 380
276 381
276 382
276 383
276 384
276 387
276 390
276 396
276 400
276 403
277 228
277 229
277 241
277 244
277 245
277 246
277 247
277 249
277 250
277 253
277 255
277 256
277 258
277 260
277 264
277 265
277 267
277 268
277 269
277 272
277 273
277 274
277 275
277 276
277 277
277 278
277 279
277 280
277 281
277 282
277 283
277 285
277 286
277 287
277 288
277 289
277 290
277 291
277 292
277 293
277 294
277 295
277 296
277 297
277 298
277 299
277 300
277 301
277 302
277 303
277 304
277 305
277 306
277 307
277 308
277 309
277 311
277 312
277 313
277 315
277 316
277 317
277 318
277 319
277 320
277 321
277 322
277 323
277 324
277 325
277 326
277 327
277 328
277 329
277 330
277 332
277 333
277 334
277 335
277 336
277 337
277 338
277 339
277 340
277 341
277 342
277 343
277 344
277 345
277 346
277 347
277 348
277 349
277 350
277 351
277 352
277 353
277 356
277 357
277 359
277 366
277 368
277 369
277 370
277 371
277 374
277 376
277 378
277 380
277 382
277 385
277 387
277 391
277 396
277 400
278 236
278 237
278 239
278 242
278 244
278 246
278 252
278 254
278 256
278 258
278 260
278 267
278 269
278 271
278 272
278 273
278 274
278 276
278 278
278 279
278 280
278 281
278 282
278 283
278 285
278 286
278 287
278 288
278 291
278 293
278 295
278 296
278 297
278 298
278 299
278 300
278 301
278 303
278 304
278 305
278 306
278 307
278 311
278 312
278 313
278 315
278 316
278 317
278 318
278 319
278 320
278 321
278 322
278 323
278 324
278 325
278 326
278 327
278 328
278 329
278 330
278 331
278 332
278 333
278 334
278 336
278 338
278 341
278 342
278 344
278 345
278 346
278 347
278 348
278 349
278 350
278 351
278 352
278 353
278 357
278 360
278 361
278 362
278 363
278 364
278 365
278 366
278 371
278 372
278 373
278 376
278 377
278 378
278 398
279 236
279 237
279 241
279 242
279 251
279 258
279 259
279 266
279 267
279 269
279 270
279 272
279 275
279 276
279 279
279 280
279 281
279 283
279 286
279 289
279 290
279 292
279 297
279 298
279 299
279 300
279 301
279 302
279 304
279 305
279 306
279 308
279 311
279 312
279 313
279 314
279 315
279 316
279 317
279 318
279 319
279 320
279 321
279 322
279 323
279 324
279 325
279 326
279 327
279 328
279 329
279 330
279 331
279 332
279 333
279 335
279 338
279 339
279 340
279 341
279 342
279 343
279 346
279 347
279 348
279 351
279 352
279 353
279 355
279 357
279 358
279 359
279 361
279 362
279 364
279 367
279 371
279 372
279 378
279 380
279 384
279 387
279 388
279 391
279 394
279 396
279 402
280 217
280 231
280 239
280 240
280 244
280 246
280 247
280 249
280 251
280 252
280 254
280 255
280 256
280 258
280 259
280 261
280 262
280 264
280 266
280 267
280 270
280 273
280 274
280 278
280 279
280 280
280 281
280 284
280 285
280 287
280 288
280 290
280 291
280 292
280 293
280 294
280 295
280 297
280 298
280 299
280 300
280 301
280 302
280 303
280 304
280 305
280 306
280 311
280 312
280 313
280 314
280 315
280 316
280 317
280 318
280 319
280 320
280 321
280 322
280 323
280 324
280 325
280 326
280 327
280 328
280 329
280 330
280 331
280 332
280 333
280 334
280 338
280 339
280 341
280 342
280 343
280 344
280 349
280 350
280 351
280 352
280 353
280 355
280 356
280 359
280 361
280 362
280 365
280 367
280 369
280 371
280 372
280 373
280 374
280 379
280 386
280 404
281 227
281 246
281 247
281 252
281 256
281 257
281 261
281 264
281 266
281 268
281 272
281 274
281 276
281 277
281 278
281 279
281 280
281 282
281 283
281 284
281 287
281 288
281 289
281 290
281 291
281 292
281 293
281 294
281 295
281 296
281 297
281 298
281 299
281 300
281 301
281 302
281 303
281 304
281 305
281 306
281 307
281 308
281 309
281 310
281 311
281 312
281 313
281 314
281 315
281 316
281 317
281 318
281 319
281 320
281 321
281 322
281 323
281 324
281 325
281 327
281 328
281 330
281 331
281 332
281 333
281 334
281 336
281 337
281 338
281 339
281 340
281 341
281 342
281 343
281 344
281 345
281 346
281 347
281 349
281 351
281 352
281 353
281 354
281 355
281 356
281 357
281 363
281 365
281 366
281 369
281 371
281 373
281 375
281 378
281 379
281 385
281 404
281 408
281 415
282 224
282 233
282 245
282 247
282 248
282 250
282 251
282 252
282 253
282 255
282 257
282 259
282 262
282 265
282 266
282 269
282 272
282 273
282 274
282 276
282 277
282 279
282 282
282 283
282 284
282 285
282 286
282 287
282 288
282 289
282 290
282 291
282 292
282 293
282 294
282 295
282 296
282 297
282 298
282 299
282 300
282 301
282 302
282 303
282 304
282 305
282 306
282 307
282 308
282 309
282 311
282 312
282 313
282 314
282 315
282 316
282 317
282 318
282 319
282 322
282 323
282 324
282 325
282 327
282 328
282 330
282 331
282 332
282 333
282 334
282 335
282 336
282 337
282 338
282 339
282 340
282 341
282 342
282 343
282 344
282 347
282 348
282 349
282 350
282 352
282 353
282 354
282 357
282 358
282 359
282 360
282 361
282 365
282 366
282 367
282 369
282 370
282 371
282 372
282 376
282 378
282 381
282 382
282 384
282 387
282 390
282 392
282 394
282 407
283 237
283 238
283 242
283 244
283 246
283 250
283 255
283 260
283 261
283 263
283 264
283 265
283 266
283 268
283 269
283 270
283 271
283 272
283 273
283 274
283 276
283 277
283 278
283 279
283 281
283 282
283 283
283 284
283 285
283 286
283 287
283 288
283 289
283 290
283 291
283 292
283 293
283 294
283 295
283 296
283 297
283 298
283 299
283 300
283 301
283 302
283 303
283 304
283 305
283 306
283 307
283 308
283 311
283 312
283 313
283 314
283 315
283 316
283 321
283 322
283 323
283 324
283 325
283 326
283 327
283 328
283 329
283 330
283 331
283 332
283 333
283 334
283 335
283 336
283 337
283 338
283 339
283 340
283 341
283 342
283 343
283 344
283 345
283 346
283 347
283 348
283 349
283 350
283 351
283 352
283 353
283 354
283 355
283 357
283 358
283 359
283 360
283 361
283 362
283 368
283 369
283 371
283 373
283 374
283 376
283 380
283 382
283 392
283 394
283 403
284 224
284 227
284 237
284 239
284 241
284 244
284 246
284 250
284 253
284 254
284 257
284 260
284 261
284 262
284 266
284 267
284 268
284 269
284 270
284 272
284 273
284 275
284 277
284 278
284 279
284 280
284 282
284 283
284 284
284 285
284 286
284 287
284 288
284 289
284 290
284 291
284 293
284 294
284 295
284 296
284 297
284 298
284 301
284 302
284 303
284 304
284 305
284 306
284 307
284 308
284 309
284 310
284 311
284 312
284 313
284 314
284 315
284 316
284 319
284 320
284 321
284 322
284 324
284 325
284 326
284 327
284 328
284 329
284 330
284 331
284 332
284 333
284 334
284 335
284 336
284 337
284 338
284 339
284 340
284 341
284 342
284 343
284 344
284 345
284 346
284 347
284 348
284 349
284 350
284 351
284 352
284 353
284 354
284 355
284 356
284 357
284 358
284 359
284 360
284 361
284 362
284 363
284 364
284 365
284 368
284 371
284 373
284 374
284 377
284 381
284 386
284 389
284 395
284 396
284 397
284 398
285 233
285 234
285 246
285 247
285 248
285 250
285 252
285 255
285 259
285 260
285 261
285 263
285 266
285 268
285 270
285 271
285 272
285 273
285 274
285 275
285 276
285 277
285 278
285 279
285 280
285 284
285 286
285 287
285 288
285 289
285 290
285 291
285 292
285 295
285 296
285 297
285 298
285 301
285 302
285 303
285 304
285 305
285 306
285 307
285 308
285 309
285 310
285 311
285 312
285 313
285 314
285 315
285 316
285 317
285 318
285 319
285 320
285 321
285 322
285 323
285 324
285 325
285 326
285 327
285 328
285 329
285 330
285 331
285 332
285 333
285 334
285 335
285 336
285 337
285 338
285 339
285 340
285 341
285 342
285 343
285 344
285 345
285 346
285 347
285 350
285 351
285 352
285 353
285 354
285 355
285 356
285 357
285 358
285 359
285 360
285 361
285 363
285 364
285 368
285 372
285 375
285 376
285 378
285 379
285 387
285 388
285 394
285 396
286 220
286 245
286 249
286 250
286 252
286 255
286 256
286 257
286 259
286 262
286 264
286 265
286 266
286 267
286 271
286 273
286 274
286 275
286 276
286 277
286 278
286 279
286 280
286 281
286 282
286 283
286 284
286 285
286 286
286 287
286 288
286 289
286 290
286 291
286 292
286 294
286 295
286 296
286 297
286 298
286 299
286 300
286 301
286 302
286 303
286 304
286 305
286 306
286 307
286 308
286 309
286 310
286 311
286 312
286 313
286 314
286 315
286 316
286 317
286 318
286 319
286 320
286 321
286 324
286 325
286 326
286 327
286 328
286 329
286 330
286 331
286 332
286 333
286 334
286 335
286 336
286 337
286 338
286 339
286 340
286 341
286 342
286 343
286 344
286 345
286 346
286 347
286 348
286 349
286 350
286 351
286 352
286 353
286 354
286 355
286 356
286 357
286 358
286 359
286 360
286 361
286 362
286 363
286 365
286 366
286 367
286 368
286 370
286 373
286 377
286 381
286 383
286 393
286 406
286 411
287 230
287 237
287 240
287 252
287 254
287 255
287 258
287 260
287 261
287 263
287 265
287 267
287 268
287 269
287 270
287 272
287 273
287 274
287 275
287 276
287 277
287 278
287 279
287 280
287 281
287 282
287 283
287 284
287 285
287 286
287 287
287 288
287 289
287 290
287 291
287 292
287 293
287 294
287 295
287 296
287 297
287 298
287 299
287 300
287 301
287 302
287 303
287 304
287 305
287 306
287 307
287 308
287 309
287 310
287 311
287 312
287 313
287 314
287 315
287 316
287 317
287 318
287 319
287 320
287 321
287 323
287 324
287 325
287 326
287 327
287 328
287 329
287 330
287 331
287 332
287 333
287 334
287 335
287 336
287 337
287 338
287 339
287 340
287 341
287 342
287 343
287 344
287 345
287 346
287 348
287 349
287 350
287 351
287 352
287 353
287 354
287 355
287 356
287 357
287 358
287 359
287 360
287 361
287 362
287 363
287 366
287 367
287 369
287 371
287 373
287 374
287 375
287 376
287 377
287 379
287 380
287 384
287 389
287 390
288 219
288 241
288 244
288 251
288 252
288 256
288 259
288 261
288 263
288 264
288 265
288 267
288 268
288 269
288 270
288 271
288 272
288 273
288 274
288 275
288 276
288 277
288 278
288 279
288 280
288 281
288 282
288 283
288 284
288 285
288 286
288 287
288 288
288 290
288 291
288 295
288 296
288 297
288 298
288 299
288 300
288 301
288 302
288 303
288 304
288 305
288 306
288 307
288 308
288 309
288 310
288 311
288 312
288 313
288 314
288 317
288 318
288 319
288 320
288 321
288 325
288 326
288 327
288 328
288 329
288 330
288 331
288 332
288 333
288 334
288 335
288 336
288 337
288 338
288 339
288 340
288 341
288 342
288 343
288 344
288 345
288 346
288 347
288 348
288 349
288 350
288 351
288 352
288 353
288 354
288 355
288 356
288 357
288 358
288 359
288 360
288 361
288 362
288 363
288 365
288 367
288 368
288 371
288 372
288 374
288 377
288 378
288 382
288 392
288 393
288 398
288 401
289 230
289 248
289 249
289 255
289 256
289 259
289 260
289 262
289 265
289 266
289 267
289 268
289 269
289 270
289 271
289 272
289 273
289 275
289 277
289 278
289 279
289 280
289 284
289 285
289 286
289 287
289 290
289 291
289 292
289 295
289 296
289 299
289 300
289 301
289 303
289 304
289 305
289 306
289 307
289 308
289 310
289 311
289 312
289 313
289 314
289 316
289 317
289 318
289 319
289 320
289 321
289 323
289 324
289 325
289 326
289 327
289 328
289 329
289 330
289 331
289 332
289 333
289 334
289 335
289 336
289 337
289 338
289 339
289 340
289 341
289 342
289 343
289 344
289 345
289 346
289 347
289 348
289 349
289 351
289 352
289 353
289 354
289 355
289 356
289 357
289 358
289 359
289 360
289 363
289 364
289 366
289 368
289 371
289 373
289 375
289 378
289 381
289 382
289 384
289 390
289 396
289 400
290 231
290 237
290 238
290 245
290 248
290 256
290 261
290 263
290 267
290 269
290 274
290 275
290 277
290 279
290 281
290 283
290 284
290 285
290 286
290 287
290 289
290 290
290 291
290 292
290 294
290 295
290 297
290 298
290 300
290 301
290 302
290 303
290 304
290 305
290 306
290 307
290 308
290 311
290 312
290 313
290 316
290 317
290 318
290 319
290 320
290 321
290 322
290 323
290 324
290 325
290 326
290 327
290 328
290 329
290 331
290 333
290 336
290 337
290 338
290 339
290 340
290 341
290 343
290 344
290 345
290 346
290 347
290 348
290 349
290 351
290 354
290 356
290 357
290 358
290 359
290 360
290 361
290 363
290 364
290 366
290 369
290 371
290 374
290 379
290 380
290 385
290 388
290 389
290 390
290 396
291 239
291 243
291 248
291 250
291 258
291 259
291 263
291 264
291 265
291 267
291 271
291 272
291 278
291 280
291 282
291 283
291 285
291 286
291 287
291 288
291 289
291 290
291 291
291 292
291 294
291 296
291 297
291 298
291 299
291 300
291 303
291 304
291 305
291 306
291 307
291 310
291 312
291 314
291 315
291 316
291 317
291 318
291 319
291 320
291 321
291 322
291 323
291 324
291 325
291 326
291 327
291 328
291 329
291 330
291 331
291 333
291 334
291 335
291 336
291 337
291 338
291 339
291 340
291 341
291 342
291 343
291 344
291 345
291 346
291 347
291 348
291 349
291 350
291 352
291 354
291 356
291 358
291 362
291 363
291 367
291 368
291 369
291 373
291 377
291 381
291 387
291 391
292 247
292 255
292 256
292 258
292 260
292 261
292 262
292 266
292 269
292 270
292 272
292 279
292 280
292 281
292 282
292 284
292 286
292 287
292 288
292 289
292 290
292 291
292 292
292 293
292 295
292 296
292 297
292 298
292 302
292 303
292 304
292 305
292 306
292 307
292 308
292 310
292 312
292 313
292 314
292 315
292 316
292 317
292 318
292 319
292 320
292 321
292 322
292 323
292 324
292 325
292 326
292 327
292 328
292 329
292 332
292 333
292 334
292 335
292 336
292 337
292 338
292 339
292 340
292 341
292 342
292 343
292 344
292 345
292 346
292 347
292 348
292 349
292 350
292 352
292 353
292 354
292 355
292 356
292 357
292 358
292 361
292 364
292 365
292 369
292 373
292 374
292 377
292 380
292 382
292 383
292 389
292 394
292 395
292 401
292 408
293 232
293 238
293 244
293 245
293 258
293 260
293 262
293 264
293 266
293 267
293 268
293 272
293 273
293 274
293 275
293 277
293 279
293 280
293 281
293 282
293 284
293 285
293 286
293 287
293 288
293 289
293 290
293 291
293 292
293 293
293 294
293 295
293 297
293 298
293 299
293 300
293 301
293 302
293 303
293 304
293 305
293 306
293 307
293 308
293 309
293 310
293 311
293 312
293 313
293 314
293 315
293 316
293 317
293 318
293 319
293 320
293 321
293 323
293 324
293 325
293 326
293 327
293 329
293 331
293 332
293 333
293 334
293 335
293 336
293 337
293 338
293 339
293 343
293 344
293 345
293 346
293 347
293 348
293 349
293 351
293 354
293 355
293 356
293 357
293 359
293 361
293 364
293 365
293 367
293 369
293 372
293 374
293 375
293 376
293 378
293 383
293 385
293 389
293 408
294 235
294 236
294 241
294 242
294 254
294 259
294 261
294 265
294 266
294 268
294 270
294 271
294 274
294 276
294 278
294 280
294 282
294 283
294 286
294 287
294 288
294 289
294 290
294 291
294 292
294 293
294 294
294 297
294 298
294 299
294 300
294 301
294 303
294 304
294 305
294 306
294 307
294 308
294 309
294 310
294 311
294 312
294 313
294 314
294 315
294 316
294 317
294 318
294 319
294 320
294 322
294 324
294 325
294 326
294 327
294 328
294 329
294 330
294 331
294 332
294 333
294 334
294 335
294 336
294 337
294 338
294 340
294 341
294 342
294 343
294 344
294 345
294 346
294 347
294 348
294 349
294 350
294 351
294 352
294 353
294 354
294 355
294 356
294 357
294 359
294 361
294 362
294 363
294 364
294 365
294 366
294 367
294 371
294 373
294 377
294 378
294 383
294 386
294 388
294 391
294 392
294 402
295 239
295 246
295 250
295 251
295 252
295 253
295 264
295 265
295 267
295 268
295 270
295 271
295 272
295 273
295 276
295 278
295 280
295 282
295 283
295 284
295 285
295 286
295 287
295 290
295 291
295 292
295 293
295 294
295 295
295 296
295 297
295 298
295 299
295 300
295 301
295 302
295 304
295 305
295 306
295 307
295 308
295 309
295 310
295 311
295 312
295 313
295 314
295 315
295 316
295 317
295 318
295 319
295 320
295 321
295 324
295 325
295 326
295 327
295 328
295 329
295 330
295 331
295 332
295 333
295 334
295 335
295 336
295 337
295 338
295 339
295 341
295 342
295 343
295 344
295 345
295 346
295 347
295 348
295 349
295 350
295 351
295 352
295 353
295 355
295 356
295 357
295 358
295 360
295 361
295 362
295 363
295 364
295 365
295 366
295 367
295 374
295 376
295 377
295 379
295 380
295 382
295 383
295 385
295 389
295 395
296 243
296 257
296 259
296 261
296 263
296 265
296 266
296 267
296 268
296 269
296 270
296 271
296 272
296 273
296 275
296 276
296 277
296 278
296 280
296 281
296 282
296 283
296 284
296 285
296 286
296 287
296 288
296 289
296 290
296 291
296 292
296 293
296 294
296 295
296 296
296 297
296 298
296 299
296 300
296 301
296 303
296 304
296 305
296 306
296 307
296 308
296 309
296 310
296 311
296 312
296 313
296 314
296 315
296 316
296 317
296 318
296 319
296 320
296 321
296 322
296 323
296 324
296 325
296 326
296 327
296 328
296 329
296 330
296 331
296 332
296 333
296 334
296 335
296 336
296 337
296 338
296 339
296 340
296 341
296 342
296 343
296 344
296 345
296 346
296 347
296 348
296 349
296 350
296 352
296 353
296 355
296 356
296 358
296 359
296 362
296 363
296 364
296 365
296 368
296 369
296 370
296 371
296 372
296 374
296 378
296 386
296 405
296 410
297 234
297 240
297 251
297 255
297 259
297 260
297 263
297 265
297 271
297 272
297 273
297 274
297 275
297 276
297 277
297 278
297 279
297 280
297 281
297 282
297 283
297 284
297 285
297 286
297 287
297 288
297 289
297 290
297 291
297 292
297 293
297 294
297 295
297 296
297 297
297 298
297 299
297 300
297 301
297 302
297 303
297 304
297 305
297 306
297 307
297 308
297 309
297 310
297 311
297 312
297 313
297 314
297 315
297 316
297 317
297 318
297 319
297 320
297 321
297 322
297 323
297 324
297 325
297 326
297 327
297 328
297 329
297 330
297 331
297 332
297 333
297 334
297 335
297 336
297 337
297 338
297 339
297 340
297 341
297 342
297 343
297 344
297 345
297 346
297 347
297 348
297 349
297 350
297 351
297 352
297 355
297 356
297 357
297 360
297 361
297 363
297 367
297 370
297 375
297 376
297 378
297 382
297 386
297 391
297 398
297 439
298 239
298 241
298 242
298 245
298 246
298 251
298 254
298 258
298 260
298 261
298 263
298 268
298 269
298 270
298 271
298 272
298 273
298 274
298 275
298 276
298 277
298 278
298 279
298 281
298 282
298 283
298 284
298 285
298 286
298 287
298 288
298 289
298 290
298 291
298 292
298 293
298 294
298 295
298 296
298 297
298 298
298 299
298 300
298 301
298 302
298 303
298 304
298 306
298 307
298 308
298 310
298 311
298 312
298 313
298 314
298 315
298 316
298 317
298 318
298 319
298 320
298 321
298 322
298 323
298 324
298 325
298 326
298 327
298 328
298 329
298 330
298 331
298 332
298 333
298 334
298 335
298 336
298 337
298 338
298 339
298 340
298 341
298 342
298 343
298 344
298 345
298 346
298 347
298 348
298 349
298 353
298 354
298 355
298 356
298 357
298 358
298 359
298 360
298 363
298 364
298 365
298 366
298 367
298 368
298 370
298 373
298 380
298 383
298 387
298 390
298 400
299 230
299 233
299 238
299 243
299 248
299 250
299 254
299 255
299 256
299 257
299 261
299 265
299 266
299 267
299 268
299 270
299 272
299 275
299 276
299 277
299 278
299 281
299 283
299 284
299 285
299 286
299 287
299 288
299 289
299 290
299 291
299 292
299 293
299 294
299 295
299 296
299 297
299 298
299 299
299 302
299 303
299 305
299 307
299 308
299 309
299 310
299 311
299 312
299 313
299 315
299 316
299 317
299 318
299 319
299 320
299 321
299 322
299 323
299 324
299 325
299 326
299 327
299 328
299 329
299 330
299 331
299 332
299 333
299 334
299 335
299 336
299 337
299 338
299 339
299 340
299 341
299 342
299 343
299 344
299 346
299 347
299 348
299 349
299 350
299 351
299 352
299 353
299 354
299 355
299 356
299 357
299 358
299 359
299 361
299 362
299 364
299 366
299 368
299 372
299 378
299 388
299 395
299 401
299 417
300 235
300 245
300 255
300 257
300 259
300 260
300 261
300 265
300 266
300 268
300 269
300 270
300 271
300 272
300 273
300 274
300 275
300 276
300 277
300 280
300 281
300 282
300 283
300 284
300 285
300 286
300 287
300 288
300 289
300 290
300 291
300 292
300 293
300 294
300 295
300 296
300 297
300 298
300 300
300 302
300 303
300 305
300 307
300 308
300 309
300 310
300 311
300 312
300 313
300 314
300 315
300 316
300 317
300 318
300 319
300 320
300 321
300 322
300 326
300 327
300 328
300 329
300 330
300 331
300 332
300 333
300 334
300 335
300 336
300 337
300 338
300 339
300 340
300 341
300 342
300 343
300 344
300 345
300 346
300 347
300 348
300 349
300 351
300 353
300 354
300 355
300 356
300 357
300 358
300 359
300 361
300 363
300 364
300 367
300 372
300 375
300 381
300 383
301 245
301 246
301 247
301 248
301 250
301 252
301 254
301 259
301 262
301 263
301 265
301 269
301 271
301 276
301 277
301 279
301 281
301 283
301 285
301 286
301 287
301 288
301 290
301 291
301 292
301 295
301 296
301 297
301 298
301 301
301 302
301 303
301 304
301 305
301 306
301 308
301 309
301 310
301 312
301 314
301 315
301 316
301 317
301 318
301 319
301 320
301 321
301 325
301 327
301 328
301 329
301 330
301 331
301 332
301 333
301 334
301 335
301 336
301 337
301 338
301 339
301 340
301 341
301 342
301 343
301 345
301 347
301 348
301 349
301 350
301 352
301 353
301 354
301 355
301 358
301 360
301 364
301 369
301 370
301 372
301 374
301 375
301 382
301 393
301 397
302 239
302 240
302 243
302 246
302 256
302 257
302 258
302 260
302 262
302 263
302 267
302 268
302 269
302 270
302 272
302 273
302 274
302 275
302 276
302 277
302 278
302 279
302 281
302 282
302 283
302 284
302 285
302 286
302 287
302 289
302 293
302 294
302 295
302 296
302 297
302 298
302 299
302 300
302 301
302 302
302 303
302 304
302 305
302 306
302 307
302 310
302 311
302 312
302 313
302 314
302 315
302 316
302 317
302 318
302 321
302 322
302 323
302 324
302 326
302 327
302 328
302 329
302 330
302 331
302 332
302 333
302 334
302 335
302 336
302 337
302 338
302 339
302 340
302 342
302 343
302 344
302 345
302 346
302 347
302 348
302 353
302 355
302 356
302 357
302 359
302 360
302 361
302 363
302 364
302 365
302 366
302 367
302 370
302 371
302 379
302 380
302 382
302 384
302 385
302 386
302 391
303 230
303 232
303 233
303 242
303 243
303 244
303 247
303 254
303 256
303 259
303 265
303 267
303 268
303 270
303 272
303 276
303 278
303 279
303 280
303 281
303 284
303 285
303 287
303 290
303 291
303 292
303 293
303 294
303 296
303 297
303 298
303 299
303 301
303 302
303 303
303 304
303 305
303 306
303 307
303 308
303 310
303 311
303 312
303 313
303 314
303 315
303 316
303 317
303 319
303 320
303 323
303 324
303 325
303 326
303 327
303 328
303 329
303 330
303 331
303 332
303 333
303 334
303 335
303 337
303 339
303 340
303 342
303 344
303 345
303 346
303 347
303 349
303 351
303 353
303 355
303 358
303 359
303 360
303 368
303 370
303 372
303 374
303 381
303 386
304 235
304 238
304 245
304 251
304 252
304 253
304 258
304 262
304 263
304 264
304 265
304 266
304 267
304 268
304 270
304 271
304 273
304 274
304 275
304 276
304 277
304 278
304 279
304 283
304 284
304 285
304 287
304 289
304 290
304 291
304 292
304 293
304 294
304 295
304 298
304 300
304 301
304 302
304 303
304 304
304 305
304 306
304 307
304 308
304 309
304 310
304 311
304 312
304 313
304 314
304 315
304 316
304 317
304 318
304 320
304 321
304 323
304 324
304 325
304 326
304 327
304 328
304 329
304 330
304 331
304 332
304 333
304 335
304 336
304 338
304 340
304 342
304 345
304 346
304 348
304 350
304 353
304 356
304 362
304 363
304 366
304 368
304 369
304 370
304 373
304 374
305 219
305 232
305 235
305 240
305 241
305 242
305 245
305 248
305 249
305 250
305 255
305 258
305 262
305 268
305 269
305 270
305 271
305 273
305 275
305 278
305 279
305 281
305 282
305 283
305 284
305 285
305 286
305 288
305 289
305 290
305 291
305 292
305 293
305 294
305 295
305 296
305 297
305 301
305 302
305 303
305 304
305 305
305 306
305 307
305 308
305 309
305 310
305 311
305 312
305 313
305 314
305 315
305 316
305 317
305 318
305 319
305 320
305 321
305 322
305 323
305 324
305 325
305 328
305 329
305 330
305 331
305 332
305 333
305 335
305 336
305 338
305 341
305 342
305 344
305 345
305 346
305 347
305 351
305 352
305 353
305 355
305 359
305 360
305 362
305 368
305 370
305 371
305 372
305 373
305 379
305 381
305 389
306 232
306 240
306 250
306 251
306 252
306 254
306 256
306 257
306 259
306 260
306 262
306 263
306 264
306 265
306 266
306 267
306 268
306 271
306 272
306 273
306 276
306 277
306 278
306 279
306 280
306 282
306 283
306 284
306 285
306 287
306 288
306 289
306 290
306 291
306 292
306 293
306 295
306 296
306 297
306 298
306 299
306 301
306 302
306 303
306 304
306 305
306 306
306 307
306 308
306 309
306 310
306 311
306 312
306 313
306 314
306 315
306 316
306 317
306 318
306 319
306 320
306 321
306 322
306 323
306 324
306 325
306 327
306 329
306 330
306 331
306 332
306 333
306 334
306 336
306 338
306 340
306 341
306 343
306 345
306 350
306 358
306 359
306 360
306 362
306 366
306 367
306 369
306 372
306 373
306 374
306 375
306 383
307 224
307 229
307 238
307 239
307 240
307 244
307 247
307 250
307 254
307 258
307 264
307 265
307 267
307 269
307 272
307 273
307 274
307 275
307 278
307 281
307 283
307 284
307 285
307 286
307 287
307 288
307 289
307 290
307 291
307 292
307 293
307 297
307 298
307 299
307 300
307 301
307 303
307 304
307 305
307 306
307 307
307 308
307 309
307 310
307 311
307 312
307 313
307 314
307 315
307 316
307 318
307 319
307 320
307 321
307 324
307 325
307 326
307 327
307 328
307 329
307 330
307 331
307 332
307 333
307 334
307 335
307 336
307 337
307 338
307 339
307 340
307 341
307 342
307 343
307 344
307 345
307 348
307 349
307 351
307 353
307 355
307 356
307 360
307 364
307 369
307 371
307 377
307 378
307 380
307 388
308 221
308 241
308 242
308 243
308 249
308 250
308 256
308 258
308 260
308 263
308 267
308 268
308 269
308 271
308 273
308 276
308 278
308 279
308 280
308 281
308 283
308 284
308 285
308 286
308 287
308 288
308 289
308 290
308 291
308 293
308 294
308 295
308 296
308 297
308 298
308 299
308 300
308 301
308 302
308 303
308 304
308 305
308 306
308 310
308 311
308 312
308 313
308 314
308 315
308 316
308 318
308 319
308 320
308 321
308 322
308 323
308 324
308 325
308 326
308 327
308 328
308 329
308 330
308 331
308 332
308 333
308 334
308 335
308 336
308 339
308 340
308 341
308 343
308 344
308 346
308 350
308 351
308 353
308 354
308 360
308 361
308 362
308 363
308 364
308 366
308 368
308 369
308 371
308 375
308 380
309 217
309 220
309 226
309 245
309 250
309 252
309 260
309 264
309 265
309 266
309 267
309 268
309 270
309 272
309 273
309 276
309 277
309 279
309 281
309 282
309 283
309 284
309 285
309 286
309 287
309 288
309 289
309 290
309 293
309 294
309 296
309 297
309 298
309 299
309 300
309 302
309 303
309 304
309 305
309 306
309 307
309 308
309 310
309 311
309 312
309 313
309 314
309 315
309 316
309 317
309 318
309 319
309 320
309 321
309 322
309 325
309 326
309 327
309 329
309 330
309 331
309 332
309 333
309 335
309 336
309 338
309 339
309 340
309 341
309 344
309 345
309 347
309 350
309 353
309 355
309 358
309 359
309 364
309 367
309 369
309 370
309 372
309 374
309 377
309 378
309 379
309 383
310 235
310 241
310 242
310 246
310 250
310 251
310 255
310 257
310 259
310 262
310 266
310 268
310 269
310 270
310 271
310 273
310 275
310 276
310 277
310 278
310 279
310 281
310 282
310 284
310 285
310 286
310 287
310 288
310 289
310 290
310 291
310 292
310 293
310 296
310 298
310 299
310 300
310 301
310 303
310 304
310 305
310 306
310 307
310 308
310 310
310 312
310 313
310 314
310 315
310 316
310 317
310 318
310 319
310 321
310 322
310 324
310 325
310 326
310 327
310 328
310 329
310 330
310 332
310 333
310 334
310 337
310 338
310 341
310 343
310 344
310 345
310 346
310 348
310 350
310 354
310 355
310 357
310 361
310 362
310 368
310 369
310 382
310 391
311 221
311 238
311 241
311 243
311 255
311 258
311 260
311 261
311 264
311 265
311 269
311 271
311 273
311 274
311 275
311 278
311 279
311 281
311 283
311 284
311 285
311 287
311 288
311 289
311 290
311 293
311 294
311 296
311 297
311 298
311 299
311 300
311 302
311 303
311 305
311 306
311 307
311 308
311 309
311 310
311 311
311 312
311 313
311 314
311 315
311 316
311 317
311 318
311 319
311 321
311 322
311 323
311 324
311 325
311 326
311 327
311 328
311 329
311 331
311 332
311 333
311 334
311 335
311 336
311 337
311 338
311 340
311 341
311 344
311 346
311 348
311 349
311 351
311 352
311 356
311 358
311 359
311 360
311 361
311 363
311 368
311 375
311 377
311 378
311 381
311 382
312 244
312 248
312 260
312 261
312 262
312 264
312 266
312 268
312 270
312 271
312 272
312 273
312 275
312 276
312 277
312 278
312 280
312 281
312 282
312 283
312 284
312 286
312 287
312 294
312 295
312 296
312 297
312 298
312 299
312 300
312 301
312 302
312 303
312 304
312 306
312 307
312 308
312 309
312 310
312 311
312 312
312 313
312 314
312 315
312 316
312 317
312 318
312 319
312 322
312 323
312 324
312 325
312 326
312 329
312 330
312 332
312 334
312 335
312 339
312 341
312 342
312 343
312 344
312 346
312 347
312 349
312 354
312 355
312 356
312 357
312 358
312 359
312 365
312 370
312 371
312 373
312 391
313 227
313 239
313 242
313 247
313 251
313 252
313 255
313 258
313 261
313 263
313 268
313 272
313 274
313 280
313 284
313 288
313 289
313 291
313 293
313 294
313 295
313 299
313 301
313 302
313 303
313 304
313 306
313 308
313 309
313 310
313 311
313 312
313 314
313 316
313 317
313 319
313 320
313 322
313 323
313 324
313 326
313 328
313 330
313 332
313 333
313 335
313 336
313 340
313 342
313 348
313 349
313 354
313 357
313 361
313 364
313 365
313 368
313 372
313 384
313 393
313 398
314 225
314 247
314 248
314 249
314 253
314 254
314 258
314 263
314 264
314 265
314 266
314 267
314 268
314 269
314 270
314 271
314 272
314 274
314 275
314 276
314 277
314 279
314 280
314 281
314 283
314 284
314 285
314 286
314 287
314 288
314 289
314 291
314 292
314 293
314 294
314 295
314 297
314 298
314 299
314 300
314 302
314 303
314 304
314 305
314 307
314 308
314 309
314 310
314 312
314 313
314 316
314 320
314 321
314 322
314 323
314 326
314 327
314 328
314 329
314 330
314 331
314 332
314 333
314 334
314 335
314 336
314 337
314 338
314 339
314 340
314 341
314 345
314 346
314 351
314 354
314 356
314 359
314 363
314 373
315 213
315 242
315 250
315 253
315 259
315 262
315 271
315 273
315 275
315 277
315 279
315 281
315 282
315 283
315 284
315 287
315 288
315 291
315 292
315 293
315 294
315 295
315 297
315 299
315 300
315 301
315 302
315 303
315 304
315 305
315 306
315 307
315 308
315 309
315 310
315 311
315 314
315 315
315 316
315 318
315 320
315 321
315 323
315 324
315 325
315 326
315 327
315 329
315 330
315 333
315 334
315 335
315 339
315 342
315 343
315 345
315 351
315 352
315 354
315 355
315 367
315 368
315 374
316 238
316 241
316 243
316 244
316 245
316 246
316 253
316 260
316 261
316 262
316 264
316 265
316 270
316 273
316 274
316 278
316 279
316 280
316 281
316 283
316 284
316 285
316 286
316 289
316 290
316 291
316 293
316 295
316 297
316 299
316 301
316 302
316 303
316 304
316 305
316 306
316 307
316 308
316 309
316 310
316 311
316 312
316 314
316 315
316 316
316 318
316 320
316 322
316 323
316 324
316 325
316 326
316 328
316 329
316 330
316 331
316 334
316 335
316 336
316 337
316 341
316 343
316 346
316 347
316 351
316 353
316 354
316 358
316 359
316 361
316 363
316 366
316 372
317 238
317 255
317 256
317 257
317 259
317 260
317 262
317 267
317 271
317 272
317 273
317 275
317 277
317 278
317 282
317 283
317 284
317 285
317 288
317 289
317 290
317 292
317 293
317 294
317 297
317 298
317 299
317 300
317 301
317 302
317 303
317 304
317 306
317 307
317 308
317 309
317 310
317 311
317 312
317 313
317 314
317 315
317 317
317 318
317 319
317 320
317 322
317 324
317 325
317 328
317 329
317 330
317 331
317 332
317 333
317 338
317 339
317 340
317 342
317 344
317 346
317 348
317 349
317 350
317 352
317 356
317 357
317 363
317 365
317 375
318 249
318 252
318 253
318 254
318 259
318 262
318 263
318 265
318 267
318 268
318 270
318 273
318 274
318 275
318 276
318 277
318 279
318 284
318 285
318 286
318 290
318 291
318 292
318 293
318 294
318 295
318 296
318 297
318 298
318 299
318 300
318 301
318 302
318 304
318 305
318 306
318 307
318 308
318 309
318 310
318 313
318 314
318 317
318 319
318 324
318 325
318 327
318 328
318 329
318 330
318 331
318 332
318 333
318 334
318 336
318 340
318 342
318 343
318 344
318 346
318 348
318 350
318 353
318 354
318 355
318 356
318 361
318 365
318 372
318 376
318 393
319 242
319 247
319 249
319 258
319 261
319 262
319 266
319 267
319 268
319 270
319 271
319 275
319 282
319 283
319 284
319 287
319 293
319 294
319 295
319 297
319 298
319 299
319 301
319 303
319 304
319 307
319 308
319 309
319 310
319 311
319 312
319 313
319 314
319 315
319 316
319 317
319 319
319 321
319 324
319 326
319 327
319 328
319 329
319 330
319 332
319 333
319 338
319 339
319 340
319 341
319 342
319 343
319 344
319 349
319 352
319 357
319 359
319 360
319 366
319 371
319 373
319 378
320 237
320 248
320 251
320 253
320 256
320 257
320 258
320 259
320 260
320 261
320 262
320 268
320 269
320 270
320 271
320 273
320 275
320 276
320 279
320 280
320 282
320 284
320 287
320 291
320 292
320 293
320 294
320 295
320 297
320 298
320 299
320 300
320 301
320 303
320 304
320 305
320 307
320 308
320 310
320 311
320 312
320 313
320 314
320 317
320 319
320 320
320 321
320 322
320 323
320 324
320 325
320 326
320 327
320 328
320 329
320 331
320 332
320 333
320 335
320 336
320 337
320 339
320 340
320 341
320 342
320 344
320 347
320 348
320 355
320 356
320 357
320 360
320 362
320 364
320 365
320 381
321 223
321 236
321 240
321 241
321 245
321 246
321 251
321 253
321 255
321 261
321 266
321 267
321 269
321 270
321 271
321 274
321 275
321 277
321 278
321 280
321 282
321 286
321 291
321 293
321 294
321 295
321 296
321 298
321 301
321 302
321 303
321 305
321 306
321 308
321 312
321 313
321 314
321 315
321 317
321 318
321 320
321 322
321 324
321 325
321 328
321 329
321 337
321 338
321 344
321 346
321 348
321 350
321 352
321 357
321 358
321 361
321 369
321 381
322 236
322 238
322 249
322 255
322 257
322 262
322 269
322 271
322 272
322 273
322 276
322 277
322 280
322 281
322 283
322 284
322 285
322 286
322 287
322 288
322 289
322 290
322 291
322 293
322 295
322 297
322 298
322 302
322 303
322 305
322 308
322 310
322 311
322 312
322 314
322 315
322 316
322 317
322 320
322 321
322 323
322 325
322 326
322 329
322 332
322 333
322 334
322 338
322 340
322 344
322 346
322 348
322 354
322 356
322 358
322 362
322 364
322 368
322 373
322 380
323 235
323 245
323 250
323 254
323 256
323 259
323 261
323 264
323 272
323 274
323 275
323 278
323 279
323 280
323 282
323 283
323 285
323 287
323 289
323 290
323 293
323 294
323 295
323 296
323 297
323 300
323 301
323 303
323 305
323 306
323 308
323 311
323 312
323 314
323 318
323 319
323 322
323 323
323 325
323 326
323 328
323 330
323 331
323 337
323 340
323 342
323 343
323 344
323 348
323 350
323 351
323 354
323 355
323 364
323 365
323 368
323 371
324 230
324 242
324 244
324 249
324 253
324 254
324 263
324 267
324 269
324 271
324 272
324 275
324 277
324 278
324 280
324 281
324 282
324 284
324 285
324 286
324 288
324 289
324 290
324 294
324 296
324 298
324 299
324 301
324 304
324 305
324 306
324 309
324 310
324 311
324 312
324 313
324 315
324 317
324 318
324 320
324 322
324 323
324 324
324 325
324 328
324 329
324 334
324 335
324 337
324 338
324 339
324 340
324 343
324 344
324 347
324 350
324 353
324 358
324 364
324 369
325 252
325 257
325 259
325 261
325 265
325 267
325 269
325 270
325 273
325 275
325 276
325 277
325 280
325 283
325 284
325 286
325 288
325 290
325 291
325 293
325 294
325 296
325 298
325 303
325 306
325 309
325 313
325 314
325 317
325 319
325 320
325 322
325 324
325 325
325 328
325 331
325 338
325 341
325 344
325 347
325 348
325 352
325 356
325 358
325 375
325 377
326 225
326 235
326 253
326 261
326 262
326 264
326 268
326 273
326 278
326 281
326 286
326 287
326 288
326 290
326 292
326 295
326 297
326 298
326 301
326 302
326 304
326 308
326 309
326 310
326 314
326 315
326 317
326 319
326 320
326 325
326 326
326 327
326 329
326 330
326 331
326 332
326 333
326 334
326 336
326 340
326 346
326 347
326 348
326 353
326 356
326 364
326 365
326 369
327 240
327 246
327 248
327 254
327 255
327 259
327 261
327 265
327 273
327 276
327 278
327 280
327 281
327 282
327 283
327 284
327 288
327 290
327 292
327 294
327 296
327 298
327 300
327 303
327 307
327 309
327 312
327 314
327 315
327 316
327 318
327 319
327 320
327 322
327 326
327 328
327 333
327 337
327 338
327 340
327 346
327 349
327 354
327 359
327 370
327 371
328 235
328 243
328 244
328 245
328 255
328 259
328 261
328 262
328 265
328 267
328 268
328 269
328 270
328 272
328 274
328 275
328 276
328 279
328 280
328 284
328 286
328 288
328 293
328 295
328 296
328 298
328 300
328 301
328 302
328 303
328 304
328 306
328 310
328 311
328 314
328 316
328 320
328 321
328 322
328 323
328 324
328 326
328 328
328 329
328 331
328 332
328 335
328 339
328 340
328 343
328 349
328 357
328 359
328 360
328 376
329 252
329 255
329 256
329 258
329 264
329 265
329 266
329 267
329 269
329 270
329 273
329 278
329 280
329 281
329 282
329 283
329 284
329 285
329 287
329 288
329 289
329 293
329 295
329 296
329 298
329 299
329 300
329 301
329 302
329 303
329 304
329 306
329 307
329 308
329 310
329 313
329 314
329 317
329 318
329 319
329 323
329 324
329 325
329 326
329 328
329 329
329 331
329 332
329 333
329 334
329 335
329 337
329 345
329 347
329 349
329 353
329 358
329 359
329 361
329 368
329 369
329 374
330 236
330 243
330 245
330 247
330 254
330 261
330 268
330 272
330 274
330 276
330 277
330 279
330 282
330 284
330 285
330 286
330 287
330 288
330 289
330 291
330 292
330 293
330 295
330 296
330 297
330 298
330 303
330 304
330 305
330 309
330 313
330 314
330 315
330 317
330 320
330 321
330 322
330 323
330 327
330 328
330 331
330 334
330 335
330 336
330 337
330 339
330 341
330 343
330 345
330 346
330 348
330 349
330 350
330 351
330 355
330 363
330 368
330 376
330 380
331 235
331 253
331 254
331 256
331 262
331 269
331 273
331 276
331 280
331 286
331 288
331 289
331 290
331 296
331 297
331 298
331 299
331 300
331 301
331 303
331 305
331 307
331 308
331 310
331 311
331 312
331 313
331 315
331 317
331 319
331 320
331 322
331 325
331 326
331 327
331 329
331 330
331 335
331 340
331 341
331 342
331 362
331 365
331 377
332 235
332 246
332 253
332 261
332 266
332 267
332 270
332 272
332 273
332 276
332 277
332 279
332 280
332 284
332 285
332 286
332 288
332 289
332 292
332 293
332 296
332 298
332 300
332 301
332 303
332 305
332 306
332 307
332 311
332 313
332 316
332 317
332 318
332 320
332 323
332 324
332 325
332 327
332 328
332 329
332 330
332 331
332 332
332 335
332 336
332 338
332 344
332 347
332 349
332 350
332 353
332 355
333 250
333 256
333 268
333 270
333 273
333 275
333 276
333 281
333 282
333 285
333 286
333 288
333 289
333 290
333 292
333 293
333 296
333 297
333 298
333 299
333 300
333 301
333 302
333 306
333 308
333 310
333 314
333 316
333 320
333 321
333 322
333 323
333 324
333 327
333 328
333 331
333 334
333 336
333 338
333 339
333 341
333 343
333 350
333 351
333 353
333 357
333 370
334 248
334 252
334 258
334 260
334 262
334 273
334 275
334 276
334 278
334 284
334 286
334 287
334 289
334 291
334 293
334 294
334 296
334 299
334 301
334 304
334 310
334 311
334 312
334 313
334 318
334 319
334 321
334 323
334 325
334 329
334 331
334 334
334 340
334 349
334 358
334 363
335 245
335 247
335 252
335 254
335 257
335 265
335 268
335 270
335 276
335 280
335 281
335 284
335 285
335 289
335 290
335 292
335 296
335 297
335 300
335 301
335 303
335 305
335 310
335 313
335 314
335 315
335 321
335 322
335 323
335 324
335 325
335 326
335 331
335 333
335 337
335 340
335 341
335 343
335 344
335 346
335 348
335 353
335 365
335 373
336 272
336 277
336 283
336 287
336 289
336 291
336 292
336 294
336 295
336 296
336 298
336 299
336 301
336 304
336 305
336 306
336 308
336 310
336 314
336 316
336 323
336 325
336 335
336 338
336 339
336 341
336 351
336 353
336 354
336 361
337 236
337 240
337 254
337 261
337 262
337 266
337 281
337 283
337 288
337 289
337 295
337 296
337 298
337 301
337 302
337 308
337 309
337 312
337 313
337 314
337 319
337 321
337 323
337 329
337 330
337 332
337 336
337 337
337 338
337 341
337 344
337 350
337 351
338 254
338 261
338 268
338 279
338 280
338 294
338 300
338 309
338 311
338 312
338 316
338 317
338 318
338 320
338 323
338 325
338 332
338 337
338 338
338 340
338 341
338 347
338 348
338 349
338 353
339 269
339 273
339 274
339 276
339 282
339 283
339 286
339 291
339 294
339 298
339 299
339 300
339 302
339 303
339 304
339 306
339 307
339 308
339 313
339 316
339 318
339 324
339 330
339 332
339 333
339 335
339 336
339 350
339 352
339 357
339 373
339 379
340 267
340 270
340 272
340 274
340 285
340 291
340 292
340 294
340 296
340 299
340 302
340 303
340 304
340 305
340 309
340 314
340 316
340 320
340 322
340 328
340 329
340 330
340 350
340 366
341 244
341 246
341 262
341 265
341 271
341 272
341 274
341 283
341 286
341 288
341 290
341 294
341 305
341 307
341 309
341 310
341 316
341 318
341 329
341 335
341 337
341 343
341 344
341 345
341 346
341 356
341 359
342 265
342 269
342 273
342 278
342 282
342 286
342 293
342 295
342 297
342 298
342 301
342 303
342 306
342 307
342 311
342 314
342 316
342 318
342 319
342 321
342 322
342 325
342 327
342 328
342 335
342 337
342 340
342 341
342 373
343 239
343 272
343 280
343 283
343 287
343 291
343 295
343 297
343 298
343 300
343 301
343 303
343 305
343 310
343 312
343 313
343 317
343 318
343 319
343 323
343 324
343 330
343 331
343 338
343 340
343 345
343 359
344 264
344 272
344 275
344 278
344 287
344 290
344 293
344 294
344 295
344 296
344 297
344 299
344 303
344 304
344 305
344 306
344 307
344 315
344 323
344 324
344 335
344 336
344 343
344 344
344 353
344 356
345 274
345 287
345 294
345 300
345 301
345 302
345 306
345 307
345 308
345 312
345 313
345 314
345 318
345 319
345 320
345 322
345 324
345 325
345 326
345 329
345 337
345 341
345 344
345 345
345 347
345 348
345 363
346 256
346 274
346 277
346 279
346 290
346 298
346 303
346 317
346 323
346 325
346 342
346 350
347 242
347 270
347 276
347 278
347 279
347 282
347 283
347 285
347 290
347 292
347 294
347 297
347 298
347 303
347 305
347 306
347 307
347 309
347 310
347 311
347 316
347 317
347 319
347 321
347 326
347 329
347 330
347 335
347 358
347 368
348 272
348 284
348 285
348 290
348 291
348 295
348 296
348 306
348 307
348 308
348 309
348 311
348 313
348 314
348 321
348 327
348 332
348 346
349 248
349 274
349 287
349 291
349 296
349 298
349 301
349 307
349 311
349 314
349 315
349 316
349 318
349 320
349 323
349 325
349 326
349 339
349 340
349 348
350 263
350 282
350 284
350 287
350 288
350 289
350 290
350 310
350 312
350 317
350 320
350 321
350 324
350 325
350 333
350 339
350 341
350 356
351 258
351 282
351 283
351 297
351 298
351 309
351 310
351 314
351 317
351 319
351 320
351 322
351 323
351 325
351 330
351 335
351 338
351 351
352 268
352 271
352 272
352 275
352 276
352 277
352 281
352 284
352 287
352 288
352 291
352 297
352 307
352 308
352 313
352 317
352 318
352 319
352 323
352 325
352 331
353 267
353 281
353 285
353 299
353 302
353 311
353 314
353 318
353 322
353 337
353 347
354 242
354 285
354 292
354 300
354 308
354 311
354 319
354 323
354 342
354 348
355 270
355 290
355 293
355 295
355 318
355 322
355 354
356 266
356 278
356 290
356 293
356 299
356 300
356 302
356 307
356 308
356 309
356 310
356 319
356 320
356 322
356 340
357 260
357 273
357 280
357 286
357 309
357 314
357 316
357 323
357 336
357 339
358 290
358 293
358 304
358 306
358 311
358 313
358 314
358 316
358 317
358 325
359 270
359 279
359 310
359 313
359 316
360 270
360 285
360 290
360 299
360 318
360 348
361 292
361 315
361 334
361 351
362 270
362 282
362 291
362 301
362 314
362 324
362 327
362 337
362 340
363 274
363 303
363 308
364 278
364 282
365 312
365 343
366 283
366 333
366 342
367 244
367 260
367 349
368 251
368 320
368 322
368 354
369 296
371 309
371 328
371 349
372 265
372 272
372 279
372 292
373 258
373 272
375 267
377 320
379 261
380 279
392 318
