201
57 98
63 103
63 125
64 114
65 102
66 70
66 97
66 107
67 104
69 90
70 89
71 74
71 76
71 78
71 84
72 86
73 73
73 120
74 74
75 75
76 76
76 117
76 124
77 72
77 97
79 68
79 79
79 84
79 95
80 124
82 97
84 69
85 100
86 98
87 105
88 80
88 93
88 96
88 101
90 73
90 85
90 108
91 83
91 95
91 143
92 81
92 83
93 87
93 96
93 97
94 84
94 100
95 82
95 94
95 99
95 101
95 108
96 82
96 86
96 91
96 99
97 75
97 84
97 90
98 92
98 94
98 115
99 94
99 141
100 69
100 71
100 80
100 89
100 90
100 97
100 122
101 71
101 93
101 94
101 103
101 118
101 127
101 137
102 84
102 87
102 104
102 114
103 57
103 76
103 88
103 96
103 105
104 67
104 94
104 100
104 101
104 105
105 68
105 109
105 114
106 86
106 89
106 90
106 95
106 107
106 135
107 71
107 87
107 89
107 97
107 104
108 63
108 85
108 87
108 96
108 124
109 91
109 113
110 61
110 77
110 92
110 94
110 113
110 118
111 103
111 104
112 66
112 88
112 123
114 71
114 108
114 119
115 76
115 95
115 97
115 114
116 81
116 95
116 96
117 122
118 100
118 123
119 113
120 61
120 94
121 88
122 86
124 130
125 88
125 131
126 106
126 145
127 77
127 79
127 132
129 143
132 126
135 123
