201
42 112
45 111
48 90
49 130
51 96
52 86
52 97
52 131
53 117
53 126
55 106
56 85
57 107
58 95
59 99
60 109
61 97
62 80
62 96
64 82
64 128
65 105
65 113
65 137
66 80
66 81
66 83
66 131
67 63
67 87
68 82
69 80
70 65
70 103
71 55
71 79
71 83
71 88
71 108
72 63
72 71
72 76
72 82
72 102
73 74
73 87
73 106
73 128
74 71
74 83
74 91
74 102
74 104
74 114
75 88
75 89
75 90
75 92
75 99
75 104
76 64
76 75
76 77
76 80
76 101
76 107
76 109
77 79
77 100
77 101
77 102
78 64
78 67
78 74
78 75
78 87
79 62
79 68
79 84
79 88
79 89
79 104
79 112
79 122
79 129
80 73
80 91
80 121
80 133
81 66
81 70
81 80
81 89
82 64
82 76
82 88
82 102
82 118
82 129
83 71
83 79
83 101
83 125
84 63
84 89
84 97
84 98
85 78
85 80
85 88
85 90
85 91
85 94
85 97
85 138
86 58
86 79
86 81
86 83
86 91
86 104
86 108
87 78
87 87
87 92
87 98
87 106
88 66
88 76
88 78
88 81
88 87
88 89
88 94
88 109
89 88
89 106
90 41
90 92
90 141
91 62
91 84
91 86
91 88
91 94
91 103
92 61
92 69
92 76
92 77
92 79
92 88
92 94
92 98
92 111
92 117
93 89
93 102
93 111
93 115
94 66
94 74
94 80
94 82
94 91
94 98
94 107
94 114
95 62
95 76
95 77
95 80
95 89
95 92
95 102
95 106
96 60
96 64
96 85
96 91
96 97
96 106
96 109
97 27
97 62
97 65
97 70
97 72
97 74
97 78
97 84
97 102
97 108
98 31
98 68
98 93
98 109
98 113
99 55
99 70
99 71
99 72
99 75
99 82
99 85
99 104
99 115
100 63
100 68
100 70
100 80
100 85
100 92
100 96
100 101
100 103
100 104
100 105
100 135
101 37
101 61
101 64
101 65
101 77
101 78
101 82
101 86
101 87
101 109
101 114
101 117
102 50
102 61
102 62
102 70
102 89
102 93
102 96
102 98
102 99
102 112
102 117
103 57
103 87
103 96
103 99
103 104
104 41
104 70
104 72
104 77
104 79
104 80
104 83
104 84
104 91
104 95
104 101
104 107
104 116
104 117
105 55
105 68
105 73
105 99
105 117
106 42
106 58
106 67
106 73
106 84
106 86
106 93
106 97
106 100
106 103
106 105
106 108
106 114
107 38
107 42
107 70
107 77
107 80
107 84
107 90
107 102
107 104
107 138
108 57
108 66
108 81
108 86
108 91
108 94
108 95
108 100
108 105
108 109
108 110
108 117
108 118
108 140
109 33
109 70
109 88
109 101
109 105
109 120
110 65
110 73
110 82
110 83
110 86
110 87
110 91
110 102
110 103
110 105
110 106
111 53
111 66
111 68
111 72
111 76
111 80
111 85
111 100
111 102
111 103
111 128
112 52
112 77
112 81
112 86
112 89
112 92
112 100
112 103
112 108
112 123
112 127
112 130
113 79
113 92
113 103
113 104
113 106
113 127
113 136
114 61
114 77
114 82
114 86
114 89
114 90
114 94
114 97
114 104
114 108
115 66
115 85
115 89
115 91
115 101
115 106
115 109
115 110
115 121
115 134
115 135
116 41
116 72
116 76
116 77
116 80
116 86
116 94
116 96
116 102
116 107
116 118
116 120
116 121
117 62
117 66
117 68
117 76
117 93
117 98
117 131
117 135
118 73
118 94
118 97
118 102
118 110
118 111
118 128
118 131
119 73
119 75
119 89
119 94
119 98
119 102
119 103
119 105
119 107
119 123
119 129
119 151
120 89
120 99
120 100
120 103
120 105
120 128
121 73
121 93
121 100
122 96
122 100
122 107
122 123
122 134
122 138
123 77
123 78
123 89
123 99
123 103
123 104
123 110
123 119
123 122
123 142
124 72
124 78
124 92
124 101
124 106
124 129
125 63
125 75
125 93
126 73
126 79
126 81
126 120
126 124
126 148
127 90
127 116
127 123
127 143
128 88
128 140
129 64
129 118
129 124
129 141
130 102
131 74
131 95
132 76
132 103
133 75
134 75
134 88
135 108
137 123
139 66
139 100
141 136
142 103
142 111
