201
77 86
78 89
81 120
83 104
86 69
87 96
88 138
90 135
91 104
93 94
94 97
94 112
96 94
97 104
98 80
98 105
99 101
99 149
100 73
100 109
101 95
102 70
102 136
103 84
103 89
103 97
103 106
103 136
103 154
104 80
104 82
104 87
104 103
104 139
105 66
105 118
106 77
106 88
106 103
107 69
107 88
107 93
108 76
108 86
108 102
108 119
109 102
109 109
110 70
111 93
111 111
112 80
112 114
114 82
114 95
114 106
114 143
115 98
115 121
116 129
117 114
118 77
118 79
118 84
118 102
119 107
120 87
120 111
120 117
121 82
121 112
122 55
122 110
123 60
123 115
123 125
124 85
124 111
125 66
125 90
125 100
125 110
126 107
126 121
127 70
127 71
127 85
127 101
127 103
128 93
129 112
130 67
130 70
130 128
131 66
131 68
132 67
132 129
133 82
134 78
134 93
134 108
135 84
135 94
135 95
135 107
136 99
136 105
137 79
140 87
140 99
142 95
142 109
142 112
143 96
146 73
146 98
147 101
147 107
154 94
157 97
159 102
162 107
165 98
173 104
