201
72 80
76 95
76 109
78 69
78 86
79 87
79 96
80 81
81 80
82 88
82 91
83 99
83 101
84 71
84 78
84 100
84 132
85 71
85 95
85 111
85 137
87 81
87 88
87 97
87 108
88 67
88 73
88 92
88 100
89 103
89 105
90 94
91 83
91 90
91 100
91 101
91 144
92 91
92 126
93 71
93 77
94 67
94 74
94 75
94 85
94 94
94 111
95 89
96 66
96 100
97 72
97 74
97 87
97 96
97 129
98 91
98 97
98 149
99 75
99 76
99 80
99 84
99 122
100 85
100 94
100 123
100 134
100 138
100 152
101 62
101 68
101 80
101 81
101 86
101 94
101 95
101 101
101 119
102 69
102 72
102 82
102 85
102 103
102 123
102 150
103 82
103 84
103 87
103 89
103 95
103 132
104 63
104 84
104 104
104 123
104 152
105 64
105 71
105 73
105 79
105 82
105 87
106 75
106 76
106 78
106 82
106 87
106 127
107 82
107 87
107 88
107 94
107 104
107 107
107 108
107 140
107 157
108 78
108 101
108 108
109 66
109 78
109 101
109 106
110 58
110 72
110 76
110 83
110 89
110 94
110 98
110 101
110 102
110 107
110 118
110 122
110 125
110 143
110 156
111 75
111 113
111 151
112 58
112 78
112 81
112 102
112 105
112 119
113 110
114 62
114 73
114 82
114 99
114 100
114 137
114 150
115 63
115 106
115 112
115 115
116 75
116 83
116 91
116 103
116 111
117 98
117 121
118 51
118 98
118 100
118 102
118 112
118 139
119 62
119 92
119 94
119 96
119 114
119 123
119 128
120 100
120 135
121 58
121 59
121 85
121 96
121 102
121 114
121 125
121 137
122 93
122 100
122 124
123 84
123 99
123 114
124 65
124 74
124 88
124 101
124 128
125 61
125 65
125 68
125 81
125 84
125 91
126 56
126 64
126 83
126 96
126 110
126 114
126 122
127 83
127 89
127 92
128 89
128 92
128 103
128 114
128 122
128 136
128 142
129 72
129 107
129 130
130 73
130 84
130 89
130 135
131 79
131 96
131 132
132 68
132 100
132 102
132 111
132 126
132 137
133 102
134 64
134 73
134 110
134 116
135 51
135 54
135 70
135 87
135 97
135 100
135 133
136 55
136 94
136 120
137 60
137 62
137 87
137 88
137 103
138 98
138 104
138 107
139 73
139 77
139 92
139 98
139 99
140 86
140 87
140 95
141 92
141 105
142 51
142 52
142 55
142 99
142 144
143 90
143 95
144 115
146 64
146 66
146 74
146 89
146 96
146 105
147 91
147 94
148 112
148 117
150 84
151 89
153 98
153 110
154 100
155 117
156 94
157 93
157 106
157 109
158 94
158 113
159 92
160 111
161 56
162 93
163 98
163 111
167 97
169 99
169 101
170 102
171 104
172 108
176 107
176 119
177 103
178 97
