751
338 383
340 369
343 379
346 367
348 384
349 361
350 356
350 365
350 379
351 366
351 367
352 352
352 354
353 363
353 381
354 357
354 389
355 360
355 362
355 372
356 365
357 372
357 383
358 388
359 335
359 359
359 376
360 367
360 369
361 337
361 358
361 362
361 389
362 343
362 378
362 385
362 396
363 371
363 375
364 367
364 368
364 373
365 341
365 356
365 359
365 360
365 369
365 376
365 382
365 400
365 403
366 364
366 366
366 369
366 373
367 332
367 337
367 341
367 353
367 354
367 376
367 398
367 417
368 344
368 360
368 371
368 397
369 338
369 367
369 370
369 392
369 399
369 415
370 350
370 369
370 374
370 401
370 408
371 336
371 339
371 353
371 371
371 378
371 381
371 400
372 344
372 359
372 375
372 378
372 386
372 388
372 390
373 367
373 371
373 375
373 393
373 403
373 404
373 420
374 340
374 342
374 364
374 390
374 392
375 369
375 370
375 380
376 367
376 372
376 406
377 336
377 368
377 371
377 383
377 386
377 420
378 341
378 367
378 374
378 382
378 391
378 415
379 369
379 374
379 381
379 402
380 343
380 344
380 365
380 371
380 380
380 381
380 388
380 399
380 407
381 382
381 383
381 390
381 409
382 333
382 348
382 362
382 375
382 376
382 379
382 384
382 388
382 402
383 319
383 382
383 396
384 335
384 340
384 344
384 355
384 386
384 392
384 394
385 360
385 362
385 374
385 375
385 378
385 394
385 404
385 405
386 344
386 365
386 378
386 383
387 386
387 388
387 390
387 393
387 401
388 368
388 381
388 397
388 398
389 356
389 371
389 376
389 380
389 390
390 327
390 335
390 369
390 412
391 357
391 358
391 361
391 375
391 411
392 372
392 407
393 350
393 386
393 394
395 326
395 390
396 324
396 364
396 384
396 398
397 350
397 368
397 381
397 405
398 321
398 378
399 361
400 377
400 388
402 362
402 397
403 369
403 383
404 365
404 403
406 359
406 366
406 371
406 373
407 360
407 372
408 374
409 331
410 359
412 362
412 376
413 349
413 354
413 374
413 384
414 341
414 377
415 351
415 354
415 399
417 337
417 347
417 354
417 396
418 349
418 351
418 356
419 347
419 351
419 353
420 355
420 363
421 348
422 338
422 354
423 371
425 339
425 346
427 331
428 346
428 351
430 338
430 353
430 383
431 345
431 346
433 346
437 345
439 363
440 382
441 372
441 380
442 358
442 382
444 408
