201
43 93
52 80
55 99
56 137
58 81
60 45
60 134
64 76
64 91
65 73
65 93
66 46
66 76
66 80
66 91
67 65
67 102
68 78
68 94
68 96
68 99
68 113
69 53
69 55
69 101
70 101
71 134
72 45
72 55
72 57
72 58
72 63
72 98
72 102
72 109
72 110
73 55
73 63
73 84
73 91
73 99
73 106
74 70
74 72
74 101
74 107
74 112
74 123
75 56
75 57
75 64
75 78
75 101
75 104
75 106
75 109
76 56
76 71
76 73
76 75
76 104
77 61
77 78
77 98
77 110
77 139
78 64
78 73
78 91
78 93
78 96
78 101
78 103
78 110
78 126
79 61
79 79
79 83
79 88
79 107
79 111
80 55
80 65
80 73
80 77
80 109
80 142
81 64
81 77
81 78
81 80
81 88
81 92
81 94
81 99
81 116
82 63
82 77
82 79
82 87
82 99
82 111
83 52
83 73
83 95
83 105
83 126
83 138
84 44
84 56
84 70
84 74
84 88
84 92
84 96
84 97
84 99
84 102
84 105
84 112
84 115
84 121
84 128
85 59
85 66
85 81
85 90
85 99
85 101
85 108
85 110
85 113
86 58
86 67
86 74
86 87
86 88
86 90
86 92
86 104
86 118
87 59
87 68
87 69
87 71
87 73
87 74
87 75
87 85
87 89
87 102
87 104
87 112
87 120
87 156
88 51
88 68
88 83
88 89
88 96
88 100
88 102
88 104
88 105
88 117
88 120
88 121
88 135
88 136
88 139
88 157
89 57
89 75
89 84
89 86
89 91
89 92
89 93
89 97
89 117
90 46
90 70
90 71
90 87
90 88
90 89
90 90
90 95
90 100
90 102
90 108
90 110
90 111
90 112
90 114
90 124
90 125
90 148
91 56
91 57
91 74
91 76
91 88
91 90
91 96
91 98
91 104
91 106
91 108
91 111
91 115
91 117
91 122
91 128
91 135
91 139
91 160
92 60
92 65
92 70
92 82
92 83
92 84
92 92
92 101
92 102
92 103
92 105
92 114
92 133
93 65
93 69
93 73
93 76
93 81
93 85
93 88
93 91
93 93
93 94
93 100
93 105
93 106
93 116
93 140
94 54
94 61
94 68
94 81
94 83
94 85
94 91
94 94
94 105
94 116
94 118
94 151
94 160
95 60
95 67
95 68
95 74
95 75
95 94
95 100
95 104
95 115
95 118
95 125
95 131
95 132
96 51
96 62
96 69
96 77
96 82
96 91
96 94
96 96
96 98
96 110
96 119
96 120
96 123
96 127
96 129
97 68
97 69
97 75
97 84
97 86
97 87
97 90
97 93
97 96
97 110
97 122
97 125
97 145
98 56
98 65
98 69
98 71
98 77
98 80
98 88
98 89
98 90
98 91
98 92
98 102
98 120
98 125
98 126
98 128
98 143
98 165
99 51
99 59
99 65
99 73
99 82
99 83
99 87
99 108
99 116
99 122
99 128
99 154
99 165
100 59
100 61
100 64
100 68
100 70
100 73
100 75
100 83
100 84
100 86
100 89
100 94
100 96
100 100
100 101
100 114
100 116
100 117
100 120
100 121
100 122
100 129
100 150
101 64
101 66
101 72
101 73
101 76
101 78
101 80
101 81
101 84
101 86
101 94
101 95
101 101
101 106
101 111
101 117
101 126
101 127
101 128
101 129
101 130
101 132
101 152
101 157
102 52
102 61
102 65
102 68
102 70
102 72
102 83
102 85
102 87
102 88
102 89
102 92
102 93
102 114
102 117
102 118
102 120
102 122
102 123
102 127
102 130
103 55
103 56
103 59
103 60
103 68
103 69
103 77
103 79
103 81
103 84
103 87
103 97
103 99
103 103
103 111
103 113
104 62
104 75
104 78
104 80
104 82
104 85
104 88
104 93
104 95
104 96
104 97
104 102
104 105
104 107
104 113
104 115
104 116
104 121
104 126
104 157
105 61
105 63
105 67
105 70
105 71
105 73
105 74
105 78
105 80
105 94
105 96
105 97
105 99
105 100
105 101
105 102
105 110
105 111
105 115
105 116
105 119
105 121
105 124
105 126
105 128
105 130
105 146
106 69
106 73
106 75
106 78
106 82
106 84
106 85
106 86
106 90
106 93
106 95
106 96
106 99
106 103
106 104
106 106
106 113
106 118
106 129
106 142
106 144
106 153
107 55
107 60
107 65
107 67
107 68
107 72
107 79
107 80
107 83
107 86
107 87
107 89
107 93
107 94
107 95
107 103
107 104
107 107
107 111
107 114
107 119
107 122
107 123
107 130
107 131
107 140
108 52
108 65
108 73
108 74
108 77
108 79
108 81
108 83
108 84
108 86
108 90
108 92
108 98
108 103
108 105
108 108
108 110
108 119
108 132
109 34
109 61
109 65
109 67
109 71
109 72
109 85
109 90
109 94
109 95
109 96
109 97
109 105
109 108
109 109
109 111
109 117
109 120
109 126
109 139
109 141
109 160
110 56
110 58
110 66
110 68
110 76
110 78
110 80
110 81
110 82
110 90
110 91
110 92
110 94
110 95
110 108
110 110
110 113
110 116
110 126
110 130
110 140
111 54
111 55
111 58
111 62
111 66
111 68
111 73
111 74
111 75
111 84
111 89
111 90
111 91
111 94
111 95
111 97
111 100
111 105
111 112
111 134
111 142
111 151
111 153
112 48
112 64
112 67
112 70
112 73
112 75
112 81
112 83
112 85
112 95
112 99
112 101
112 102
112 104
112 105
112 106
112 108
112 116
112 117
112 122
112 128
112 147
113 48
113 55
113 60
113 64
113 65
113 67
113 74
113 75
113 78
113 83
113 86
113 88
113 90
113 91
113 94
113 95
113 97
113 100
113 104
113 108
113 113
113 114
113 118
113 122
113 149
114 56
114 57
114 69
114 70
114 72
114 83
114 86
114 88
114 89
114 91
114 93
114 95
114 99
114 102
114 103
114 105
114 113
114 117
114 120
114 123
114 125
114 126
114 128
114 139
114 145
115 66
115 70
115 72
115 73
115 74
115 75
115 78
115 79
115 86
115 89
115 93
115 94
115 97
115 98
115 99
115 102
115 105
115 107
115 117
115 126
115 158
116 40
116 46
116 53
116 55
116 57
116 63
116 64
116 69
116 73
116 75
116 77
116 79
116 81
116 85
116 86
116 90
116 92
116 95
116 96
116 102
116 104
116 111
116 112
116 114
116 115
116 125
116 128
116 134
116 137
116 144
116 162
117 49
117 56
117 66
117 71
117 73
117 76
117 77
117 89
117 92
117 94
117 96
117 99
117 100
117 108
117 109
117 117
117 123
117 126
117 129
117 130
117 134
117 157
118 59
118 61
118 73
118 79
118 82
118 83
118 84
118 88
118 89
118 92
118 93
118 98
118 100
118 105
118 106
118 108
118 115
118 117
118 119
118 124
118 126
118 144
118 148
118 149
118 150
118 156
119 68
119 70
119 73
119 74
119 76
119 86
119 87
119 88
119 91
119 105
119 107
119 115
119 117
119 124
119 137
119 142
119 144
119 145
119 147
120 58
120 59
120 61
120 62
120 74
120 79
120 83
120 84
120 87
120 89
120 92
120 95
120 97
120 102
120 104
120 105
120 106
120 113
120 117
120 120
120 122
120 124
120 128
121 34
121 41
121 54
121 55
121 60
121 69
121 71
121 76
121 81
121 83
121 89
121 92
121 93
121 100
121 101
121 104
121 106
121 110
121 111
121 112
121 120
121 122
121 129
121 156
122 44
122 59
122 71
122 72
122 73
122 76
122 79
122 82
122 83
122 84
122 87
122 89
122 90
122 91
122 94
122 97
122 101
122 104
122 106
122 109
122 112
122 118
122 119
122 127
122 143
122 151
123 34
123 41
123 55
123 57
123 59
123 63
123 77
123 78
123 79
123 85
123 88
123 92
123 95
123 97
123 99
123 101
123 102
123 103
123 110
123 125
123 128
123 129
123 144
123 145
123 156
124 65
124 71
124 78
124 80
124 81
124 83
124 85
124 90
124 93
124 102
124 103
124 104
124 112
124 115
124 120
124 134
124 156
125 55
125 66
125 67
125 74
125 76
125 77
125 80
125 82
125 86
125 87
125 89
125 92
125 95
125 96
125 103
125 118
125 124
125 127
125 141
126 41
126 59
126 62
126 79
126 80
126 86
126 90
126 92
126 95
126 97
126 100
126 102
126 109
126 116
126 142
127 55
127 59
127 60
127 67
127 76
127 81
127 89
127 90
127 92
127 94
127 101
127 105
127 107
127 114
127 115
127 124
127 127
127 138
128 53
128 54
128 65
128 74
128 75
128 86
128 87
128 88
128 90
128 96
128 98
128 106
128 107
128 117
128 122
128 128
128 147
129 35
129 60
129 80
129 83
129 93
129 94
129 96
129 97
129 98
129 101
129 104
129 105
129 107
129 119
129 125
130 59
130 61
130 77
130 84
130 87
130 88
130 95
130 108
130 110
130 114
130 138
131 34
131 48
131 57
131 62
131 72
131 76
131 94
131 99
131 101
131 110
131 111
131 116
131 128
131 130
131 139
132 32
132 35
132 50
132 53
132 57
132 61
132 68
132 82
132 86
132 89
132 92
132 93
132 100
132 106
132 107
132 110
132 111
132 131
132 151
133 59
133 63
133 66
133 75
133 77
133 81
133 90
133 97
133 102
133 104
133 107
133 108
133 111
133 115
133 118
133 123
134 45
134 63
134 77
134 87
134 91
134 92
134 96
134 97
134 101
134 105
134 109
134 130
134 136
135 46
135 62
135 79
135 85
135 86
135 92
135 101
135 109
135 121
135 147
135 149
136 59
136 75
136 76
136 81
136 87
136 88
136 91
136 93
136 103
136 106
136 113
136 132
136 145
137 40
137 42
137 74
137 79
137 81
137 83
137 85
137 90
137 100
137 101
137 103
137 104
137 110
137 113
137 119
137 125
137 136
138 48
138 52
138 65
138 71
138 77
138 80
138 86
138 91
138 94
138 95
138 97
138 102
138 109
138 116
138 120
138 133
139 44
139 63
139 64
139 72
139 76
139 84
139 85
139 89
139 90
139 107
139 111
139 117
139 123
140 32
140 45
140 49
140 58
140 65
140 68
140 74
140 77
140 83
140 87
140 88
140 89
140 94
140 95
140 96
140 99
140 104
140 107
140 108
140 113
140 114
140 120
140 123
140 124
140 126
140 128
140 144
141 52
141 71
141 74
141 83
141 84
141 86
141 87
141 88
141 90
141 92
141 107
141 110
141 113
141 116
141 126
141 141
141 143
142 62
142 72
142 73
142 81
142 85
142 92
142 97
142 102
142 104
142 106
142 109
142 116
142 117
142 118
142 121
142 132
142 141
143 36
143 73
143 75
143 89
143 91
143 99
143 100
143 104
143 108
143 111
143 119
143 127
143 130
143 133
143 140
144 78
144 83
144 86
144 90
144 96
144 99
144 102
144 108
144 111
144 134
144 142
145 35
145 82
145 84
145 89
145 92
145 93
145 100
145 107
145 109
145 114
145 121
145 122
145 126
146 54
146 72
146 75
146 76
146 88
146 91
146 94
146 97
146 98
146 106
146 107
146 111
146 121
146 142
147 29
147 55
147 68
147 72
147 73
147 78
147 87
147 89
147 92
147 93
147 109
147 110
147 116
147 117
148 60
148 62
148 75
148 80
148 83
148 88
148 93
148 95
148 98
148 99
148 100
148 104
148 105
148 110
148 111
148 112
148 115
148 122
148 125
148 147
149 68
149 89
149 91
149 98
149 103
149 105
149 108
149 115
149 124
150 73
150 78
150 91
150 96
150 97
150 98
150 101
150 115
150 118
150 130
150 132
151 66
151 67
151 84
151 89
151 95
151 104
151 106
151 109
151 112
151 115
152 49
152 70
152 74
152 80
152 96
152 106
152 107
152 110
152 135
153 71
153 74
153 91
153 94
153 97
153 99
153 104
153 106
153 110
153 118
154 67
154 71
154 74
154 76
154 82
154 90
154 93
154 96
154 97
154 107
154 112
155 82
155 86
155 89
155 102
155 104
155 107
155 111
155 123
156 80
156 86
156 87
156 89
156 94
156 95
156 100
156 108
156 110
156 116
156 127
156 130
156 136
157 49
157 75
157 79
157 84
157 87
157 91
157 97
157 108
158 83
158 86
158 98
158 101
158 103
158 108
158 115
159 66
159 78
159 85
159 88
159 93
159 106
159 113
159 120
159 133
159 134
160 95
160 99
160 100
160 102
160 106
160 109
160 117
161 76
161 78
161 88
161 95
161 109
161 110
161 114
161 128
161 130
162 86
162 92
162 97
162 99
162 103
162 105
162 111
162 114
162 116
162 122
162 124
162 132
162 141
163 68
163 73
163 84
163 100
163 104
163 109
163 118
163 130
164 44
164 48
164 104
164 106
164 107
164 109
164 112
164 114
164 115
165 88
165 90
165 97
165 108
165 116
166 94
166 95
166 103
166 120
166 128
166 132
167 65
167 93
167 94
167 99
167 107
167 112
167 115
167 128
168 84
168 103
168 105
168 109
168 112
169 79
169 90
169 93
169 95
169 96
169 111
169 112
169 117
170 86
170 94
170 96
170 103
170 109
170 122
170 128
170 138
171 96
171 97
171 101
171 104
171 105
171 106
171 109
171 112
172 90
172 92
172 94
172 101
172 103
172 111
172 112
172 124
172 125
172 126
173 99
173 110
173 127
174 87
174 89
174 93
174 97
174 105
174 106
174 114
175 96
175 97
175 108
175 113
175 120
175 121
175 126
176 92
176 107
176 110
176 111
176 127
177 94
177 99
177 107
177 110
177 117
177 119
177 121
177 132
178 79
178 92
178 96
178 104
178 114
178 117
179 107
179 108
179 125
180 79
180 98
181 87
181 95
181 104
181 108
181 113
181 115
181 116
181 120
181 126
182 82
182 90
182 99
182 112
182 120
183 96
183 106
183 114
183 115
183 123
184 91
184 94
184 114
185 75
185 111
185 125
186 100
186 110
186 119
187 99
188 108
189 115
189 122
190 101
190 112
190 129
192 96
193 110
194 97
195 104
195 115
196 111
196 113
