751
315 375
327 382
327 383
328 351
328 363
328 370
328 371
330 343
331 385
331 393
331 394
332 383
332 393
333 352
333 368
333 395
333 398
334 388
335 348
336 352
336 366
336 379
336 388
337 360
337 372
337 388
337 394
338 344
338 346
338 367
338 368
338 375
338 379
339 338
339 346
339 357
339 363
339 373
339 379
339 390
340 338
340 361
340 362
340 364
340 372
340 374
340 394
341 333
341 349
341 369
341 388
342 364
342 369
342 383
342 384
342 392
342 408
343 348
343 354
343 385
344 332
344 361
344 363
344 367
344 373
344 384
345 344
345 358
345 360
345 367
345 379
346 321
346 327
346 348
346 349
346 354
346 357
346 358
346 364
346 368
346 374
346 375
346 385
347 352
347 367
347 369
347 373
347 376
347 379
347 381
347 382
348 348
348 355
348 363
348 366
348 376
348 378
349 341
349 344
349 350
349 361
349 369
349 391
350 350
350 360
350 368
350 372
350 374
350 376
350 390
350 393
350 418
351 337
351 357
351 360
351 362
351 380
351 389
351 416
352 339
352 354
352 366
352 367
352 383
352 384
353 325
353 333
353 335
353 363
353 372
353 374
353 377
353 382
353 391
354 348
354 362
354 363
354 365
354 368
354 372
354 376
354 377
354 380
354 381
354 388
354 390
354 394
355 349
355 353
355 357
355 365
355 369
355 373
355 377
355 378
355 381
355 392
355 430
356 325
356 333
356 345
356 347
356 353
356 355
356 357
356 359
356 360
356 366
356 367
356 371
356 373
356 375
356 389
356 390
356 396
356 415
357 337
357 344
357 351
357 352
357 354
357 358
357 360
357 365
357 366
357 374
357 375
357 382
357 383
357 384
357 417
357 446
358 331
358 342
358 347
358 349
358 354
358 355
358 360
358 362
358 368
358 372
358 373
358 374
358 375
358 384
358 390
358 400
358 406
358 413
358 434
359 334
359 348
359 351
359 358
359 363
359 365
359 366
359 368
359 372
359 375
359 376
359 377
359 379
359 381
359 383
359 385
359 388
359 394
359 395
359 396
359 397
359 403
360 348
360 356
360 370
360 383
360 386
361 350
361 352
361 354
361 356
361 358
361 359
361 360
361 363
361 368
361 371
361 373
361 375
361 376
361 378
361 388
361 389
361 393
361 399
361 404
361 425
362 308
362 327
362 336
362 345
362 360
362 362
362 369
362 372
362 375
362 379
362 381
362 382
362 383
362 385
362 398
362 412
363 309
363 327
363 334
363 343
363 345
363 347
363 349
363 350
363 353
363 357
363 358
363 365
363 370
363 371
363 375
363 377
363 378
363 381
363 385
363 388
363 395
363 398
363 400
363 401
364 336
364 343
364 345
364 352
364 357
364 359
364 364
364 368
364 372
364 373
364 375
364 379
364 381
364 382
364 384
364 385
364 386
364 389
364 390
364 392
364 415
364 425
365 317
365 326
365 364
365 366
365 367
365 370
365 371
365 372
365 379
365 381
365 382
365 384
365 385
365 391
365 400
365 414
365 417
366 308
366 327
366 331
366 340
366 347
366 349
366 356
366 364
366 365
366 373
366 376
366 382
366 383
366 391
366 395
366 429
367 344
367 358
367 360
367 362
367 367
367 374
367 380
367 381
367 384
367 385
367 392
367 394
367 395
367 397
367 411
367 417
368 294
368 304
368 340
368 342
368 346
368 350
368 357
368 359
368 363
368 365
368 366
368 368
368 373
368 375
368 380
368 386
368 390
368 407
368 410
368 417
368 423
368 429
369 326
369 334
369 335
369 343
369 349
369 350
369 353
369 355
369 359
369 365
369 366
369 367
369 368
369 376
369 378
369 380
369 382
369 384
369 385
369 386
369 390
369 394
369 399
369 401
369 403
369 414
370 313
370 337
370 343
370 345
370 347
370 352
370 357
370 358
370 360
370 362
370 363
370 367
370 369
370 374
370 377
370 379
370 382
370 386
370 390
370 392
370 396
370 428
371 308
371 327
371 332
371 335
371 337
371 347
371 350
371 351
371 355
371 358
371 360
371 361
371 366
371 367
371 369
371 378
371 379
371 382
371 383
371 384
371 385
371 386
371 391
371 403
371 408
371 410
372 304
372 336
372 346
372 347
372 348
372 349
372 351
372 352
372 355
372 365
372 370
372 371
372 375
372 376
372 382
372 383
372 387
372 389
372 390
372 392
372 397
372 400
372 424
373 320
373 321
373 341
373 343
373 348
373 354
373 356
373 359
373 362
373 363
373 365
373 368
373 369
373 371
373 373
373 375
373 376
373 380
373 382
373 385
373 386
373 397
373 399
373 401
373 404
373 413
373 420
374 324
374 344
374 347
374 349
374 350
374 352
374 356
374 360
374 362
374 369
374 370
374 372
374 375
374 376
374 379
374 381
374 385
374 386
374 390
374 395
374 397
374 399
374 400
374 401
374 402
374 405
374 418
374 425
374 433
375 339
375 347
375 350
375 352
375 364
375 368
375 369
375 370
375 372
375 378
375 382
375 383
375 388
375 390
375 392
375 394
375 397
375 399
375 404
375 412
375 419
375 425
376 317
376 334
376 346
376 347
376 348
376 351
376 353
376 354
376 359
376 363
376 364
376 365
376 374
376 376
376 378
376 380
376 381
376 382
376 384
376 385
376 387
376 388
376 397
376 404
376 409
376 410
376 416
376 431
377 335
377 342
377 343
377 357
377 364
377 369
377 373
377 378
377 380
377 381
377 382
377 385
377 386
377 393
377 401
377 426
378 323
378 324
378 346
378 347
378 348
378 360
378 361
378 364
378 367
378 370
378 374
378 377
378 379
378 384
378 388
378 395
378 400
378 401
378 410
378 425
379 327
379 339
379 350
379 353
379 355
379 357
379 359
379 360
379 363
379 364
379 367
379 368
379 371
379 372
379 377
379 378
379 380
379 382
379 385
379 390
379 391
379 394
379 398
379 401
379 427
380 336
380 337
380 342
380 344
380 348
380 351
380 353
380 354
380 366
380 367
380 372
380 376
380 377
380 380
380 381
380 385
380 393
380 417
381 312
381 329
381 331
381 338
381 345
381 347
381 356
381 357
381 371
381 372
381 378
381 380
381 381
381 382
381 389
381 391
381 392
381 393
381 396
381 401
381 407
381 408
382 324
382 326
382 329
382 331
382 334
382 337
382 346
382 360
382 362
382 364
382 368
382 370
382 371
382 375
382 378
382 379
382 383
382 384
382 385
382 386
382 388
382 394
382 415
382 426
383 336
383 342
383 347
383 348
383 354
383 355
383 359
383 360
383 361
383 365
383 367
383 374
383 376
383 377
383 378
383 387
383 389
383 392
383 393
383 394
383 396
383 397
383 398
383 401
383 402
384 320
384 321
384 325
384 336
384 342
384 347
384 355
384 360
384 362
384 366
384 375
384 376
384 377
384 378
384 379
384 383
384 385
384 387
384 392
384 394
384 406
384 407
384 409
384 411
384 417
385 314
385 325
385 329
385 332
385 333
385 340
385 343
385 345
385 350
385 354
385 356
385 360
385 361
385 364
385 366
385 374
385 377
385 378
385 381
385 390
385 391
385 392
385 395
385 405
385 411
385 421
386 323
386 331
386 334
386 353
386 357
386 364
386 365
386 366
386 371
386 373
386 375
386 379
386 382
386 385
386 387
386 390
386 393
386 396
386 401
386 413
386 414
387 315
387 320
387 335
387 336
387 338
387 347
387 353
387 358
387 365
387 368
387 370
387 374
387 379
387 381
387 388
387 394
387 398
387 401
387 404
387 416
387 429
388 327
388 330
388 334
388 336
388 341
388 342
388 347
388 349
388 351
388 356
388 357
388 359
388 366
388 367
388 370
388 378
388 379
388 384
388 387
388 388
388 389
388 391
388 393
388 396
388 399
388 402
389 340
389 353
389 358
389 364
389 366
389 371
389 378
389 380
389 381
389 383
389 385
389 387
389 389
389 395
389 406
389 411
389 417
389 419
390 331
390 334
390 342
390 346
390 351
390 354
390 366
390 374
390 382
390 383
390 389
390 390
390 391
390 392
390 396
390 400
390 402
390 405
390 406
391 315
391 324
391 326
391 328
391 330
391 331
391 340
391 353
391 356
391 359
391 364
391 367
391 370
391 372
391 376
391 377
391 378
391 379
391 383
391 397
391 399
391 406
391 408
391 419
392 334
392 357
392 358
392 365
392 372
392 374
392 377
392 378
392 381
392 382
392 389
392 393
392 394
392 399
392 400
392 409
393 330
393 331
393 336
393 339
393 341
393 342
393 352
393 356
393 362
393 364
393 365
393 368
393 381
393 390
393 393
393 394
393 396
393 397
393 399
393 404
393 406
394 314
394 317
394 350
394 367
394 369
394 372
394 373
394 378
394 386
394 389
394 391
394 396
394 398
395 319
395 323
395 333
395 338
395 346
395 350
395 352
395 360
395 367
395 375
395 380
395 386
395 387
395 404
395 405
395 413
395 415
396 283
396 331
396 333
396 340
396 342
396 344
396 354
396 365
396 373
396 376
396 378
396 380
396 381
396 383
396 388
396 390
396 391
396 392
396 397
396 398
396 399
396 402
396 405
397 319
397 321
397 329
397 340
397 342
397 343
397 348
397 349
397 361
397 362
397 364
397 366
397 370
397 372
397 377
397 380
397 387
397 388
397 391
397 392
397 395
397 398
397 401
397 405
397 421
398 336
398 339
398 343
398 351
398 362
398 368
398 369
398 372
398 378
398 380
398 382
398 387
398 398
399 321
399 329
399 335
399 346
399 349
399 350
399 361
399 369
399 371
399 372
399 379
399 381
399 385
399 386
399 392
399 395
400 347
400 353
400 355
400 358
400 361
400 365
400 366
400 375
400 377
400 379
400 382
400 384
400 385
400 386
400 389
400 402
400 416
401 332
401 356
401 362
401 363
401 371
401 377
401 378
401 380
401 384
401 386
401 389
401 392
401 396
401 412
402 327
402 337
402 339
402 342
402 343
402 344
402 351
402 352
402 360
402 366
402 368
402 384
402 427
402 432
403 331
403 336
403 355
403 366
403 370
403 374
403 377
403 381
403 382
403 387
403 392
404 332
404 340
404 351
404 352
404 354
404 375
404 378
404 384
404 387
404 400
405 325
405 334
405 365
405 377
405 386
405 395
406 326
406 335
406 338
406 351
406 359
406 373
406 374
406 382
406 383
406 386
406 402
407 353
407 354
407 362
407 368
407 373
407 374
407 383
407 384
407 387
407 388
407 390
407 392
407 394
408 335
408 348
408 380
408 394
409 339
409 348
409 360
409 370
409 371
409 379
409 380
409 383
409 388
409 390
409 393
410 332
410 335
410 348
410 356
410 364
410 368
410 370
410 377
410 383
410 390
410 391
410 411
411 345
411 347
411 349
411 351
411 363
411 374
411 376
411 378
411 379
411 386
411 400
412 318
412 324
412 335
412 341
412 346
412 358
412 362
412 367
412 369
412 375
412 377
412 379
412 388
413 317
413 336
413 337
413 338
413 345
413 346
413 357
413 381
413 392
414 329
414 334
414 351
414 377
414 384
414 392
414 398
415 336
415 340
415 350
415 353
415 360
415 362
415 363
415 365
415 374
415 377
415 386
415 391
415 414
416 325
416 345
416 359
416 364
416 386
417 306
417 329
417 352
417 370
417 376
417 390
418 346
418 359
418 374
418 385
418 386
419 309
419 321
419 328
419 329
419 341
419 352
419 357
419 359
419 389
419 394
420 330
420 335
420 341
420 356
420 362
420 381
420 388
420 398
421 346
421 362
422 329
422 348
422 350
422 351
422 358
422 359
422 363
422 386
422 390
423 328
423 339
423 341
423 355
423 360
423 362
423 363
423 364
423 366
423 367
423 374
423 381
423 389
424 344
424 355
424 410
425 328
425 337
425 341
425 353
425 356
425 369
425 396
426 318
426 327
426 329
426 340
426 353
426 362
426 367
427 322
427 323
427 334
427 339
427 354
427 359
427 366
427 368
427 381
428 320
428 325
428 342
428 352
428 358
429 319
429 324
429 332
429 353
429 354
429 356
429 359
429 362
429 364
429 378
429 394
430 329
430 331
430 344
430 346
430 357
430 359
430 374
430 382
430 401
430 416
431 346
431 351
431 352
431 359
432 344
432 345
432 349
432 351
432 355
432 368
433 330
433 344
433 346
433 356
433 361
433 364
433 366
433 372
433 375
433 376
434 360
434 374
434 381
435 317
435 331
435 348
435 351
435 356
435 358
435 381
435 385
435 390
436 354
436 372
436 418
437 318
437 336
437 345
437 363
437 375
437 404
438 315
438 346
438 354
438 356
438 373
438 393
439 353
439 356
439 369
440 331
440 334
440 340
440 360
440 365
440 408
441 328
441 370
442 339
443 352
443 371
443 391
443 402
444 343
444 354
444 371
444 423
445 357
447 354
447 394
447 400
448 405
448 428
449 360
449 398
449 417
449 418
450 329
450 333
450 407
450 428
451 365
451 367
451 381
452 354
452 398
452 412
454 350
455 351
456 397
458 393
458 425
459 356
459 367
459 391
459 393
460 362
460 393
462 429
470 370
