751
259 336
259 337
266 351
267 356
268 336
268 367
271 342
271 365
272 353
273 368
274 340
275 332
275 363
276 362
278 349
278 361
278 370
279 337
279 342
279 344
279 362
280 359
281 340
282 350
282 369
283 332
283 343
284 356
285 325
285 359
285 360
285 381
286 351
286 354
286 361
287 332
287 333
287 339
287 349
288 341
288 363
288 370
289 302
289 328
290 317
290 324
290 381
290 382
291 345
292 314
292 364
293 314
293 343
293 367
293 376
293 380
294 365
294 376
294 381
295 306
295 320
295 348
295 361
295 364
295 368
295 377
296 317
296 341
296 369
297 327
297 331
297 376
298 349
298 351
298 354
298 356
298 362
298 367
298 375
298 388
298 406
299 351
299 367
299 392
300 358
300 359
300 363
300 366
300 370
300 374
300 380
300 384
300 391
300 404
301 349
301 355
301 375
302 330
302 334
302 348
302 364
302 370
302 371
302 374
302 378
302 381
302 414
303 352
303 362
303 365
304 312
304 315
304 340
304 347
304 350
304 358
304 362
304 371
304 392
305 308
305 359
305 373
305 378
305 385
305 392
306 326
306 344
306 346
306 351
306 354
306 355
306 359
306 361
306 367
306 368
306 372
306 411
307 320
307 342
307 346
307 348
307 351
307 361
307 365
307 379
308 343
308 351
308 353
308 355
308 361
308 363
308 366
308 381
308 384
308 385
308 398
308 410
309 338
309 340
309 364
309 366
309 372
309 375
309 377
309 378
309 384
309 385
309 387
309 390
310 309
310 324
310 326
310 349
310 350
310 354
310 356
310 359
310 361
310 366
310 367
310 369
310 370
310 371
310 377
310 379
310 385
310 400
311 330
311 341
311 343
311 344
311 347
311 350
311 355
311 359
311 362
311 363
311 370
311 372
311 375
311 378
311 380
311 387
311 388
311 389
311 393
312 330
312 340
312 345
312 351
312 354
312 356
312 365
312 369
312 372
312 373
312 375
312 378
312 379
312 383
312 384
312 386
312 402
313 312
313 341
313 344
313 353
313 357
313 358
313 362
313 364
313 367
313 380
313 381
313 387
313 388
313 390
314 325
314 344
314 347
314 350
314 353
314 355
314 357
314 359
314 361
314 365
314 369
314 372
314 374
314 375
314 376
314 379
314 385
314 395
314 396
315 331
315 340
315 343
315 344
315 348
315 350
315 354
315 359
315 360
315 361
315 364
315 365
315 366
315 374
315 377
315 381
315 390
315 396
316 339
316 343
316 344
316 345
316 350
316 352
316 353
316 354
316 358
316 367
316 369
316 371
316 372
316 379
316 380
316 382
316 383
316 385
316 390
316 391
316 400
316 401
316 426
317 300
317 339
317 344
317 347
317 359
317 362
317 370
317 371
317 372
317 373
317 374
317 377
317 378
317 382
317 385
317 389
317 395
317 405
317 422
318 325
318 333
318 336
318 337
318 340
318 343
318 344
318 348
318 351
318 352
318 353
318 355
318 356
318 357
318 360
318 362
318 363
318 364
318 366
318 368
318 369
318 370
318 371
318 373
318 380
318 381
318 382
318 383
318 385
318 386
318 391
318 396
318 398
318 400
318 420
319 320
319 323
319 329
319 337
319 342
319 345
319 346
319 348
319 353
319 355
319 358
319 359
319 360
319 361
319 363
319 366
319 370
319 373
319 375
319 377
319 380
319 383
319 391
319 404
320 318
320 326
320 328
320 332
320 334
320 337
320 339
320 343
320 345
320 346
320 348
320 350
320 351
320 354
320 355
320 356
320 357
320 364
320 368
320 371
320 372
320 373
320 374
320 375
320 376
320 377
320 379
320 382
320 383
320 384
320 385
320 388
320 389
320 391
320 403
320 414
321 312
321 321
321 323
321 338
321 342
321 343
321 346
321 349
321 350
321 353
321 354
321 356
321 359
321 360
321 363
321 364
321 365
321 367
321 368
321 369
321 373
321 377
321 379
321 380
321 394
321 406
322 321
322 325
322 330
322 338
322 341
322 343
322 345
322 346
322 347
322 352
322 353
322 354
322 357
322 358
322 359
322 361
322 362
322 366
322 368
322 370
322 371
322 374
322 375
322 376
322 382
322 383
322 386
322 389
322 390
322 392
322 396
322 399
322 402
322 403
322 404
322 416
323 332
323 335
323 341
323 342
323 343
323 344
323 351
323 352
323 353
323 355
323 356
323 357
323 360
323 362
323 363
323 371
323 372
323 373
323 374
323 376
323 377
323 380
323 381
323 382
323 383
323 384
323 386
323 392
323 393
323 395
323 396
323 401
323 406
323 407
323 408
323 411
323 417
323 425
324 317
324 325
324 335
324 337
324 338
324 339
324 343
324 345
324 347
324 350
324 353
324 354
324 355
324 358
324 362
324 363
324 365
324 368
324 369
324 370
324 371
324 372
324 373
324 376
324 378
324 379
324 380
324 383
324 385
324 387
324 388
324 389
324 390
324 406
324 407
324 409
325 325
325 327
325 329
325 335
325 338
325 340
325 344
325 347
325 348
325 349
325 351
325 355
325 358
325 359
325 360
325 362
325 366
325 369
325 371
325 374
325 378
325 379
325 384
325 387
325 390
325 392
325 394
325 395
325 398
325 399
325 401
325 405
325 410
325 413
325 428
325 442
326 322
326 331
326 335
326 338
326 341
326 342
326 343
326 344
326 346
326 347
326 349
326 351
326 354
326 355
326 357
326 361
326 363
326 364
326 367
326 368
326 369
326 371
326 374
326 378
326 379
326 380
326 381
326 382
326 383
326 384
326 385
326 386
326 387
326 388
326 389
326 390
326 392
326 396
326 397
326 403
326 411
326 414
327 313
327 324
327 327
327 329
327 338
327 341
327 344
327 345
327 346
327 348
327 351
327 355
327 356
327 359
327 362
327 364
327 365
327 366
327 367
327 368
327 369
327 371
327 372
327 373
327 375
327 376
327 377
327 380
327 381
327 382
327 383
327 384
327 385
327 390
327 391
327 392
327 394
327 397
327 398
327 401
327 402
327 408
327 413
327 436
328 299
328 307
328 318
328 323
328 327
328 329
328 334
328 337
328 340
328 343
328 344
328 346
328 348
328 349
328 350
328 351
328 352
328 354
328 356
328 357
328 358
328 359
328 361
328 363
328 368
328 369
328 370
328 371
328 374
328 375
328 378
328 380
328 382
328 384
328 385
328 392
328 396
328 397
328 401
328 402
328 410
328 417
328 420
328 431
329 303
329 322
329 323
329 329
329 333
329 336
329 337
329 339
329 340
329 341
329 342
329 346
329 350
329 351
329 352
329 353
329 354
329 355
329 356
329 357
329 358
329 360
329 361
329 362
329 363
329 364
329 365
329 366
329 368
329 369
329 372
329 374
329 375
329 376
329 377
329 378
329 379
329 380
329 381
329 382
329 383
329 387
329 388
329 391
329 392
329 395
329 396
329 399
329 404
329 407
329 425
330 303
330 324
330 328
330 329
330 330
330 335
330 337
330 338
330 340
330 342
330 343
330 344
330 348
330 351
330 352
330 353
330 354
330 356
330 357
330 360
330 363
330 367
330 368
330 370
330 371
330 373
330 374
330 376
330 377
330 378
330 379
330 381
330 382
330 385
330 388
330 390
330 392
330 393
330 395
330 397
330 402
330 405
330 411
330 422
331 325
331 335
331 336
331 339
331 349
331 350
331 353
331 354
331 355
331 356
331 359
331 360
331 361
331 362
331 364
331 366
331 367
331 368
331 371
331 372
331 373
331 377
331 378
331 379
331 380
331 382
331 385
331 386
331 387
331 388
331 389
331 390
331 392
331 393
331 394
331 395
331 396
331 398
331 400
331 403
331 404
331 406
331 407
331 409
331 410
331 430
332 310
332 321
332 323
332 331
332 335
332 338
332 340
332 343
332 344
332 347
332 348
332 349
332 350
332 351
332 352
332 353
332 354
332 356
332 357
332 359
332 360
332 362
332 363
332 366
332 369
332 370
332 372
332 375
332 376
332 377
332 379
332 380
332 381
332 382
332 383
332 384
332 387
332 388
332 389
332 390
332 391
332 392
332 394
332 404
332 406
332 408
332 409
332 411
332 425
332 436
333 309
333 319
333 320
333 322
333 324
333 328
333 329
333 331
333 332
333 333
333 334
333 335
333 337
333 338
333 342
333 344
333 347
333 349
333 351
333 353
333 354
333 356
333 358
333 361
333 365
333 369
333 370
333 372
333 373
333 374
333 377
333 378
333 379
333 383
333 384
333 385
333 389
333 392
333 393
333 394
333 395
333 396
333 397
333 399
333 401
333 404
333 405
333 407
333 409
333 412
333 414
334 321
334 325
334 327
334 328
334 337
334 338
334 340
334 341
334 343
334 344
334 347
334 349
334 350
334 353
334 354
334 355
334 359
334 360
334 361
334 362
334 363
334 365
334 366
334 367
334 368
334 369
334 370
334 372
334 373
334 375
334 376
334 377
334 379
334 380
334 381
334 384
334 386
334 387
334 388
334 389
334 390
334 391
334 394
334 395
334 397
334 399
334 400
334 403
334 406
334 407
334 408
334 409
334 413
334 420
335 315
335 320
335 324
335 328
335 330
335 332
335 333
335 336
335 337
335 338
335 339
335 343
335 345
335 347
335 348
335 351
335 352
335 356
335 357
335 359
335 362
335 364
335 367
335 368
335 370
335 371
335 372
335 373
335 374
335 375
335 376
335 378
335 380
335 381
335 382
335 383
335 384
335 385
335 386
335 387
335 390
335 391
335 393
335 394
335 395
335 397
335 400
335 405
335 406
335 408
335 412
335 413
336 304
336 309
336 315
336 323
336 332
336 333
336 334
336 335
336 337
336 340
336 341
336 342
336 343
336 344
336 345
336 347
336 348
336 349
336 350
336 351
336 352
336 353
336 354
336 356
336 357
336 359
336 361
336 362
336 363
336 364
336 366
336 367
336 368
336 369
336 370
336 371
336 372
336 373
336 375
336 376
336 377
336 379
336 380
336 382
336 383
336 384
336 385
336 386
336 387
336 388
336 389
336 390
336 391
336 394
336 395
336 396
336 397
336 398
336 399
336 400
336 401
336 403
336 404
336 408
336 418
336 423
337 320
337 322
337 324
337 326
337 330
337 331
337 333
337 336
337 341
337 342
337 344
337 346
337 348
337 350
337 351
337 352
337 353
337 354
337 355
337 356
337 357
337 358
337 359
337 360
337 362
337 363
337 364
337 365
337 366
337 367
337 368
337 369
337 370
337 372
337 375
337 376
337 377
337 381
337 383
337 385
337 387
337 388
337 390
337 394
337 396
337 398
337 400
337 402
337 404
337 405
337 406
337 408
337 409
337 410
337 415
337 416
337 421
337 424
338 314
338 318
338 320
338 321
338 324
338 327
338 329
338 331
338 335
338 336
338 337
338 339
338 340
338 342
338 343
338 344
338 346
338 347
338 348
338 350
338 351
338 352
338 354
338 355
338 356
338 357
338 359
338 360
338 361
338 362
338 363
338 364
338 366
338 367
338 369
338 370
338 373
338 374
338 375
338 377
338 378
338 379
338 380
338 381
338 382
338 383
338 384
338 385
338 386
338 387
338 388
338 390
338 391
338 392
338 393
338 394
338 395
338 396
338 398
338 400
338 402
338 403
338 404
338 408
338 409
338 411
338 413
338 415
338 417
338 419
338 420
338 431
339 310
339 325
339 329
339 332
339 334
339 335
339 336
339 339
339 342
339 343
339 345
339 346
339 347
339 348
339 350
339 351
339 352
339 353
339 354
339 355
339 356
339 357
339 358
339 361
339 362
339 363
339 365
339 366
339 368
339 369
339 370
339 371
339 372
339 373
339 374
339 375
339 376
339 377
339 380
339 382
339 383
339 384
339 385
339 386
339 388
339 390
339 391
339 393
339 394
339 397
339 399
339 400
339 401
339 402
339 406
339 407
339 409
339 413
339 422
339 426
339 433
340 314
340 317
340 325
340 328
340 329
340 331
340 332
340 334
340 335
340 336
340 337
340 339
340 341
340 342
340 343
340 347
340 348
340 349
340 351
340 352
340 354
340 355
340 357
340 358
340 359
340 360
340 361
340 362
340 363
340 365
340 366
340 367
340 369
340 370
340 371
340 372
340 373
340 375
340 376
340 377
340 379
340 382
340 384
340 385
340 386
340 388
340 389
340 390
340 391
340 392
340 394
340 396
340 397
340 403
340 404
340 406
340 407
340 409
340 410
340 412
340 414
340 416
340 418
340 422
340 424
341 316
341 318
341 319
341 322
341 324
341 328
341 334
341 335
341 336
341 337
341 338
341 339
341 342
341 343
341 346
341 347
341 348
341 349
341 350
341 351
341 352
341 354
341 355
341 356
341 357
341 358
341 359
341 360
341 362
341 363
341 364
341 365
341 366
341 369
341 370
341 371
341 375
341 376
341 377
341 379
341 380
341 381
341 382
341 383
341 385
341 386
341 387
341 388
341 389
341 391
341 393
341 394
341 396
341 398
341 400
341 402
341 404
341 412
341 415
341 420
341 421
341 424
341 456
342 273
342 310
342 316
342 333
342 334
342 335
342 336
342 340
342 341
342 343
342 344
342 345
342 346
342 347
342 348
342 349
342 350
342 351
342 352
342 353
342 354
342 356
342 358
342 359
342 360
342 361
342 362
342 363
342 364
342 366
342 367
342 368
342 369
342 370
342 371
342 372
342 373
342 374
342 375
342 376
342 377
342 378
342 379
342 382
342 383
342 385
342 386
342 387
342 388
342 389
342 390
342 391
342 392
342 393
342 394
342 395
342 396
342 398
342 399
342 405
342 408
342 409
342 410
342 411
342 416
342 417
342 419
342 441
342 451
343 302
343 318
343 324
343 329
343 331
343 332
343 333
343 334
343 336
343 337
343 338
343 339
343 341
343 342
343 343
343 346
343 347
343 349
343 350
343 352
343 354
343 355
343 358
343 359
343 360
343 361
343 362
343 363
343 364
343 365
343 366
343 367
343 369
343 370
343 371
343 373
343 374
343 375
343 377
343 378
343 380
343 381
343 382
343 383
343 384
343 385
343 386
343 387
343 388
343 389
343 390
343 391
343 392
343 394
343 397
343 398
343 399
343 400
343 401
343 403
343 404
343 406
343 407
343 409
343 410
343 414
343 415
343 417
343 421
343 423
343 428
344 319
344 324
344 325
344 326
344 328
344 329
344 330
344 332
344 334
344 336
344 337
344 339
344 340
344 341
344 342
344 343
344 344
344 346
344 349
344 351
344 352
344 353
344 354
344 355
344 356
344 357
344 358
344 359
344 360
344 361
344 363
344 364
344 366
344 367
344 368
344 369
344 371
344 372
344 373
344 376
344 377
344 378
344 379
344 380
344 381
344 384
344 387
344 389
344 390
344 391
344 393
344 394
344 395
344 396
344 401
344 403
344 404
344 407
344 408
344 410
344 411
344 413
344 415
344 417
344 422
344 430
345 279
345 301
345 318
345 320
345 322
345 324
345 326
345 327
345 328
345 329
345 330
345 331
345 333
345 334
345 335
345 337
345 339
345 341
345 342
345 344
345 345
345 346
345 348
345 349
345 350
345 351
345 352
345 353
345 354
345 355
345 356
345 357
345 359
345 360
345 361
345 362
345 363
345 364
345 365
345 366
345 367
345 368
345 369
345 370
345 373
345 375
345 376
345 377
345 378
345 379
345 380
345 381
345 382
345 383
345 384
345 385
345 386
345 387
345 389
345 390
345 391
345 392
345 395
345 396
345 398
345 399
345 401
345 403
345 406
345 409
345 410
345 411
345 412
345 413
345 414
345 415
345 417
345 421
345 423
345 424
345 427
345 457
346 327
346 329
346 331
346 332
346 335
346 336
346 337
346 338
346 339
346 341
346 342
346 344
346 345
346 347
346 348
346 349
346 350
346 352
346 353
346 354
346 355
346 357
346 358
346 359
346 360
346 362
346 363
346 364
346 365
346 367
346 368
346 369
346 370
346 371
346 372
346 373
346 375
346 376
346 377
346 378
346 379
346 381
346 382
346 383
346 384
346 385
346 386
346 387
346 388
346 391
346 392
346 393
346 394
346 395
346 398
346 402
346 403
346 404
346 405
346 406
346 415
346 417
346 424
346 432
346 451
347 273
347 284
347 318
347 319
347 320
347 322
347 324
347 325
347 328
347 329
347 330
347 333
347 334
347 335
347 336
347 337
347 338
347 339
347 340
347 341
347 344
347 345
347 346
347 347
347 348
347 350
347 351
347 352
347 353
347 354
347 356
347 357
347 358
347 360
347 361
347 362
347 363
347 364
347 365
347 366
347 367
347 369
347 370
347 371
347 372
347 373
347 374
347 375
347 376
347 377
347 378
347 379
347 380
347 381
347 383
347 384
347 385
347 386
347 387
347 391
347 392
347 393
347 394
347 395
347 396
347 397
347 398
347 399
347 400
347 401
347 405
347 406
347 407
347 408
347 409
347 410
347 413
347 422
347 424
347 425
347 440
347 442
347 449
348 301
348 307
348 313
348 322
348 324
348 330
348 331
348 332
348 334
348 335
348 336
348 337
348 341
348 342
348 343
348 344
348 345
348 348
348 349
348 350
348 351
348 353
348 354
348 355
348 356
348 357
348 358
348 359
348 360
348 361
348 362
348 363
348 364
348 365
348 366
348 367
348 368
348 369
348 371
348 372
348 373
348 374
348 376
348 377
348 378
348 380
348 381
348 382
348 383
348 384
348 385
348 386
348 388
348 389
348 390
348 391
348 392
348 393
348 394
348 396
348 398
348 400
348 401
348 402
348 404
348 405
348 408
348 410
348 411
348 414
348 415
348 417
348 422
348 425
348 431
348 432
349 307
349 314
349 321
349 322
349 323
349 324
349 325
349 328
349 329
349 330
349 331
349 332
349 335
349 336
349 339
349 340
349 341
349 342
349 343
349 345
349 346
349 347
349 348
349 349
349 350
349 351
349 352
349 354
349 355
349 357
349 359
349 360
349 361
349 362
349 363
349 364
349 365
349 366
349 367
349 368
349 369
349 370
349 371
349 372
349 373
349 374
349 375
349 377
349 378
349 379
349 380
349 381
349 382
349 383
349 386
349 388
349 389
349 391
349 393
349 394
349 396
349 397
349 399
349 401
349 402
349 403
349 405
349 408
349 412
349 413
349 417
349 419
349 425
349 428
349 430
349 432
349 434
350 311
350 316
350 317
350 319
350 322
350 324
350 325
350 327
350 328
350 329
350 332
350 335
350 336
350 337
350 338
350 342
350 343
350 345
350 346
350 347
350 348
350 349
350 350
350 351
350 352
350 353
350 354
350 355
350 356
350 357
350 358
350 359
350 360
350 362
350 363
350 364
350 365
350 366
350 367
350 368
350 370
350 371
350 372
350 373
350 375
350 376
350 377
350 379
350 380
350 381
350 383
350 384
350 385
350 386
350 387
350 388
350 390
350 391
350 392
350 393
350 394
350 395
350 398
350 400
350 401
350 405
350 406
350 410
350 412
350 413
350 415
350 421
350 426
350 428
350 443
351 305
351 311
351 312
351 314
351 320
351 322
351 323
351 324
351 328
351 330
351 331
351 332
351 333
351 334
351 336
351 338
351 340
351 341
351 343
351 345
351 347
351 348
351 349
351 350
351 351
351 352
351 353
351 355
351 356
351 357
351 358
351 359
351 362
351 363
351 364
351 365
351 366
351 367
351 368
351 369
351 370
351 371
351 372
351 374
351 375
351 376
351 377
351 378
351 380
351 382
351 383
351 385
351 387
351 388
351 389
351 392
351 393
351 394
351 395
351 396
351 397
351 398
351 399
351 401
351 403
351 405
351 407
351 408
351 409
351 414
351 416
351 418
351 419
351 422
351 424
351 426
351 429
352 305
352 312
352 315
352 323
352 325
352 327
352 328
352 335
352 336
352 337
352 339
352 341
352 342
352 343
352 344
352 345
352 346
352 348
352 350
352 351
352 352
352 353
352 354
352 355
352 357
352 359
352 360
352 361
352 362
352 363
352 364
352 365
352 366
352 367
352 368
352 369
352 370
352 371
352 372
352 373
352 374
352 375
352 376
352 377
352 378
352 379
352 380
352 381
352 382
352 383
352 384
352 385
352 386
352 387
352 388
352 389
352 390
352 391
352 392
352 393
352 394
352 395
352 396
352 398
352 399
352 401
352 403
352 404
352 405
352 406
352 408
352 409
352 410
352 412
352 414
352 415
352 418
352 419
352 423
352 425
352 432
352 446
353 304
353 308
353 313
353 316
353 317
353 320
353 321
353 323
353 327
353 328
353 329
353 332
353 333
353 337
353 340
353 341
353 342
353 343
353 345
353 348
353 349
353 350
353 351
353 352
353 353
353 354
353 355
353 357
353 358
353 359
353 361
353 362
353 363
353 364
353 365
353 367
353 368
353 369
353 370
353 371
353 373
353 375
353 377
353 378
353 379
353 380
353 381
353 382
353 383
353 384
353 385
353 386
353 387
353 389
353 390
353 391
353 394
353 395
353 397
353 400
353 401
353 402
353 404
353 407
353 409
353 410
353 412
353 414
353 415
353 416
353 421
353 426
353 431
353 443
354 305
354 306
354 313
354 324
354 325
354 326
354 328
354 331
354 333
354 334
354 335
354 337
354 338
354 339
354 340
354 341
354 342
354 343
354 344
354 345
354 346
354 347
354 348
354 349
354 350
354 351
354 352
354 353
354 354
354 355
354 356
354 357
354 358
354 359
354 361
354 362
354 363
354 364
354 365
354 366
354 367
354 368
354 372
354 373
354 374
354 375
354 376
354 377
354 378
354 379
354 380
354 381
354 382
354 383
354 384
354 385
354 386
354 387
354 388
354 389
354 390
354 392
354 393
354 395
354 396
354 398
354 399
354 400
354 402
354 403
354 405
354 406
354 407
354 410
354 411
354 412
354 413
354 414
354 415
354 416
354 434
355 302
355 316
355 317
355 321
355 323
355 326
355 328
355 330
355 331
355 332
355 333
355 335
355 338
355 340
355 341
355 342
355 343
355 344
355 345
355 346
355 347
355 348
355 349
355 350
355 351
355 352
355 354
355 355
355 356
355 357
355 358
355 360
355 361
355 362
355 364
355 365
355 366
355 367
355 368
355 369
355 370
355 371
355 372
355 373
355 374
355 375
355 376
355 377
355 378
355 379
355 380
355 381
355 382
355 385
355 386
355 388
355 389
355 390
355 391
355 392
355 393
355 394
355 395
355 396
355 397
355 398
355 400
355 402
355 404
355 406
355 407
355 408
355 409
355 410
355 413
355 417
355 418
355 419
355 421
355 423
355 425
355 433
356 295
356 309
356 311
356 314
356 315
356 316
356 321
356 323
356 325
356 326
356 330
356 335
356 336
356 337
356 339
356 340
356 341
356 342
356 344
356 345
356 346
356 347
356 349
356 350
356 351
356 354
356 355
356 356
356 357
356 358
356 360
356 361
356 362
356 363
356 364
356 366
356 367
356 368
356 369
356 370
356 371
356 372
356 373
356 374
356 375
356 376
356 377
356 378
356 379
356 380
356 382
356 383
356 384
356 385
356 386
356 387
356 388
356 389
356 390
356 391
356 392
356 394
356 396
356 397
356 398
356 399
356 400
356 401
356 402
356 403
356 405
356 406
356 407
356 408
356 409
356 410
356 412
356 414
356 416
356 417
356 418
356 420
356 421
356 423
356 436
357 308
357 311
357 322
357 323
357 326
357 327
357 328
357 332
357 333
357 334
357 336
357 337
357 338
357 339
357 341
357 342
357 343
357 344
357 345
357 346
357 347
357 348
357 349
357 350
357 351
357 352
357 353
357 354
357 355
357 356
357 357
357 358
357 359
357 360
357 361
357 362
357 363
357 364
357 365
357 366
357 367
357 368
357 369
357 370
357 372
357 373
357 374
357 375
357 376
357 377
357 378
357 379
357 380
357 381
357 382
357 383
357 384
357 385
357 386
357 387
357 388
357 389
357 390
357 391
357 392
357 393
357 396
357 397
357 398
357 399
357 400
357 401
357 402
357 404
357 406
357 408
357 410
357 414
357 415
357 418
357 432
358 308
358 317
358 323
358 324
358 326
358 327
358 329
358 332
358 334
358 335
358 336
358 339
358 342
358 344
358 346
358 348
358 349
358 350
358 351
358 352
358 353
358 354
358 356
358 357
358 358
358 360
358 361
358 362
358 363
358 364
358 365
358 366
358 367
358 368
358 369
358 370
358 371
358 372
358 373
358 374
358 375
358 376
358 377
358 378
358 380
358 381
358 382
358 383
358 384
358 385
358 386
358 387
358 389
358 390
358 391
358 392
358 393
358 394
358 396
358 397
358 398
358 400
358 401
358 403
358 404
358 405
358 407
358 408
358 410
358 411
358 412
358 413
358 415
358 422
358 428
358 435
359 320
359 321
359 322
359 326
359 328
359 329
359 332
359 334
359 335
359 336
359 337
359 338
359 340
359 341
359 342
359 344
359 345
359 346
359 347
359 348
359 349
359 350
359 352
359 353
359 354
359 355
359 356
359 357
359 358
359 359
359 360
359 361
359 362
359 363
359 365
359 366
359 367
359 368
359 369
359 370
359 371
359 372
359 373
359 374
359 375
359 376
359 377
359 378
359 379
359 380
359 382
359 383
359 384
359 385
359 386
359 387
359 388
359 390
359 391
359 392
359 393
359 394
359 395
359 396
359 397
359 398
359 399
359 400
359 401
359 402
359 403
359 405
359 406
359 407
359 409
359 411
359 414
359 416
359 418
359 420
359 421
359 425
359 431
359 439
359 443
360 282
360 311
360 314
360 323
360 324
360 325
360 329
360 330
360 332
360 333
360 334
360 336
360 337
360 338
360 339
360 340
360 341
360 342
360 344
360 346
360 347
360 348
360 350
360 351
360 352
360 353
360 354
360 355
360 357
360 358
360 359
360 360
360 361
360 362
360 363
360 364
360 365
360 367
360 368
360 369
360 370
360 371
360 372
360 373
360 374
360 375
360 376
360 377
360 378
360 379
360 380
360 381
360 382
360 383
360 384
360 385
360 386
360 387
360 388
360 389
360 390
360 392
360 393
360 394
360 395
360 396
360 397
360 399
360 400
360 402
360 404
360 405
360 407
360 408
360 409
360 413
360 414
360 420
360 421
360 428
360 430
361 297
361 311
361 314
361 322
361 324
361 326
361 327
361 330
361 331
361 332
361 334
361 337
361 339
361 341
361 342
361 343
361 344
361 347
361 348
361 349
361 350
361 352
361 353
361 354
361 355
361 356
361 357
361 358
361 360
361 361
361 363
361 364
361 365
361 366
361 367
361 368
361 369
361 371
361 372
361 373
361 374
361 375
361 376
361 378
361 379
361 380
361 382
361 385
361 386
361 387
361 388
361 389
361 390
361 391
361 392
361 393
361 394
361 395
361 396
361 397
361 398
361 399
361 400
361 401
361 402
361 403
361 404
361 405
361 406
361 407
361 408
361 409
361 411
361 412
361 414
361 415
361 417
361 418
361 420
361 423
361 427
361 432
362 307
362 313
362 315
362 319
362 322
362 323
362 324
362 325
362 326
362 327
362 328
362 329
362 330
362 331
362 334
362 335
362 337
362 339
362 340
362 342
362 344
362 345
362 346
362 347
362 349
362 350
362 351
362 352
362 353
362 355
362 356
362 357
362 358
362 359
362 360
362 362
362 363
362 364
362 365
362 366
362 367
362 368
362 369
362 370
362 371
362 373
362 374
362 375
362 376
362 377
362 378
362 379
362 380
362 381
362 382
362 383
362 384
362 385
362 386
362 388
362 389
362 390
362 391
362 392
362 393
362 394
362 395
362 396
362 397
362 398
362 399
362 400
362 401
362 402
362 403
362 405
362 406
362 407
362 408
362 409
362 410
362 411
362 412
362 413
362 415
362 416
362 419
362 423
362 426
362 434
362 435
363 311
363 317
363 321
363 324
363 325
363 326
363 329
363 331
363 333
363 334
363 336
363 338
363 339
363 340
363 342
363 344
363 346
363 347
363 348
363 349
363 350
363 351
363 352
363 353
363 354
363 355
363 356
363 357
363 358
363 359
363 360
363 361
363 362
363 363
363 364
363 365
363 366
363 367
363 368
363 369
363 370
363 371
363 372
363 374
363 375
363 376
363 377
363 379
363 380
363 381
363 382
363 383
363 384
363 385
363 386
363 387
363 390
363 391
363 393
363 395
363 397
363 398
363 399
363 401
363 402
363 403
363 405
363 406
363 407
363 409
363 411
363 412
363 413
363 414
363 415
363 419
363 421
363 422
363 423
363 424
363 425
363 428
363 429
363 432
363 439
363 443
364 300
364 315
364 317
364 318
364 320
364 325
364 326
364 327
364 328
364 329
364 331
364 334
364 335
364 336
364 338
364 339
364 340
364 341
364 342
364 343
364 344
364 345
364 346
364 347
364 349
364 350
364 351
364 352
364 353
364 354
364 355
364 356
364 358
364 359
364 361
364 363
364 364
364 365
364 367
364 368
364 370
364 371
364 372
364 373
364 374
364 375
364 376
364 377
364 378
364 379
364 380
364 381
364 382
364 383
364 385
364 386
364 387
364 389
364 390
364 391
364 392
364 393
364 394
364 395
364 396
364 397
364 398
364 399
364 400
364 401
364 402
364 403
364 404
364 405
364 407
364 408
364 409
364 410
364 413
364 416
364 419
364 433
364 440
364 457
365 300
365 319
365 321
365 323
365 324
365 331
365 333
365 334
365 335
365 336
365 339
365 341
365 342
365 343
365 344
365 345
365 346
365 347
365 348
365 349
365 350
365 351
365 353
365 354
365 355
365 356
365 357
365 358
365 359
365 361
365 362
365 363
365 364
365 365
365 366
365 367
365 368
365 369
365 371
365 372
365 374
365 375
365 376
365 377
365 378
365 379
365 380
365 381
365 382
365 383
365 384
365 385
365 386
365 387
365 388
365 389
365 390
365 391
365 392
365 393
365 394
365 395
365 396
365 397
365 399
365 400
365 401
365 403
365 404
365 405
365 406
365 407
365 408
365 409
365 410
365 415
365 421
365 425
365 428
365 429
365 433
365 434
365 436
366 303
366 308
366 313
366 315
366 317
366 320
366 321
366 322
366 323
366 325
366 326
366 327
366 329
366 331
366 332
366 333
366 334
366 336
366 337
366 338
366 339
366 340
366 341
366 344
366 345
366 346
366 347
366 348
366 349
366 351
366 352
366 353
366 354
366 356
366 357
366 358
366 359
366 360
366 361
366 362
366 363
366 364
366 365
366 367
366 369
366 370
366 371
366 372
366 373
366 374
366 375
366 376
366 378
366 379
366 380
366 381
366 382
366 383
366 384
366 385
366 386
366 387
366 389
366 390
366 391
366 392
366 393
366 394
366 395
366 396
366 397
366 398
366 399
366 400
366 401
366 403
366 404
366 405
366 406
366 407
366 409
366 410
366 411
366 412
366 413
366 414
366 416
366 417
366 419
366 421
366 424
366 425
366 429
366 432
366 435
366 442
366 445
366 450
367 293
367 307
367 317
367 322
367 323
367 326
367 327
367 329
367 330
367 331
367 333
367 334
367 335
367 336
367 337
367 338
367 339
367 340
367 342
367 344
367 345
367 346
367 347
367 348
367 349
367 350
367 351
367 353
367 354
367 355
367 356
367 357
367 359
367 360
367 361
367 362
367 364
367 365
367 366
367 367
367 368
367 369
367 370
367 371
367 372
367 373
367 374
367 375
367 376
367 377
367 378
367 379
367 380
367 381
367 383
367 384
367 385
367 386
367 387
367 388
367 389
367 390
367 392
367 393
367 394
367 395
367 398
367 399
367 400
367 401
367 402
367 403
367 404
367 406
367 407
367 410
367 415
367 416
367 417
367 419
367 420
367 422
367 423
367 424
367 427
367 430
367 431
367 436
367 456
368 309
368 311
368 314
368 320
368 321
368 322
368 324
368 325
368 326
368 330
368 331
368 332
368 333
368 334
368 335
368 336
368 337
368 338
368 339
368 340
368 341
368 342
368 343
368 344
368 345
368 346
368 347
368 348
368 349
368 350
368 351
368 352
368 353
368 354
368 355
368 356
368 357
368 358
368 359
368 360
368 361
368 362
368 363
368 364
368 366
368 367
368 368
368 369
368 370
368 371
368 372
368 373
368 374
368 375
368 376
368 377
368 378
368 379
368 380
368 381
368 382
368 383
368 384
368 386
368 387
368 388
368 389
368 390
368 391
368 392
368 393
368 394
368 395
368 396
368 397
368 398
368 399
368 400
368 401
368 402
368 403
368 404
368 405
368 406
368 407
368 408
368 409
368 410
368 411
368 413
368 414
368 416
368 421
368 423
368 425
368 449
369 305
369 310
369 316
369 320
369 324
369 325
369 327
369 328
369 329
369 333
369 334
369 336
369 337
369 339
369 343
369 344
369 346
369 348
369 351
369 352
369 353
369 354
369 355
369 356
369 359
369 361
369 362
369 363
369 364
369 365
369 366
369 367
369 368
369 369
369 370
369 371
369 372
369 373
369 374
369 375
369 376
369 377
369 378
369 379
369 380
369 381
369 383
369 384
369 385
369 386
369 388
369 389
369 390
369 391
369 394
369 395
369 396
369 397
369 398
369 399
369 400
369 401
369 402
369 404
369 405
369 407
369 409
369 410
369 412
369 414
369 416
369 417
369 418
369 419
369 421
369 433
369 434
369 437
369 441
369 451
370 307
370 308
370 315
370 318
370 319
370 320
370 321
370 322
370 327
370 329
370 331
370 332
370 334
370 335
370 336
370 338
370 339
370 340
370 341
370 343
370 344
370 345
370 346
370 347
370 348
370 350
370 351
370 352
370 353
370 354
370 356
370 357
370 358
370 359
370 360
370 361
370 362
370 363
370 364
370 365
370 366
370 367
370 368
370 370
370 371
370 372
370 373
370 374
370 375
370 376
370 377
370 378
370 379
370 380
370 381
370 382
370 383
370 384
370 385
370 386
370 387
370 388
370 389
370 390
370 391
370 392
370 393
370 394
370 395
370 397
370 398
370 399
370 402
370 403
370 404
370 405
370 407
370 408
370 409
370 410
370 412
370 413
370 416
370 418
370 419
370 422
370 425
370 426
370 431
370 434
370 436
371 304
371 310
371 320
371 321
371 325
371 326
371 327
371 329
371 330
371 331
371 333
371 334
371 336
371 337
371 338
371 339
371 340
371 342
371 343
371 344
371 345
371 347
371 348
371 349
371 350
371 352
371 353
371 354
371 355
371 356
371 357
371 358
371 359
371 360
371 361
371 362
371 363
371 364
371 365
371 366
371 367
371 369
371 370
371 371
371 372
371 373
371 374
371 375
371 376
371 377
371 378
371 379
371 380
371 381
371 383
371 384
371 385
371 387
371 388
371 389
371 390
371 391
371 393
371 394
371 395
371 396
371 397
371 398
371 399
371 400
371 401
371 403
371 404
371 405
371 406
371 407
371 408
371 409
371 410
371 411
371 412
371 414
371 415
371 416
371 419
371 421
371 423
371 426
371 431
371 432
371 459
372 312
372 315
372 323
372 327
372 329
372 330
372 331
372 332
372 333
372 334
372 335
372 336
372 337
372 339
372 340
372 342
372 345
372 346
372 348
372 349
372 350
372 352
372 354
372 355
372 357
372 358
372 359
372 360
372 361
372 362
372 363
372 364
372 365
372 366
372 367
372 368
372 369
372 370
372 371
372 372
372 373
372 374
372 375
372 376
372 378
372 379
372 380
372 381
372 382
372 383
372 384
372 385
372 386
372 387
372 388
372 389
372 390
372 391
372 393
372 395
372 397
372 399
372 400
372 401
372 403
372 404
372 405
372 406
372 407
372 408
372 409
372 411
372 412
372 413
372 414
372 416
372 418
372 420
372 421
372 423
372 427
372 428
372 433
372 436
372 437
372 439
372 447
372 457
373 311
373 318
373 325
373 328
373 330
373 332
373 333
373 334
373 335
373 337
373 338
373 340
373 342
373 343
373 344
373 345
373 346
373 347
373 348
373 349
373 350
373 351
373 352
373 353
373 354
373 355
373 356
373 357
373 358
373 359
373 360
373 361
373 362
373 365
373 367
373 368
373 369
373 370
373 371
373 372
373 374
373 375
373 376
373 377
373 378
373 379
373 380
373 381
373 382
373 383
373 386
373 387
373 388
373 390
373 391
373 393
373 394
373 395
373 396
373 397
373 398
373 399
373 401
373 402
373 403
373 405
373 406
373 407
373 408
373 409
373 411
373 412
373 414
373 415
373 416
373 418
373 420
373 421
373 427
373 430
373 432
373 434
373 446
373 453
374 320
374 323
374 325
374 328
374 332
374 334
374 335
374 336
374 338
374 339
374 340
374 341
374 342
374 343
374 344
374 347
374 349
374 350
374 351
374 354
374 355
374 356
374 357
374 358
374 359
374 360
374 361
374 362
374 363
374 364
374 365
374 366
374 367
374 368
374 369
374 370
374 371
374 372
374 373
374 374
374 375
374 376
374 379
374 380
374 381
374 382
374 383
374 385
374 386
374 387
374 388
374 389
374 390
374 391
374 392
374 393
374 394
374 395
374 397
374 398
374 399
374 400
374 401
374 402
374 403
374 404
374 405
374 406
374 408
374 410
374 411
374 412
374 413
374 415
374 416
374 417
374 424
374 429
374 431
374 435
374 437
374 438
374 446
375 313
375 320
375 321
375 324
375 325
375 327
375 328
375 329
375 332
375 333
375 334
375 335
375 336
375 338
375 339
375 340
375 341
375 342
375 343
375 344
375 346
375 347
375 348
375 349
375 351
375 352
375 353
375 354
375 355
375 356
375 357
375 358
375 360
375 361
375 362
375 363
375 364
375 365
375 366
375 368
375 370
375 371
375 372
375 373
375 375
375 376
375 378
375 379
375 380
375 381
375 382
375 383
375 384
375 385
375 386
375 387
375 388
375 389
375 390
375 391
375 392
375 394
375 395
375 396
375 397
375 398
375 400
375 403
375 404
375 405
375 407
375 408
375 409
375 411
375 414
375 418
375 421
375 423
375 431
375 436
375 452
375 456
375 459
376 310
376 320
376 326
376 327
376 329
376 330
376 332
376 333
376 334
376 336
376 340
376 342
376 345
376 346
376 347
376 348
376 350
376 351
376 352
376 353
376 354
376 355
376 356
376 357
376 358
376 359
376 360
376 361
376 362
376 363
376 365
376 366
376 367
376 368
376 369
376 370
376 371
376 372
376 373
376 375
376 376
376 378
376 379
376 381
376 382
376 383
376 384
376 385
376 387
376 388
376 389
376 391
376 393
376 394
376 396
376 398
376 399
376 400
376 401
376 402
376 403
376 404
376 405
376 406
376 407
376 409
376 410
376 411
376 412
376 413
376 414
376 415
376 416
376 417
376 418
376 420
376 421
376 425
376 427
376 431
376 434
376 437
376 447
376 449
377 304
377 308
377 315
377 322
377 324
377 325
377 327
377 334
377 335
377 336
377 337
377 338
377 339
377 340
377 341
377 342
377 343
377 344
377 345
377 347
377 348
377 349
377 350
377 353
377 354
377 355
377 356
377 357
377 358
377 359
377 360
377 361
377 362
377 363
377 364
377 365
377 366
377 367
377 368
377 369
377 370
377 371
377 372
377 373
377 374
377 375
377 376
377 377
377 378
377 379
377 380
377 381
377 382
377 383
377 384
377 385
377 386
377 388
377 389
377 390
377 391
377 392
377 393
377 394
377 395
377 397
377 398
377 399
377 400
377 403
377 406
377 408
377 409
377 410
377 412
377 413
377 416
377 420
377 428
377 447
378 310
378 316
378 320
378 322
378 323
378 325
378 327
378 329
378 331
378 332
378 333
378 335
378 336
378 341
378 342
378 344
378 345
378 346
378 347
378 348
378 349
378 350
378 351
378 352
378 353
378 355
378 356
378 358
378 359
378 360
378 361
378 362
378 363
378 364
378 365
378 366
378 367
378 368
378 369
378 370
378 371
378 372
378 374
378 376
378 377
378 378
378 379
378 380
378 381
378 382
378 383
378 384
378 385
378 386
378 387
378 388
378 389
378 390
378 392
378 393
378 395
378 396
378 397
378 399
378 400
378 401
378 402
378 403
378 404
378 405
378 406
378 407
378 408
378 410
378 411
378 413
378 414
378 419
378 420
378 423
378 424
378 428
378 430
378 434
378 435
378 437
378 438
378 446
379 313
379 314
379 315
379 326
379 328
379 329
379 333
379 336
379 337
379 338
379 339
379 340
379 341
379 342
379 343
379 344
379 345
379 346
379 348
379 349
379 351
379 352
379 353
379 354
379 356
379 358
379 359
379 360
379 361
379 363
379 366
379 367
379 368
379 370
379 371
379 372
379 373
379 374
379 375
379 376
379 377
379 378
379 379
379 380
379 382
379 383
379 384
379 385
379 386
379 388
379 389
379 390
379 391
379 392
379 393
379 394
379 395
379 396
379 397
379 398
379 400
379 401
379 402
379 404
379 405
379 406
379 408
379 409
379 410
379 411
379 413
379 414
379 416
379 417
379 422
379 430
379 440
379 449
380 307
380 324
380 325
380 327
380 329
380 330
380 331
380 332
380 334
380 336
380 337
380 338
380 340
380 342
380 343
380 344
380 345
380 346
380 347
380 348
380 349
380 350
380 351
380 352
380 353
380 354
380 355
380 356
380 357
380 358
380 359
380 360
380 361
380 362
380 363
380 364
380 365
380 366
380 367
380 368
380 369
380 370
380 371
380 372
380 373
380 374
380 375
380 377
380 378
380 380
380 381
380 382
380 383
380 384
380 385
380 386
380 387
380 388
380 390
380 391
380 392
380 393
380 394
380 396
380 398
380 400
380 405
380 406
380 407
380 408
380 409
380 410
380 411
380 412
380 413
380 414
380 415
380 416
380 418
380 419
380 420
380 422
380 425
380 426
380 429
380 430
380 434
380 455
381 305
381 310
381 318
381 320
381 322
381 324
381 325
381 327
381 331
381 332
381 333
381 337
381 338
381 340
381 341
381 342
381 344
381 345
381 346
381 347
381 348
381 349
381 350
381 351
381 352
381 353
381 355
381 356
381 357
381 358
381 359
381 360
381 361
381 362
381 363
381 364
381 365
381 366
381 367
381 368
381 369
381 370
381 371
381 372
381 373
381 374
381 375
381 376
381 377
381 378
381 379
381 380
381 381
381 382
381 383
381 384
381 386
381 387
381 388
381 390
381 391
381 393
381 394
381 395
381 396
381 397
381 398
381 399
381 400
381 401
381 402
381 403
381 404
381 405
381 406
381 408
381 409
381 411
381 413
381 415
381 416
381 418
381 421
381 422
381 423
381 424
381 425
381 455
382 308
382 312
382 314
382 319
382 323
382 328
382 329
382 330
382 333
382 334
382 335
382 336
382 339
382 340
382 342
382 343
382 345
382 346
382 347
382 348
382 349
382 350
382 351
382 354
382 355
382 356
382 357
382 358
382 360
382 361
382 362
382 363
382 364
382 365
382 366
382 369
382 370
382 371
382 372
382 373
382 374
382 375
382 376
382 377
382 378
382 379
382 380
382 382
382 383
382 385
382 386
382 387
382 388
382 390
382 391
382 393
382 394
382 395
382 398
382 400
382 401
382 402
382 403
382 404
382 407
382 408
382 409
382 410
382 412
382 413
382 418
382 419
382 421
382 426
382 427
382 432
382 434
382 444
382 447
382 457
383 311
383 313
383 320
383 323
383 324
383 325
383 326
383 327
383 331
383 332
383 334
383 336
383 337
383 338
383 339
383 340
383 341
383 342
383 343
383 344
383 345
383 347
383 348
383 350
383 351
383 352
383 353
383 354
383 355
383 357
383 358
383 359
383 360
383 361
383 363
383 364
383 365
383 366
383 367
383 368
383 369
383 370
383 371
383 372
383 373
383 374
383 375
383 376
383 377
383 378
383 379
383 380
383 381
383 382
383 383
383 384
383 386
383 387
383 388
383 390
383 391
383 392
383 393
383 394
383 395
383 397
383 398
383 399
383 400
383 401
383 403
383 405
383 406
383 409
383 410
383 411
383 414
383 415
383 419
383 421
383 423
383 425
383 428
383 434
383 435
383 438
384 318
384 320
384 321
384 322
384 324
384 327
384 329
384 330
384 331
384 333
384 334
384 335
384 337
384 338
384 340
384 342
384 343
384 344
384 345
384 346
384 347
384 348
384 349
384 351
384 352
384 353
384 355
384 356
384 358
384 359
384 360
384 361
384 362
384 363
384 364
384 365
384 366
384 368
384 369
384 370
384 371
384 372
384 373
384 374
384 375
384 376
384 377
384 378
384 380
384 381
384 384
384 385
384 386
384 387
384 388
384 389
384 390
384 391
384 393
384 394
384 395
384 396
384 397
384 399
384 400
384 401
384 402
384 403
384 404
384 406
384 407
384 408
384 409
384 410
384 411
384 412
384 413
384 414
384 417
384 419
384 421
384 422
384 423
384 432
384 439
385 321
385 324
385 327
385 329
385 332
385 334
385 336
385 338
385 339
385 340
385 341
385 342
385 343
385 344
385 346
385 347
385 348
385 349
385 350
385 351
385 352
385 354
385 355
385 356
385 357
385 358
385 359
385 360
385 361
385 363
385 364
385 366
385 367
385 368
385 369
385 370
385 371
385 372
385 373
385 374
385 375
385 376
385 378
385 379
385 380
385 381
385 382
385 383
385 384
385 385
385 386
385 387
385 388
385 390
385 391
385 392
385 393
385 394
385 395
385 397
385 400
385 402
385 403
385 404
385 405
385 406
385 408
385 410
385 413
385 414
385 417
385 418
385 419
385 420
385 426
385 427
385 435
385 437
385 444
385 446
385 455
386 302
386 311
386 314
386 319
386 325
386 326
386 328
386 329
386 330
386 332
386 333
386 336
386 338
386 340
386 341
386 342
386 343
386 344
386 345
386 346
386 347
386 348
386 349
386 350
386 352
386 353
386 354
386 355
386 357
386 358
386 359
386 360
386 361
386 362
386 363
386 364
386 365
386 366
386 367
386 368
386 369
386 371
386 372
386 373
386 374
386 375
386 376
386 377
386 378
386 379
386 381
386 382
386 383
386 384
386 385
386 386
386 387
386 388
386 390
386 391
386 392
386 393
386 395
386 396
386 398
386 399
386 400
386 401
386 402
386 404
386 406
386 408
386 409
386 410
386 411
386 412
386 415
386 417
386 419
386 421
386 427
386 439
387 314
387 316
387 320
387 323
387 324
387 327
387 328
387 334
387 335
387 336
387 337
387 338
387 340
387 341
387 344
387 345
387 350
387 351
387 352
387 353
387 354
387 355
387 356
387 357
387 358
387 359
387 360
387 361
387 362
387 363
387 364
387 365
387 366
387 368
387 369
387 370
387 371
387 372
387 373
387 374
387 375
387 376
387 377
387 378
387 379
387 380
387 381
387 383
387 384
387 385
387 386
387 387
387 388
387 389
387 390
387 392
387 393
387 394
387 395
387 397
387 399
387 402
387 403
387 404
387 405
387 406
387 408
387 409
387 412
387 414
387 415
387 417
387 419
387 420
387 423
387 424
388 313
388 324
388 330
388 332
388 333
388 334
388 337
388 338
388 339
388 342
388 345
388 346
388 347
388 349
388 350
388 351
388 352
388 353
388 354
388 355
388 356
388 357
388 359
388 360
388 361
388 363
388 364
388 365
388 366
388 367
388 368
388 369
388 370
388 371
388 372
388 374
388 375
388 376
388 377
388 378
388 379
388 380
388 381
388 383
388 384
388 386
388 387
388 388
388 389
388 390
388 391
388 394
388 395
388 396
388 397
388 398
388 399
388 401
388 402
388 403
388 405
388 406
388 407
388 410
388 414
388 415
388 422
388 430
388 449
389 300
389 307
389 312
389 317
389 319
389 322
389 324
389 326
389 327
389 329
389 330
389 331
389 332
389 339
389 341
389 342
389 343
389 344
389 345
389 346
389 349
389 351
389 354
389 355
389 356
389 357
389 358
389 359
389 361
389 362
389 364
389 366
389 368
389 369
389 370
389 371
389 372
389 373
389 374
389 375
389 376
389 377
389 378
389 379
389 380
389 381
389 382
389 383
389 384
389 385
389 386
389 387
389 388
389 390
389 391
389 393
389 394
389 395
389 397
389 398
389 400
389 401
389 402
389 403
389 404
389 405
389 407
389 409
389 410
389 411
389 418
389 427
389 445
389 452
390 320
390 325
390 327
390 328
390 332
390 333
390 334
390 337
390 339
390 340
390 342
390 343
390 345
390 346
390 347
390 349
390 350
390 351
390 353
390 354
390 357
390 358
390 360
390 362
390 363
390 364
390 365
390 367
390 368
390 369
390 370
390 371
390 372
390 373
390 375
390 376
390 377
390 378
390 379
390 380
390 381
390 382
390 383
390 384
390 386
390 387
390 388
390 389
390 390
390 392
390 393
390 394
390 397
390 399
390 400
390 401
390 402
390 403
390 404
390 407
390 408
390 411
390 413
390 420
390 423
390 425
390 429
390 430
390 434
391 323
391 328
391 330
391 332
391 334
391 336
391 339
391 342
391 343
391 345
391 347
391 348
391 350
391 351
391 352
391 353
391 355
391 356
391 358
391 359
391 360
391 362
391 363
391 364
391 366
391 368
391 370
391 373
391 374
391 375
391 376
391 377
391 378
391 379
391 380
391 381
391 382
391 383
391 384
391 385
391 386
391 387
391 388
391 390
391 391
391 393
391 394
391 396
391 397
391 399
391 401
391 402
391 404
391 406
391 407
391 409
391 410
391 412
391 418
391 420
391 430
391 436
391 439
391 448
391 455
392 330
392 332
392 337
392 338
392 339
392 340
392 341
392 342
392 343
392 345
392 346
392 348
392 349
392 350
392 352
392 354
392 355
392 356
392 357
392 360
392 361
392 362
392 363
392 364
392 366
392 367
392 368
392 369
392 370
392 371
392 372
392 373
392 374
392 376
392 377
392 378
392 380
392 382
392 383
392 384
392 385
392 387
392 388
392 389
392 391
392 392
392 393
392 394
392 396
392 399
392 400
392 401
392 402
392 404
392 405
392 408
392 411
392 413
392 416
392 417
392 420
392 422
392 428
392 431
393 324
393 325
393 327
393 332
393 333
393 334
393 337
393 338
393 339
393 341
393 343
393 344
393 345
393 348
393 349
393 351
393 354
393 356
393 359
393 360
393 363
393 364
393 365
393 366
393 368
393 369
393 370
393 372
393 374
393 376
393 377
393 378
393 379
393 380
393 382
393 383
393 384
393 385
393 386
393 387
393 388
393 389
393 390
393 392
393 393
393 394
393 395
393 397
393 398
393 400
393 401
393 403
393 404
393 405
393 406
393 407
393 408
393 409
393 410
393 412
393 415
393 417
393 420
394 328
394 331
394 332
394 333
394 335
394 336
394 337
394 339
394 342
394 343
394 344
394 345
394 346
394 347
394 348
394 349
394 351
394 352
394 353
394 355
394 356
394 358
394 360
394 361
394 362
394 365
394 366
394 367
394 368
394 369
394 371
394 372
394 373
394 374
394 375
394 376
394 377
394 378
394 380
394 381
394 382
394 383
394 385
394 386
394 388
394 390
394 391
394 392
394 393
394 394
394 396
394 397
394 399
394 400
394 401
394 402
394 403
394 404
394 405
394 407
394 408
394 410
394 411
394 412
394 413
394 416
394 418
394 426
394 428
394 431
394 435
394 442
395 315
395 322
395 325
395 328
395 329
395 331
395 338
395 339
395 342
395 343
395 346
395 348
395 355
395 356
395 357
395 358
395 360
395 362
395 363
395 364
395 366
395 367
395 369
395 370
395 371
395 372
395 373
395 374
395 375
395 376
395 377
395 378
395 380
395 381
395 383
395 384
395 385
395 386
395 387
395 388
395 389
395 390
395 392
395 393
395 397
395 398
395 399
395 401
395 403
395 405
395 407
395 409
395 414
395 415
395 417
395 419
395 421
395 424
395 432
396 327
396 330
396 335
396 336
396 337
396 340
396 341
396 342
396 343
396 344
396 345
396 347
396 350
396 351
396 352
396 354
396 357
396 358
396 360
396 361
396 362
396 363
396 364
396 365
396 366
396 367
396 368
396 369
396 371
396 373
396 376
396 378
396 379
396 381
396 382
396 383
396 384
396 385
396 386
396 387
396 390
396 391
396 392
396 393
396 394
396 395
396 396
396 397
396 398
396 400
396 401
396 402
396 403
396 406
396 407
396 409
396 414
396 417
396 418
396 424
396 426
397 282
397 314
397 330
397 331
397 333
397 335
397 336
397 337
397 338
397 340
397 341
397 342
397 345
397 346
397 347
397 349
397 350
397 351
397 352
397 357
397 359
397 360
397 362
397 364
397 365
397 366
397 368
397 369
397 370
397 371
397 372
397 373
397 374
397 375
397 376
397 379
397 380
397 381
397 385
397 386
397 388
397 389
397 391
397 392
397 393
397 395
397 396
397 397
397 399
397 400
397 401
397 402
397 403
397 404
397 405
397 406
397 408
397 411
397 412
397 413
397 414
397 415
397 416
397 417
397 430
397 446
398 292
398 293
398 325
398 326
398 333
398 335
398 336
398 340
398 341
398 343
398 346
398 347
398 348
398 349
398 352
398 353
398 354
398 355
398 356
398 357
398 359
398 360
398 363
398 365
398 367
398 368
398 370
398 371
398 372
398 373
398 375
398 376
398 377
398 378
398 379
398 380
398 381
398 382
398 383
398 384
398 385
398 386
398 387
398 388
398 389
398 390
398 391
398 393
398 396
398 397
398 398
398 399
398 400
398 401
398 402
398 403
398 409
398 411
398 412
398 420
399 331
399 333
399 334
399 337
399 342
399 343
399 345
399 346
399 348
399 349
399 351
399 352
399 353
399 354
399 357
399 358
399 359
399 361
399 362
399 363
399 364
399 365
399 366
399 367
399 368
399 369
399 370
399 371
399 372
399 375
399 376
399 379
399 380
399 381
399 383
399 389
399 391
399 393
399 394
399 397
399 399
399 403
399 406
399 408
399 412
399 413
399 415
399 418
399 419
399 421
399 424
400 325
400 329
400 331
400 334
400 335
400 336
400 339
400 343
400 344
400 349
400 350
400 351
400 353
400 354
400 356
400 358
400 359
400 360
400 362
400 363
400 367
400 369
400 370
400 372
400 373
400 374
400 376
400 377
400 379
400 380
400 381
400 382
400 383
400 384
400 385
400 387
400 388
400 389
400 390
400 391
400 392
400 396
400 398
400 400
400 401
400 402
400 404
400 405
400 407
400 409
400 414
400 429
400 439
401 305
401 335
401 337
401 340
401 341
401 342
401 344
401 345
401 353
401 355
401 357
401 358
401 359
401 360
401 361
401 365
401 367
401 368
401 370
401 371
401 373
401 375
401 377
401 378
401 380
401 382
401 384
401 385
401 387
401 388
401 389
401 390
401 391
401 392
401 394
401 396
401 397
401 399
401 401
401 403
401 404
401 407
401 410
401 411
401 415
401 429
401 444
402 311
402 324
402 326
402 331
402 334
402 339
402 345
402 346
402 349
402 351
402 352
402 354
402 355
402 361
402 362
402 363
402 368
402 369
402 371
402 372
402 373
402 374
402 375
402 377
402 378
402 379
402 380
402 381
402 382
402 383
402 384
402 386
402 387
402 389
402 390
402 392
402 393
402 395
402 396
402 397
402 399
402 402
402 403
402 406
402 407
402 408
402 410
402 412
402 413
402 416
402 421
403 317
403 335
403 336
403 340
403 341
403 343
403 346
403 351
403 352
403 353
403 354
403 355
403 357
403 358
403 359
403 360
403 361
403 362
403 363
403 364
403 365
403 366
403 367
403 369
403 370
403 372
403 374
403 376
403 377
403 381
403 382
403 383
403 385
403 386
403 388
403 390
403 392
403 395
403 396
403 397
403 400
403 402
403 403
403 405
403 409
403 411
404 323
404 327
404 344
404 347
404 348
404 349
404 350
404 353
404 354
404 357
404 358
404 359
404 365
404 367
404 369
404 370
404 371
404 372
404 374
404 377
404 378
404 379
404 380
404 382
404 383
404 384
404 385
404 386
404 387
404 388
404 389
404 391
404 394
404 396
404 399
404 400
404 403
404 407
404 408
404 409
404 410
405 315
405 325
405 328
405 331
405 333
405 334
405 337
405 339
405 340
405 341
405 345
405 349
405 350
405 351
405 353
405 354
405 356
405 357
405 358
405 359
405 360
405 361
405 362
405 363
405 365
405 366
405 367
405 369
405 370
405 371
405 372
405 373
405 374
405 376
405 378
405 379
405 380
405 381
405 383
405 384
405 385
405 386
405 388
405 390
405 391
405 393
405 394
405 396
405 398
405 400
405 406
405 413
405 414
406 297
406 322
406 324
406 325
406 333
406 335
406 339
406 340
406 341
406 344
406 346
406 347
406 350
406 351
406 352
406 356
406 357
406 358
406 360
406 362
406 364
406 365
406 366
406 368
406 371
406 372
406 373
406 374
406 376
406 377
406 378
406 380
406 381
406 382
406 387
406 388
406 389
406 391
406 393
406 394
406 395
406 397
406 400
406 402
406 404
406 405
406 407
406 409
406 412
406 413
406 415
406 418
406 422
407 317
407 326
407 332
407 334
407 335
407 337
407 339
407 344
407 346
407 348
407 350
407 352
407 354
407 355
407 356
407 359
407 360
407 363
407 368
407 369
407 370
407 375
407 376
407 378
407 379
407 380
407 382
407 383
407 384
407 385
407 386
407 387
407 391
407 392
407 393
407 394
407 399
407 402
407 407
407 409
408 316
408 334
408 341
408 342
408 348
408 350
408 351
408 352
408 354
408 355
408 356
408 357
408 358
408 362
408 364
408 365
408 366
408 367
408 369
408 371
408 372
408 374
408 375
408 376
408 378
408 382
408 384
408 385
408 386
408 387
408 388
408 389
408 392
408 393
408 396
408 398
408 400
408 402
408 403
408 404
408 405
408 408
408 411
408 412
409 324
409 334
409 340
409 341
409 347
409 348
409 349
409 350
409 351
409 355
409 358
409 361
409 362
409 363
409 366
409 367
409 369
409 372
409 376
409 377
409 378
409 380
409 383
409 385
409 387
409 392
409 394
409 395
409 396
409 400
409 401
409 402
409 404
409 406
409 410
409 411
409 422
410 322
410 330
410 332
410 337
410 341
410 343
410 345
410 348
410 349
410 350
410 358
410 362
410 364
410 366
410 367
410 370
410 371
410 373
410 374
410 376
410 377
410 378
410 379
410 380
410 381
410 382
410 383
410 385
410 386
410 387
410 388
410 389
410 395
410 397
410 399
410 402
410 408
410 413
410 414
411 293
411 336
411 340
411 341
411 344
411 346
411 347
411 352
411 354
411 356
411 357
411 358
411 359
411 360
411 362
411 365
411 367
411 369
411 370
411 375
411 377
411 383
411 384
411 386
411 388
411 390
411 391
411 392
411 396
411 399
411 400
411 403
411 404
411 408
411 412
411 414
411 421
412 328
412 335
412 344
412 345
412 348
412 350
412 352
412 353
412 355
412 357
412 361
412 363
412 368
412 372
412 373
412 376
412 379
412 380
412 381
412 384
412 388
412 389
412 394
412 395
412 397
412 408
413 332
413 336
413 337
413 340
413 341
413 343
413 348
413 350
413 353
413 355
413 357
413 360
413 362
413 363
413 364
413 368
413 369
413 370
413 371
413 372
413 379
413 381
413 384
413 385
413 388
413 394
413 397
413 400
413 406
413 409
413 414
413 421
414 305
414 328
414 338
414 340
414 345
414 347
414 350
414 353
414 355
414 360
414 362
414 365
414 368
414 373
414 377
414 387
414 388
414 390
414 394
414 395
414 414
414 424
415 323
415 350
415 353
415 354
415 360
415 363
415 365
415 367
415 368
415 369
415 370
415 372
415 377
415 379
415 380
415 381
415 385
415 387
415 390
415 397
415 401
415 410
415 418
415 420
416 349
416 355
416 361
416 362
416 363
416 364
416 372
416 374
416 376
416 378
416 380
416 385
416 387
416 393
416 396
417 342
417 354
417 357
417 358
417 362
417 370
417 371
417 377
417 379
417 381
417 382
417 383
417 384
417 385
417 386
417 388
417 391
417 392
417 394
417 404
417 408
417 411
417 419
418 337
418 338
418 340
418 344
418 346
418 350
418 354
418 355
418 362
418 363
418 366
418 374
418 380
418 385
418 388
418 399
418 401
418 410
419 324
419 333
419 341
419 344
419 346
419 349
419 353
419 357
419 359
419 372
419 373
419 374
419 375
419 382
419 383
419 388
419 391
419 393
419 409
419 410
420 307
420 311
420 329
420 338
420 349
420 355
420 368
420 371
420 372
420 375
420 382
420 384
420 392
420 397
420 402
420 408
420 413
421 343
421 349
421 353
421 360
421 365
421 367
421 370
421 373
421 375
421 378
421 387
421 390
421 396
422 356
422 367
422 370
422 377
422 380
422 381
422 384
422 385
422 387
422 390
422 393
422 408
422 424
423 348
423 360
423 368
423 370
423 379
423 387
423 388
423 392
423 398
423 400
423 425
424 350
424 363
424 369
424 370
424 382
424 383
424 387
424 391
424 392
424 393
425 310
425 329
425 336
425 363
425 375
425 376
425 377
426 346
426 368
426 377
426 378
426 391
426 392
427 336
427 356
427 378
427 392
428 316
428 342
428 365
428 366
428 374
428 377
428 385
429 330
429 362
429 380
430 348
430 354
430 360
430 362
430 367
430 376
430 390
431 348
431 372
432 307
432 308
432 309
432 324
432 331
432 336
432 350
432 382
432 418
433 323
433 354
433 375
434 332
434 368
436 344
436 347
437 322
437 376
438 326
438 332
438 341
438 360
440 372
441 344
444 315
446 338
446 362
446 376
447 369
