751
249 338
251 348
253 338
257 322
257 332
257 342
259 322
260 329
260 350
264 326
264 367
265 350
265 353
265 359
265 364
267 353
269 346
269 350
271 368
272 346
273 330
274 319
275 328
275 352
275 379
276 328
276 338
276 339
276 370
276 381
277 336
277 340
277 366
277 370
277 371
278 341
278 367
279 358
280 373
281 331
282 326
282 339
282 346
282 350
282 365
282 368
282 374
282 388
283 327
283 341
283 344
283 354
283 360
284 328
284 330
284 337
284 340
284 352
284 363
284 366
284 372
284 375
285 331
285 365
286 309
286 336
286 339
286 343
286 344
286 351
286 355
286 364
286 413
287 327
287 337
287 362
287 405
288 340
288 345
288 365
289 292
289 312
289 330
289 347
289 352
289 362
289 369
289 376
290 318
290 330
290 339
290 354
290 366
290 369
290 408
291 333
291 351
291 376
291 381
292 326
292 330
292 344
292 345
292 354
292 355
292 368
292 372
292 373
292 374
292 378
292 380
292 382
292 384
292 397
293 317
293 332
293 333
293 358
293 367
293 369
293 370
293 371
293 378
293 379
293 384
293 385
293 418
294 335
294 340
294 352
294 355
294 362
294 366
294 367
294 369
294 371
294 373
294 375
294 378
294 381
294 389
294 398
294 399
295 349
295 353
295 357
295 362
295 363
295 364
295 365
295 367
295 373
295 375
295 376
295 377
295 381
295 384
295 386
295 387
295 392
295 400
295 411
296 332
296 343
296 348
296 349
296 352
296 353
296 362
296 363
296 365
296 367
296 368
296 371
296 373
296 376
296 378
296 382
296 383
296 384
296 386
296 388
296 396
296 427
297 330
297 341
297 342
297 350
297 351
297 358
297 361
297 364
297 366
297 367
297 373
297 379
297 384
297 386
297 390
297 392
298 335
298 339
298 341
298 346
298 350
298 353
298 358
298 360
298 364
298 370
298 375
298 379
298 381
298 386
298 398
299 326
299 329
299 337
299 338
299 339
299 344
299 349
299 356
299 358
299 361
299 363
299 368
299 370
299 375
299 379
299 380
299 381
299 382
299 389
299 394
299 412
299 415
300 325
300 326
300 330
300 344
300 345
300 346
300 349
300 350
300 355
300 361
300 362
300 363
300 364
300 369
300 371
300 372
300 373
300 377
300 382
300 384
300 393
300 395
300 397
300 403
300 409
301 329
301 332
301 344
301 346
301 348
301 353
301 354
301 356
301 359
301 363
301 364
301 366
301 368
301 369
301 370
301 378
301 379
301 384
301 391
301 392
301 397
301 403
301 405
301 409
301 419
302 305
302 322
302 329
302 336
302 340
302 342
302 344
302 346
302 348
302 354
302 355
302 356
302 359
302 362
302 364
302 369
302 370
302 371
302 373
302 375
302 376
302 385
302 387
302 393
302 396
302 398
302 399
302 400
302 403
302 406
302 412
303 327
303 332
303 333
303 338
303 350
303 352
303 354
303 357
303 361
303 364
303 365
303 366
303 367
303 368
303 369
303 371
303 373
303 374
303 375
303 379
303 382
303 383
303 394
303 398
303 400
303 435
304 322
304 330
304 340
304 346
304 350
304 353
304 354
304 359
304 362
304 364
304 366
304 367
304 369
304 373
304 376
304 378
304 380
304 389
304 390
304 391
304 395
304 400
304 405
304 411
304 434
305 328
305 338
305 340
305 341
305 347
305 348
305 349
305 350
305 352
305 354
305 356
305 362
305 363
305 364
305 365
305 371
305 372
305 375
305 380
305 385
305 386
305 387
305 389
305 393
305 397
305 401
305 402
305 403
306 333
306 334
306 337
306 340
306 342
306 346
306 348
306 350
306 352
306 357
306 359
306 360
306 361
306 363
306 365
306 366
306 367
306 370
306 374
306 375
306 378
306 380
306 381
306 384
306 385
306 387
306 391
306 393
306 395
306 400
307 300
307 313
307 319
307 321
307 332
307 339
307 340
307 341
307 343
307 344
307 346
307 350
307 352
307 354
307 357
307 359
307 362
307 363
307 365
307 367
307 369
307 370
307 371
307 372
307 374
307 379
307 380
307 382
307 385
307 387
307 388
307 390
307 394
307 398
307 400
307 401
307 409
308 324
308 332
308 334
308 336
308 339
308 348
308 350
308 351
308 352
308 355
308 358
308 359
308 360
308 361
308 362
308 363
308 366
308 368
308 369
308 371
308 373
308 375
308 376
308 377
308 378
308 382
308 383
308 384
308 385
308 388
308 389
308 390
308 391
308 398
308 404
308 411
309 316
309 327
309 333
309 338
309 339
309 344
309 345
309 347
309 350
309 351
309 353
309 354
309 355
309 357
309 360
309 361
309 362
309 363
309 364
309 366
309 367
309 369
309 370
309 372
309 373
309 376
309 377
309 379
309 381
309 383
309 385
309 391
309 393
309 394
309 396
309 398
309 400
309 401
309 444
310 305
310 316
310 324
310 326
310 329
310 330
310 332
310 334
310 336
310 339
310 341
310 343
310 344
310 345
310 348
310 349
310 350
310 351
310 352
310 354
310 355
310 356
310 360
310 361
310 362
310 363
310 364
310 365
310 367
310 368
310 369
310 370
310 371
310 372
310 373
310 374
310 375
310 377
310 378
310 379
310 381
310 382
310 384
310 385
310 387
310 389
310 390
310 393
310 398
310 405
310 406
310 409
310 412
310 417
311 323
311 325
311 326
311 336
311 337
311 339
311 343
311 344
311 346
311 347
311 348
311 349
311 350
311 351
311 352
311 354
311 355
311 356
311 358
311 359
311 361
311 363
311 364
311 368
311 369
311 370
311 373
311 375
311 376
311 377
311 379
311 380
311 381
311 382
311 383
311 385
311 390
311 391
311 394
311 395
311 397
311 400
311 401
311 402
311 403
311 412
312 325
312 326
312 335
312 338
312 339
312 341
312 343
312 344
312 345
312 347
312 348
312 351
312 353
312 354
312 355
312 357
312 358
312 359
312 361
312 365
312 366
312 367
312 368
312 369
312 370
312 371
312 374
312 375
312 376
312 379
312 381
312 384
312 385
312 387
312 388
312 392
312 395
312 396
312 400
312 405
312 407
313 320
313 327
313 333
313 334
313 336
313 344
313 345
313 346
313 348
313 349
313 350
313 351
313 352
313 354
313 355
313 358
313 359
313 361
313 362
313 363
313 365
313 368
313 371
313 372
313 373
313 374
313 376
313 377
313 379
313 380
313 382
313 383
313 384
313 386
313 388
313 389
313 391
313 392
313 394
313 405
313 407
313 409
313 410
313 414
313 418
313 429
314 321
314 325
314 329
314 330
314 332
314 339
314 340
314 342
314 343
314 344
314 347
314 349
314 351
314 352
314 354
314 357
314 361
314 363
314 365
314 367
314 369
314 371
314 372
314 373
314 376
314 377
314 380
314 382
314 384
314 385
314 386
314 387
314 388
314 389
314 390
314 391
314 392
314 393
314 395
314 399
314 400
314 401
314 403
314 407
314 408
314 409
314 420
314 429
315 309
315 323
315 327
315 330
315 331
315 333
315 334
315 336
315 338
315 339
315 341
315 342
315 343
315 346
315 347
315 348
315 349
315 350
315 351
315 353
315 354
315 355
315 356
315 358
315 359
315 360
315 361
315 362
315 363
315 364
315 365
315 366
315 367
315 369
315 370
315 372
315 374
315 375
315 376
315 377
315 378
315 380
315 381
315 383
315 385
315 387
315 391
315 394
315 395
315 396
315 397
315 399
315 400
315 401
315 402
315 404
315 411
316 321
316 327
316 331
316 334
316 335
316 338
316 340
316 341
316 342
316 343
316 345
316 348
316 351
316 353
316 354
316 355
316 356
316 357
316 358
316 359
316 360
316 361
316 362
316 364
316 365
316 368
316 369
316 370
316 371
316 372
316 373
316 375
316 376
316 378
316 381
316 382
316 384
316 385
316 386
316 387
316 389
316 390
316 391
316 394
316 396
316 397
316 399
316 401
316 403
316 404
316 406
316 408
316 410
316 413
316 415
316 416
316 417
316 420
316 425
316 447
317 302
317 319
317 323
317 324
317 327
317 329
317 331
317 334
317 335
317 336
317 337
317 338
317 342
317 343
317 347
317 348
317 349
317 350
317 352
317 354
317 356
317 357
317 358
317 359
317 361
317 362
317 363
317 364
317 365
317 366
317 367
317 368
317 369
317 372
317 373
317 375
317 376
317 377
317 378
317 379
317 380
317 381
317 382
317 383
317 384
317 385
317 386
317 387
317 389
317 392
317 393
317 395
317 399
317 400
317 403
317 404
317 408
317 411
317 413
318 310
318 313
318 314
318 317
318 318
318 322
318 327
318 331
318 333
318 336
318 338
318 342
318 343
318 344
318 345
318 346
318 347
318 352
318 354
318 355
318 356
318 357
318 360
318 361
318 364
318 365
318 366
318 367
318 368
318 370
318 372
318 374
318 375
318 376
318 377
318 379
318 380
318 381
318 382
318 384
318 385
318 386
318 388
318 389
318 390
318 393
318 394
318 395
318 396
318 398
318 399
318 400
318 401
318 402
318 403
318 405
318 406
318 408
318 411
318 412
318 415
318 416
318 418
318 420
318 423
318 450
319 308
319 318
319 325
319 330
319 331
319 332
319 333
319 336
319 340
319 341
319 342
319 344
319 346
319 347
319 349
319 350
319 351
319 352
319 353
319 354
319 355
319 356
319 357
319 358
319 361
319 362
319 364
319 366
319 367
319 370
319 371
319 373
319 374
319 375
319 376
319 377
319 378
319 380
319 381
319 382
319 384
319 385
319 386
319 389
319 392
319 395
319 396
319 400
319 401
319 402
319 405
319 406
319 407
319 408
319 409
319 410
319 411
319 413
319 415
319 417
319 423
319 425
319 435
320 305
320 306
320 316
320 318
320 320
320 322
320 323
320 325
320 327
320 328
320 329
320 333
320 334
320 335
320 339
320 340
320 341
320 342
320 344
320 345
320 346
320 347
320 348
320 350
320 352
320 353
320 355
320 359
320 360
320 362
320 363
320 364
320 365
320 366
320 367
320 368
320 369
320 370
320 372
320 373
320 374
320 375
320 376
320 377
320 378
320 379
320 381
320 382
320 384
320 385
320 386
320 387
320 388
320 390
320 391
320 392
320 393
320 394
320 396
320 397
320 399
320 400
320 401
320 402
320 405
320 406
320 407
320 409
320 411
320 412
320 413
320 416
320 419
320 425
321 329
321 330
321 334
321 336
321 337
321 338
321 339
321 340
321 341
321 343
321 344
321 346
321 348
321 349
321 350
321 351
321 352
321 355
321 356
321 358
321 359
321 360
321 362
321 363
321 364
321 367
321 368
321 373
321 374
321 375
321 376
321 377
321 379
321 380
321 381
321 382
321 383
321 384
321 385
321 386
321 387
321 388
321 389
321 390
321 392
321 395
321 396
321 397
321 399
321 400
321 404
321 406
321 407
321 408
321 409
321 411
321 412
321 419
321 443
321 456
322 300
322 315
322 316
322 318
322 327
322 328
322 329
322 331
322 333
322 334
322 336
322 337
322 338
322 339
322 342
322 344
322 345
322 346
322 347
322 348
322 349
322 350
322 351
322 353
322 354
322 355
322 356
322 357
322 358
322 359
322 360
322 361
322 362
322 363
322 364
322 365
322 366
322 367
322 368
322 370
322 371
322 372
322 373
322 374
322 377
322 378
322 379
322 380
322 381
322 382
322 383
322 385
322 386
322 387
322 388
322 390
322 391
322 392
322 393
322 394
322 395
322 396
322 402
322 404
322 405
322 406
322 409
322 410
322 411
322 413
322 416
322 421
322 424
323 305
323 320
323 321
323 326
323 330
323 331
323 333
323 334
323 335
323 337
323 338
323 339
323 340
323 341
323 345
323 346
323 347
323 351
323 352
323 353
323 356
323 357
323 358
323 359
323 360
323 361
323 362
323 363
323 364
323 365
323 367
323 368
323 369
323 370
323 371
323 373
323 374
323 376
323 377
323 378
323 380
323 381
323 382
323 383
323 384
323 385
323 386
323 387
323 389
323 390
323 392
323 393
323 394
323 395
323 396
323 397
323 398
323 399
323 400
323 401
323 402
323 403
323 405
323 408
323 409
323 410
323 414
323 416
323 421
323 422
323 438
324 314
324 320
324 323
324 325
324 327
324 328
324 329
324 330
324 332
324 333
324 334
324 335
324 338
324 339
324 340
324 342
324 344
324 349
324 350
324 351
324 352
324 353
324 354
324 355
324 357
324 358
324 359
324 360
324 361
324 362
324 363
324 364
324 365
324 366
324 367
324 368
324 370
324 371
324 373
324 374
324 376
324 378
324 379
324 380
324 381
324 382
324 383
324 384
324 385
324 386
324 387
324 388
324 389
324 390
324 392
324 394
324 395
324 397
324 398
324 399
324 400
324 401
324 402
324 403
324 404
324 405
324 406
324 407
324 408
324 409
324 411
324 416
324 417
324 419
324 420
324 423
324 426
325 315
325 318
325 319
325 320
325 322
325 323
325 326
325 328
325 329
325 330
325 331
325 332
325 337
325 340
325 342
325 343
325 345
325 346
325 347
325 348
325 349
325 353
325 356
325 357
325 358
325 359
325 360
325 361
325 363
325 365
325 366
325 367
325 368
325 369
325 370
325 371
325 372
325 373
325 374
325 375
325 376
325 378
325 379
325 380
325 381
325 382
325 383
325 384
325 385
325 386
325 387
325 388
325 389
325 390
325 391
325 392
325 393
325 394
325 395
325 396
325 397
325 398
325 399
325 400
325 401
325 405
325 406
325 410
325 411
325 412
325 413
325 419
325 420
325 421
325 427
326 303
326 308
326 314
326 315
326 316
326 318
326 319
326 320
326 322
326 327
326 329
326 331
326 333
326 334
326 335
326 336
326 337
326 338
326 339
326 341
326 343
326 344
326 345
326 346
326 348
326 349
326 350
326 351
326 352
326 353
326 354
326 355
326 356
326 357
326 359
326 361
326 362
326 363
326 364
326 365
326 366
326 367
326 368
326 369
326 370
326 371
326 373
326 375
326 376
326 377
326 378
326 379
326 380
326 381
326 382
326 383
326 384
326 386
326 387
326 388
326 389
326 390
326 391
326 392
326 393
326 395
326 396
326 397
326 398
326 399
326 401
326 402
326 403
326 404
326 406
326 408
326 410
326 412
326 413
326 414
326 417
326 422
326 424
326 428
326 433
326 436
327 317
327 319
327 321
327 322
327 324
327 326
327 327
327 330
327 331
327 333
327 334
327 335
327 336
327 338
327 339
327 341
327 342
327 343
327 344
327 345
327 346
327 347
327 348
327 350
327 351
327 354
327 355
327 356
327 357
327 358
327 359
327 361
327 364
327 367
327 368
327 369
327 370
327 373
327 376
327 377
327 378
327 379
327 380
327 381
327 382
327 383
327 384
327 385
327 386
327 387
327 388
327 389
327 390
327 391
327 392
327 393
327 394
327 395
327 396
327 397
327 399
327 400
327 401
327 403
327 404
327 405
327 406
327 408
327 409
327 411
327 412
327 416
327 419
327 421
327 423
327 424
327 425
327 426
327 431
327 439
327 441
328 303
328 307
328 308
328 311
328 317
328 319
328 323
328 324
328 325
328 326
328 327
328 328
328 329
328 332
328 336
328 337
328 338
328 339
328 340
328 342
328 344
328 345
328 346
328 347
328 349
328 350
328 352
328 353
328 354
328 355
328 356
328 357
328 359
328 360
328 361
328 362
328 363
328 364
328 365
328 366
328 367
328 369
328 370
328 371
328 373
328 374
328 376
328 377
328 378
328 379
328 380
328 381
328 382
328 383
328 384
328 386
328 387
328 389
328 391
328 392
328 393
328 394
328 395
328 397
328 398
328 399
328 400
328 401
328 403
328 405
328 406
328 407
328 408
328 409
328 410
328 411
328 412
328 414
328 416
328 418
328 419
328 423
328 425
328 426
328 427
328 431
329 301
329 317
329 319
329 321
329 322
329 325
329 329
329 330
329 331
329 332
329 334
329 336
329 338
329 339
329 342
329 343
329 344
329 345
329 346
329 348
329 349
329 350
329 351
329 352
329 353
329 354
329 355
329 356
329 357
329 358
329 359
329 360
329 361
329 362
329 363
329 364
329 365
329 366
329 367
329 369
329 370
329 371
329 372
329 373
329 375
329 376
329 377
329 378
329 379
329 380
329 381
329 382
329 383
329 384
329 385
329 386
329 387
329 388
329 389
329 390
329 391
329 392
329 393
329 394
329 395
329 396
329 397
329 400
329 401
329 402
329 403
329 404
329 405
329 407
329 408
329 409
329 410
329 412
329 414
329 416
329 419
329 421
329 428
329 431
329 433
329 436
329 439
330 301
330 308
330 310
330 312
330 316
330 317
330 320
330 321
330 323
330 325
330 326
330 327
330 330
330 332
330 334
330 335
330 336
330 337
330 338
330 339
330 341
330 342
330 343
330 344
330 345
330 346
330 347
330 348
330 349
330 350
330 351
330 352
330 353
330 354
330 355
330 356
330 357
330 358
330 360
330 361
330 362
330 363
330 364
330 365
330 366
330 367
330 368
330 369
330 370
330 371
330 372
330 373
330 374
330 375
330 377
330 379
330 380
330 381
330 382
330 383
330 384
330 385
330 387
330 388
330 389
330 391
330 393
330 394
330 395
330 397
330 398
330 399
330 400
330 401
330 402
330 403
330 404
330 405
330 406
330 407
330 408
330 409
330 410
330 412
330 413
330 414
330 416
330 417
330 418
330 419
330 421
330 422
330 424
330 425
331 280
331 317
331 325
331 326
331 327
331 330
331 331
331 333
331 334
331 336
331 337
331 338
331 339
331 340
331 344
331 346
331 347
331 349
331 350
331 351
331 352
331 353
331 354
331 355
331 356
331 357
331 358
331 359
331 360
331 361
331 362
331 364
331 365
331 367
331 368
331 369
331 370
331 371
331 374
331 375
331 376
331 377
331 378
331 379
331 380
331 381
331 382
331 383
331 385
331 386
331 387
331 389
331 390
331 391
331 392
331 395
331 396
331 397
331 398
331 399
331 400
331 401
331 402
331 404
331 405
331 409
331 411
331 412
331 415
331 417
331 419
331 420
331 421
331 422
331 423
331 425
331 426
331 428
332 302
332 308
332 317
332 319
332 320
332 321
332 322
332 324
332 325
332 326
332 327
332 328
332 329
332 331
332 332
332 333
332 334
332 335
332 336
332 337
332 338
332 339
332 340
332 341
332 342
332 343
332 344
332 345
332 346
332 348
332 349
332 350
332 351
332 352
332 354
332 355
332 357
332 358
332 359
332 360
332 361
332 362
332 363
332 364
332 365
332 366
332 367
332 368
332 369
332 370
332 371
332 372
332 373
332 375
332 376
332 377
332 378
332 379
332 380
332 383
332 384
332 385
332 387
332 388
332 389
332 390
332 392
332 393
332 394
332 395
332 396
332 397
332 398
332 400
332 402
332 403
332 404
332 405
332 406
332 407
332 409
332 410
332 412
332 413
332 414
332 415
332 418
332 421
332 423
332 425
332 431
332 434
332 442
332 453
333 311
333 312
333 316
333 318
333 319
333 320
333 323
333 325
333 327
333 328
333 330
333 331
333 333
333 335
333 336
333 337
333 338
333 339
333 340
333 341
333 342
333 343
333 344
333 345
333 346
333 347
333 348
333 350
333 352
333 353
333 355
333 356
333 357
333 358
333 359
333 360
333 361
333 362
333 363
333 364
333 365
333 366
333 367
333 368
333 369
333 370
333 371
333 372
333 373
333 374
333 375
333 376
333 377
333 378
333 380
333 381
333 382
333 384
333 385
333 386
333 387
333 388
333 389
333 390
333 391
333 392
333 393
333 394
333 395
333 397
333 398
333 399
333 400
333 401
333 402
333 403
333 405
333 406
333 407
333 408
333 411
333 412
333 413
333 414
333 415
333 416
333 418
333 421
333 422
333 424
333 426
333 427
333 428
333 431
333 433
334 279
334 303
334 309
334 315
334 319
334 321
334 323
334 324
334 325
334 327
334 328
334 330
334 331
334 332
334 333
334 334
334 336
334 339
334 340
334 341
334 342
334 343
334 344
334 345
334 347
334 348
334 349
334 350
334 351
334 352
334 353
334 354
334 355
334 356
334 357
334 358
334 359
334 360
334 361
334 362
334 363
334 364
334 365
334 367
334 368
334 369
334 370
334 371
334 372
334 373
334 374
334 375
334 376
334 377
334 378
334 379
334 380
334 381
334 382
334 384
334 385
334 387
334 388
334 389
334 390
334 391
334 392
334 393
334 394
334 395
334 396
334 397
334 398
334 399
334 400
334 401
334 402
334 403
334 405
334 407
334 408
334 409
334 410
334 411
334 415
334 416
334 417
334 418
334 419
334 421
334 424
334 425
334 426
334 430
335 282
335 304
335 312
335 313
335 315
335 316
335 320
335 322
335 324
335 325
335 326
335 327
335 328
335 329
335 330
335 333
335 334
335 335
335 336
335 337
335 338
335 339
335 341
335 342
335 343
335 344
335 346
335 347
335 348
335 349
335 350
335 351
335 352
335 355
335 356
335 357
335 359
335 360
335 361
335 362
335 363
335 364
335 365
335 366
335 367
335 368
335 369
335 370
335 371
335 372
335 373
335 374
335 376
335 378
335 380
335 381
335 382
335 383
335 384
335 385
335 386
335 387
335 388
335 389
335 390
335 391
335 392
335 393
335 394
335 395
335 396
335 397
335 398
335 399
335 400
335 401
335 402
335 404
335 405
335 406
335 407
335 408
335 409
335 410
335 411
335 412
335 413
335 414
335 415
335 416
335 417
335 419
335 420
335 422
335 423
335 431
335 436
335 458
336 309
336 314
336 315
336 316
336 318
336 319
336 320
336 322
336 323
336 324
336 325
336 327
336 328
336 329
336 330
336 331
336 332
336 334
336 335
336 336
336 337
336 338
336 339
336 340
336 341
336 342
336 343
336 344
336 345
336 346
336 347
336 348
336 349
336 351
336 352
336 353
336 354
336 355
336 356
336 357
336 358
336 359
336 361
336 363
336 364
336 365
336 366
336 367
336 368
336 369
336 370
336 371
336 372
336 373
336 374
336 375
336 376
336 378
336 379
336 380
336 382
336 383
336 384
336 385
336 386
336 387
336 388
336 389
336 390
336 391
336 392
336 393
336 394
336 395
336 397
336 398
336 399
336 400
336 402
336 404
336 406
336 407
336 408
336 409
336 410
336 411
336 413
336 416
336 419
336 422
336 423
336 426
336 427
336 431
336 454
336 459
337 283
337 307
337 309
337 316
337 317
337 319
337 321
337 322
337 324
337 325
337 326
337 327
337 328
337 329
337 331
337 333
337 334
337 335
337 338
337 339
337 340
337 341
337 343
337 344
337 346
337 347
337 348
337 349
337 350
337 351
337 352
337 353
337 354
337 355
337 356
337 357
337 358
337 359
337 360
337 361
337 362
337 363
337 364
337 366
337 367
337 368
337 369
337 370
337 371
337 372
337 373
337 374
337 375
337 376
337 377
337 378
337 379
337 381
337 382
337 383
337 385
337 386
337 387
337 388
337 389
337 390
337 391
337 392
337 393
337 394
337 395
337 396
337 397
337 399
337 400
337 401
337 402
337 403
337 404
337 405
337 406
337 407
337 408
337 409
337 411
337 412
337 414
337 415
337 417
337 418
337 419
337 420
337 421
337 423
337 424
337 425
337 427
337 430
337 452
338 297
338 305
338 307
338 309
338 310
338 311
338 313
338 314
338 317
338 322
338 326
338 328
338 329
338 330
338 331
338 333
338 334
338 335
338 336
338 337
338 338
338 339
338 340
338 341
338 343
338 344
338 345
338 346
338 348
338 349
338 351
338 352
338 353
338 354
338 355
338 356
338 357
338 358
338 359
338 360
338 361
338 362
338 363
338 364
338 365
338 367
338 369
338 370
338 371
338 372
338 373
338 375
338 376
338 377
338 378
338 379
338 380
338 381
338 382
338 383
338 384
338 385
338 386
338 387
338 388
338 389
338 390
338 391
338 393
338 394
338 395
338 396
338 397
338 398
338 400
338 401
338 402
338 403
338 404
338 405
338 406
338 407
338 408
338 409
338 410
338 411
338 412
338 413
338 414
338 415
338 416
338 418
338 420
338 421
338 422
338 423
338 425
338 426
338 427
338 430
338 432
338 439
338 445
339 282
339 294
339 298
339 302
339 303
339 311
339 316
339 317
339 318
339 319
339 320
339 321
339 323
339 324
339 326
339 327
339 328
339 329
339 331
339 332
339 333
339 336
339 338
339 339
339 340
339 341
339 342
339 343
339 344
339 346
339 347
339 348
339 349
339 350
339 351
339 352
339 353
339 354
339 355
339 357
339 358
339 359
339 360
339 361
339 362
339 363
339 364
339 365
339 366
339 367
339 368
339 369
339 370
339 371
339 372
339 373
339 374
339 375
339 376
339 377
339 378
339 379
339 382
339 383
339 384
339 385
339 386
339 387
339 388
339 389
339 390
339 391
339 392
339 393
339 394
339 395
339 397
339 398
339 399
339 400
339 401
339 403
339 405
339 406
339 407
339 408
339 410
339 412
339 413
339 414
339 416
339 417
339 422
339 423
339 424
339 427
339 429
339 432
339 438
340 277
340 299
340 304
340 305
340 308
340 313
340 314
340 316
340 318
340 321
340 324
340 325
340 326
340 328
340 329
340 330
340 331
340 332
340 333
340 334
340 335
340 336
340 337
340 338
340 339
340 340
340 341
340 342
340 343
340 344
340 345
340 346
340 347
340 348
340 350
340 352
340 353
340 354
340 355
340 356
340 357
340 358
340 359
340 360
340 361
340 362
340 363
340 364
340 365
340 367
340 368
340 369
340 370
340 371
340 372
340 373
340 374
340 375
340 376
340 377
340 378
340 379
340 380
340 381
340 382
340 383
340 384
340 385
340 386
340 387
340 388
340 389
340 390
340 391
340 392
340 394
340 395
340 396
340 397
340 398
340 399
340 400
340 401
340 402
340 403
340 404
340 405
340 406
340 407
340 408
340 409
340 410
340 412
340 413
340 414
340 415
340 416
340 417
340 418
340 419
340 420
340 421
340 423
340 424
340 425
340 426
340 427
340 428
340 431
340 432
340 434
340 442
340 444
340 447
340 448
340 475
341 269
341 297
341 306
341 309
341 310
341 315
341 318
341 319
341 320
341 322
341 323
341 324
341 325
341 327
341 328
341 329
341 330
341 332
341 333
341 334
341 336
341 338
341 340
341 342
341 343
341 344
341 345
341 346
341 348
341 349
341 350
341 351
341 352
341 353
341 354
341 355
341 356
341 357
341 358
341 360
341 361
341 362
341 363
341 364
341 365
341 366
341 367
341 368
341 369
341 370
341 371
341 372
341 373
341 374
341 375
341 376
341 377
341 378
341 379
341 380
341 381
341 382
341 383
341 384
341 385
341 386
341 387
341 388
341 389
341 392
341 394
341 396
341 397
341 398
341 400
341 402
341 403
341 405
341 406
341 407
341 408
341 409
341 410
341 411
341 412
341 413
341 414
341 416
341 418
341 419
341 420
341 424
341 427
341 428
341 432
341 433
341 440
342 298
342 300
342 302
342 311
342 312
342 313
342 316
342 317
342 319
342 320
342 323
342 324
342 326
342 327
342 328
342 329
342 330
342 332
342 333
342 334
342 335
342 336
342 337
342 338
342 339
342 340
342 341
342 342
342 343
342 344
342 345
342 346
342 347
342 348
342 349
342 350
342 351
342 352
342 353
342 354
342 355
342 356
342 357
342 358
342 359
342 360
342 361
342 362
342 363
342 364
342 365
342 366
342 368
342 369
342 370
342 371
342 372
342 373
342 374
342 375
342 376
342 377
342 378
342 379
342 380
342 381
342 382
342 383
342 384
342 385
342 386
342 387
342 388
342 389
342 390
342 391
342 392
342 393
342 394
342 395
342 396
342 397
342 398
342 399
342 400
342 401
342 402
342 403
342 404
342 405
342 406
342 407
342 408
342 409
342 410
342 411
342 412
342 413
342 414
342 415
342 416
342 417
342 418
342 419
342 421
342 422
342 425
342 426
342 428
342 431
342 448
343 264
343 273
343 298
343 303
343 306
343 307
343 310
343 315
343 317
343 318
343 320
343 321
343 323
343 326
343 328
343 329
343 330
343 331
343 332
343 333
343 334
343 335
343 336
343 337
343 338
343 339
343 340
343 341
343 342
343 343
343 344
343 345
343 346
343 347
343 348
343 349
343 350
343 351
343 352
343 353
343 354
343 355
343 356
343 357
343 358
343 359
343 360
343 361
343 363
343 364
343 365
343 366
343 367
343 368
343 369
343 370
343 371
343 372
343 373
343 374
343 375
343 376
343 377
343 378
343 379
343 380
343 381
343 382
343 383
343 384
343 385
343 386
343 387
343 388
343 389
343 390
343 391
343 392
343 393
343 394
343 395
343 396
343 397
343 398
343 399
343 400
343 401
343 402
343 403
343 404
343 405
343 406
343 407
343 408
343 409
343 410
343 412
343 413
343 414
343 415
343 416
343 419
343 420
343 421
343 423
343 424
343 425
343 426
343 428
343 430
343 431
343 432
343 440
343 441
343 467
344 290
344 294
344 302
344 306
344 319
344 320
344 322
344 323
344 324
344 325
344 326
344 327
344 328
344 329
344 330
344 332
344 334
344 335
344 336
344 337
344 338
344 339
344 340
344 341
344 342
344 343
344 344
344 345
344 347
344 348
344 349
344 350
344 351
344 352
344 353
344 355
344 356
344 358
344 359
344 360
344 361
344 362
344 363
344 364
344 365
344 366
344 367
344 368
344 369
344 370
344 371
344 372
344 373
344 374
344 375
344 376
344 377
344 378
344 379
344 380
344 382
344 383
344 384
344 385
344 386
344 387
344 388
344 389
344 390
344 391
344 392
344 393
344 394
344 395
344 397
344 398
344 399
344 400
344 401
344 402
344 404
344 405
344 406
344 407
344 408
344 410
344 411
344 412
344 413
344 414
344 415
344 416
344 417
344 418
344 419
344 420
344 422
344 423
344 425
344 426
344 427
344 428
344 429
344 430
344 432
344 433
344 440
345 296
345 303
345 305
345 306
345 310
345 311
345 313
345 315
345 316
345 317
345 321
345 322
345 324
345 326
345 327
345 328
345 329
345 330
345 331
345 332
345 333
345 334
345 335
345 337
345 338
345 340
345 341
345 343
345 344
345 345
345 346
345 347
345 348
345 349
345 350
345 351
345 352
345 353
345 354
345 355
345 356
345 357
345 358
345 359
345 360
345 361
345 362
345 363
345 364
345 365
345 366
345 367
345 368
345 369
345 370
345 371
345 372
345 373
345 374
345 375
345 376
345 377
345 378
345 379
345 380
345 381
345 382
345 383
345 384
345 385
345 386
345 387
345 388
345 389
345 390
345 391
345 392
345 393
345 394
345 395
345 396
345 397
345 398
345 399
345 400
345 401
345 402
345 403
345 404
345 405
345 406
345 408
345 409
345 410
345 413
345 416
345 417
345 418
345 419
345 420
345 421
345 422
345 423
345 424
345 426
345 428
345 429
345 430
345 431
345 432
345 433
345 437
346 295
346 301
346 303
346 306
346 309
346 310
346 314
346 316
346 317
346 318
346 319
346 320
346 321
346 323
346 324
346 325
346 326
346 327
346 328
346 329
346 330
346 331
346 333
346 334
346 335
346 336
346 337
346 338
346 339
346 340
346 341
346 342
346 343
346 345
346 346
346 347
346 348
346 349
346 350
346 351
346 352
346 353
346 354
346 355
346 356
346 357
346 358
346 359
346 360
346 361
346 362
346 363
346 364
346 365
346 366
346 367
346 368
346 369
346 370
346 371
346 372
346 375
346 376
346 377
346 378
346 379
346 380
346 381
346 382
346 383
346 384
346 385
346 386
346 387
346 388
346 389
346 390
346 391
346 392
346 394
346 395
346 396
346 397
346 398
346 399
346 400
346 401
346 402
346 403
346 404
346 405
346 406
346 408
346 409
346 411
346 412
346 413
346 414
346 415
346 416
346 418
346 422
346 424
346 426
346 427
346 432
346 434
346 454
347 280
347 295
347 299
347 300
347 303
347 306
347 310
347 312
347 313
347 314
347 315
347 317
347 318
347 320
347 321
347 323
347 324
347 325
347 326
347 327
347 329
347 330
347 332
347 334
347 336
347 338
347 339
347 340
347 341
347 342
347 343
347 345
347 347
347 348
347 349
347 350
347 351
347 352
347 353
347 354
347 355
347 356
347 357
347 359
347 360
347 361
347 362
347 363
347 364
347 365
347 366
347 367
347 368
347 369
347 370
347 371
347 372
347 373
347 374
347 375
347 376
347 377
347 378
347 379
347 380
347 381
347 382
347 383
347 384
347 385
347 386
347 387
347 388
347 389
347 390
347 391
347 392
347 393
347 394
347 396
347 397
347 398
347 399
347 400
347 401
347 402
347 403
347 404
347 405
347 406
347 408
347 409
347 410
347 411
347 412
347 413
347 414
347 416
347 417
347 419
347 420
347 421
347 422
347 423
347 425
347 426
347 427
347 428
347 429
347 431
347 432
347 434
348 292
348 301
348 302
348 303
348 306
348 307
348 308
348 312
348 315
348 318
348 321
348 322
348 323
348 325
348 328
348 330
348 331
348 332
348 334
348 335
348 336
348 337
348 338
348 340
348 341
348 342
348 343
348 344
348 345
348 346
348 347
348 348
348 349
348 350
348 351
348 352
348 353
348 354
348 355
348 356
348 357
348 358
348 359
348 360
348 362
348 363
348 364
348 365
348 366
348 367
348 368
348 369
348 370
348 371
348 372
348 373
348 374
348 375
348 376
348 377
348 378
348 379
348 380
348 381
348 382
348 383
348 384
348 385
348 386
348 388
348 389
348 390
348 391
348 392
348 393
348 394
348 395
348 396
348 397
348 398
348 399
348 400
348 402
348 403
348 404
348 405
348 407
348 408
348 409
348 410
348 411
348 412
348 413
348 414
348 415
348 416
348 417
348 418
348 419
348 421
348 422
348 423
348 424
348 425
348 429
348 435
348 436
348 437
348 440
349 265
349 283
349 294
349 302
349 304
349 305
349 308
349 309
349 311
349 312
349 313
349 314
349 315
349 317
349 319
349 321
349 323
349 324
349 325
349 326
349 327
349 328
349 329
349 330
349 331
349 332
349 333
349 334
349 335
349 336
349 337
349 338
349 340
349 341
349 342
349 343
349 344
349 345
349 346
349 347
349 348
349 349
349 350
349 351
349 352
349 353
349 354
349 355
349 356
349 357
349 358
349 359
349 360
349 361
349 362
349 363
349 364
349 365
349 366
349 367
349 369
349 370
349 371
349 372
349 373
349 374
349 375
349 376
349 377
349 378
349 380
349 382
349 383
349 384
349 385
349 386
349 387
349 388
349 389
349 390
349 391
349 392
349 393
349 394
349 395
349 396
349 397
349 398
349 400
349 401
349 402
349 403
349 404
349 405
349 406
349 407
349 409
349 410
349 413
349 414
349 415
349 416
349 417
349 418
349 420
349 421
349 422
349 424
349 425
349 426
349 427
349 428
349 429
349 430
349 434
349 435
349 436
349 441
349 450
350 269
350 298
350 299
350 303
350 305
350 308
350 309
350 311
350 313
350 315
350 316
350 317
350 318
350 319
350 321
350 322
350 323
350 325
350 326
350 327
350 328
350 329
350 330
350 331
350 332
350 333
350 335
350 336
350 337
350 338
350 339
350 340
350 341
350 342
350 343
350 344
350 345
350 346
350 348
350 349
350 350
350 352
350 353
350 354
350 355
350 356
350 357
350 358
350 359
350 360
350 361
350 362
350 363
350 364
350 365
350 366
350 367
350 368
350 369
350 370
350 371
350 372
350 373
350 374
350 375
350 376
350 377
350 378
350 379
350 380
350 381
350 382
350 383
350 384
350 385
350 386
350 387
350 388
350 389
350 390
350 391
350 392
350 393
350 394
350 395
350 396
350 397
350 398
350 399
350 400
350 401
350 402
350 404
350 405
350 406
350 408
350 409
350 410
350 411
350 412
350 413
350 414
350 415
350 416
350 417
350 419
350 420
350 422
350 423
350 424
350 425
350 430
350 431
350 434
350 437
350 438
350 439
351 270
351 291
351 302
351 303
351 306
351 308
351 310
351 311
351 312
351 313
351 315
351 316
351 320
351 321
351 322
351 324
351 325
351 328
351 329
351 330
351 331
351 332
351 333
351 334
351 335
351 336
351 337
351 339
351 340
351 341
351 342
351 345
351 346
351 347
351 348
351 349
351 350
351 351
351 352
351 353
351 354
351 355
351 356
351 357
351 358
351 359
351 360
351 361
351 362
351 363
351 364
351 366
351 367
351 368
351 370
351 371
351 372
351 373
351 374
351 375
351 376
351 377
351 378
351 379
351 380
351 381
351 382
351 383
351 384
351 385
351 386
351 387
351 388
351 389
351 390
351 391
351 392
351 393
351 394
351 395
351 396
351 397
351 398
351 399
351 400
351 402
351 403
351 404
351 405
351 406
351 407
351 409
351 410
351 411
351 412
351 414
351 415
351 417
351 419
351 420
351 422
351 423
351 426
351 427
351 428
351 430
351 432
351 439
351 453
352 277
352 296
352 307
352 313
352 314
352 315
352 316
352 317
352 319
352 322
352 323
352 324
352 325
352 326
352 327
352 331
352 332
352 333
352 334
352 335
352 336
352 337
352 338
352 339
352 340
352 341
352 342
352 343
352 344
352 345
352 347
352 348
352 350
352 351
352 352
352 353
352 354
352 355
352 356
352 357
352 358
352 359
352 360
352 361
352 362
352 364
352 365
352 366
352 367
352 368
352 369
352 370
352 371
352 372
352 373
352 374
352 375
352 376
352 377
352 378
352 379
352 380
352 381
352 382
352 384
352 386
352 387
352 388
352 389
352 390
352 391
352 392
352 393
352 394
352 395
352 396
352 397
352 398
352 399
352 400
352 401
352 402
352 403
352 404
352 405
352 406
352 408
352 409
352 411
352 412
352 413
352 414
352 415
352 416
352 417
352 418
352 419
352 420
352 421
352 422
352 423
352 424
352 425
352 428
352 429
352 432
352 435
352 436
352 441
353 283
353 291
353 302
353 310
353 311
353 312
353 314
353 316
353 317
353 319
353 320
353 322
353 323
353 324
353 326
353 328
353 329
353 330
353 331
353 332
353 333
353 334
353 335
353 336
353 338
353 339
353 340
353 341
353 342
353 344
353 345
353 346
353 347
353 348
353 349
353 350
353 351
353 352
353 353
353 354
353 355
353 356
353 357
353 358
353 359
353 360
353 361
353 362
353 363
353 364
353 365
353 366
353 367
353 368
353 369
353 370
353 371
353 372
353 373
353 374
353 375
353 376
353 377
353 378
353 379
353 380
353 381
353 382
353 383
353 384
353 385
353 386
353 387
353 388
353 389
353 391
353 392
353 393
353 394
353 395
353 396
353 397
353 398
353 399
353 400
353 401
353 402
353 404
353 405
353 406
353 408
353 409
353 410
353 411
353 412
353 413
353 414
353 415
353 417
353 419
353 420
353 422
353 424
353 425
353 427
353 433
353 434
353 435
353 437
354 297
354 304
354 306
354 308
354 310
354 317
354 318
354 319
354 321
354 322
354 323
354 324
354 325
354 326
354 327
354 328
354 329
354 331
354 332
354 334
354 335
354 336
354 338
354 340
354 341
354 342
354 343
354 346
354 348
354 349
354 350
354 351
354 352
354 353
354 354
354 355
354 356
354 357
354 358
354 359
354 360
354 361
354 362
354 363
354 364
354 365
354 366
354 367
354 368
354 369
354 370
354 371
354 372
354 373
354 374
354 375
354 376
354 377
354 378
354 379
354 380
354 381
354 382
354 383
354 384
354 385
354 386
354 387
354 388
354 389
354 390
354 391
354 392
354 393
354 394
354 395
354 396
354 397
354 398
354 399
354 400
354 401
354 402
354 403
354 404
354 405
354 406
354 407
354 408
354 410
354 411
354 412
354 413
354 414
354 416
354 418
354 419
354 420
354 421
354 422
354 423
354 424
354 425
354 427
354 428
354 429
354 430
354 431
354 432
354 433
354 435
355 298
355 300
355 301
355 302
355 304
355 308
355 313
355 314
355 315
355 316
355 317
355 318
355 319
355 322
355 323
355 325
355 326
355 328
355 329
355 330
355 331
355 332
355 333
355 334
355 335
355 336
355 339
355 340
355 341
355 342
355 343
355 344
355 345
355 346
355 347
355 348
355 349
355 350
355 351
355 352
355 353
355 354
355 355
355 356
355 357
355 358
355 359
355 360
355 361
355 362
355 363
355 364
355 365
355 366
355 367
355 368
355 369
355 370
355 371
355 372
355 373
355 374
355 375
355 376
355 377
355 378
355 379
355 380
355 381
355 382
355 383
355 384
355 385
355 386
355 387
355 388
355 389
355 391
355 392
355 393
355 394
355 395
355 396
355 397
355 398
355 400
355 401
355 402
355 403
355 404
355 405
355 406
355 407
355 408
355 409
355 410
355 411
355 412
355 413
355 414
355 415
355 416
355 417
355 418
355 419
355 421
355 422
355 423
355 424
355 427
355 433
355 434
355 441
355 455
356 291
356 303
356 307
356 309
356 310
356 312
356 314
356 315
356 317
356 318
356 319
356 320
356 321
356 323
356 324
356 327
356 330
356 331
356 333
356 334
356 335
356 336
356 337
356 338
356 339
356 340
356 342
356 343
356 344
356 345
356 346
356 347
356 348
356 349
356 350
356 351
356 352
356 353
356 354
356 355
356 356
356 357
356 358
356 359
356 360
356 361
356 362
356 363
356 364
356 365
356 366
356 367
356 368
356 369
356 370
356 371
356 373
356 374
356 376
356 377
356 378
356 379
356 380
356 381
356 382
356 383
356 384
356 385
356 386
356 387
356 388
356 389
356 390
356 391
356 392
356 393
356 394
356 395
356 396
356 397
356 398
356 399
356 400
356 401
356 402
356 403
356 404
356 405
356 406
356 407
356 408
356 409
356 410
356 411
356 412
356 413
356 414
356 415
356 416
356 418
356 419
356 420
356 421
356 423
356 424
356 425
356 426
356 427
356 428
356 431
356 432
356 433
356 436
356 440
356 455
357 275
357 296
357 300
357 303
357 305
357 308
357 309
357 310
357 311
357 312
357 314
357 316
357 317
357 318
357 320
357 321
357 322
357 323
357 324
357 326
357 327
357 328
357 329
357 332
357 334
357 335
357 336
357 337
357 338
357 339
357 340
357 341
357 342
357 344
357 345
357 346
357 347
357 348
357 349
357 350
357 351
357 352
357 353
357 354
357 355
357 356
357 357
357 358
357 359
357 360
357 361
357 362
357 363
357 364
357 365
357 366
357 367
357 368
357 369
357 370
357 371
357 372
357 373
357 374
357 375
357 376
357 377
357 378
357 379
357 380
357 381
357 382
357 383
357 384
357 385
357 386
357 387
357 388
357 389
357 390
357 391
357 392
357 393
357 394
357 395
357 396
357 397
357 398
357 399
357 400
357 401
357 402
357 403
357 404
357 405
357 406
357 407
357 408
357 409
357 410
357 412
357 414
357 415
357 416
357 417
357 418
357 421
357 422
357 423
357 429
357 430
357 431
357 432
357 433
357 434
357 436
357 439
357 446
357 453
357 470
357 472
358 292
358 297
358 303
358 306
358 307
358 312
358 313
358 315
358 316
358 318
358 320
358 322
358 323
358 324
358 325
358 326
358 327
358 328
358 329
358 330
358 332
358 333
358 335
358 336
358 337
358 338
358 339
358 340
358 342
358 343
358 344
358 346
358 347
358 348
358 349
358 350
358 351
358 352
358 353
358 354
358 355
358 356
358 357
358 358
358 359
358 360
358 362
358 363
358 364
358 365
358 367
358 368
358 369
358 370
358 371
358 372
358 373
358 374
358 375
358 376
358 377
358 378
358 379
358 380
358 381
358 382
358 383
358 384
358 385
358 386
358 387
358 388
358 389
358 390
358 391
358 392
358 393
358 394
358 395
358 396
358 397
358 398
358 399
358 400
358 401
358 402
358 403
358 404
358 405
358 407
358 408
358 409
358 410
358 411
358 412
358 413
358 414
358 416
358 417
358 418
358 419
358 420
358 421
358 422
358 424
358 425
358 426
358 427
358 428
358 430
358 432
358 433
358 434
358 437
358 441
358 445
358 458
359 291
359 293
359 302
359 305
359 307
359 310
359 312
359 316
359 317
359 318
359 319
359 320
359 321
359 322
359 324
359 325
359 326
359 327
359 328
359 329
359 330
359 331
359 332
359 333
359 334
359 335
359 336
359 337
359 338
359 339
359 341
359 342
359 343
359 344
359 345
359 346
359 347
359 348
359 349
359 350
359 351
359 352
359 353
359 355
359 356
359 357
359 358
359 359
359 360
359 361
359 362
359 363
359 364
359 365
359 366
359 367
359 368
359 369
359 370
359 371
359 372
359 373
359 374
359 375
359 376
359 377
359 378
359 379
359 380
359 381
359 382
359 383
359 384
359 385
359 386
359 387
359 388
359 389
359 390
359 391
359 392
359 393
359 394
359 395
359 396
359 397
359 398
359 399
359 400
359 401
359 402
359 403
359 404
359 405
359 406
359 407
359 408
359 409
359 410
359 411
359 412
359 413
359 414
359 415
359 416
359 418
359 419
359 420
359 421
359 423
359 424
359 426
359 427
359 428
359 429
359 430
359 431
359 433
359 435
359 442
359 460
359 466
360 294
360 297
360 300
360 303
360 304
360 308
360 309
360 310
360 312
360 313
360 314
360 315
360 316
360 317
360 319
360 320
360 321
360 323
360 324
360 326
360 327
360 328
360 331
360 332
360 333
360 335
360 337
360 338
360 339
360 340
360 341
360 342
360 343
360 344
360 345
360 346
360 347
360 348
360 349
360 350
360 351
360 352
360 353
360 354
360 355
360 356
360 357
360 358
360 359
360 360
360 361
360 362
360 363
360 364
360 365
360 366
360 367
360 368
360 369
360 370
360 371
360 372
360 373
360 374
360 375
360 376
360 377
360 378
360 379
360 380
360 381
360 382
360 383
360 384
360 385
360 386
360 387
360 388
360 389
360 390
360 391
360 392
360 393
360 394
360 395
360 396
360 397
360 398
360 399
360 400
360 401
360 402
360 403
360 404
360 405
360 406
360 407
360 409
360 410
360 412
360 413
360 414
360 415
360 417
360 418
360 419
360 421
360 422
360 423
360 424
360 425
360 426
360 427
360 429
360 431
360 432
360 434
360 436
360 437
360 439
361 263
361 299
361 302
361 303
361 307
361 308
361 310
361 314
361 315
361 317
361 318
361 319
361 320
361 321
361 323
361 324
361 326
361 327
361 328
361 329
361 330
361 333
361 334
361 335
361 336
361 337
361 338
361 339
361 340
361 341
361 342
361 343
361 345
361 346
361 347
361 348
361 349
361 350
361 351
361 352
361 353
361 354
361 355
361 356
361 357
361 358
361 359
361 360
361 361
361 362
361 363
361 364
361 365
361 366
361 367
361 368
361 369
361 370
361 371
361 372
361 373
361 374
361 375
361 376
361 377
361 378
361 379
361 380
361 381
361 382
361 383
361 385
361 386
361 387
361 388
361 389
361 390
361 391
361 392
361 393
361 394
361 395
361 396
361 397
361 398
361 400
361 401
361 402
361 403
361 404
361 405
361 406
361 407
361 408
361 409
361 410
361 412
361 414
361 415
361 417
361 418
361 420
361 421
361 424
361 425
361 427
361 429
361 433
361 436
361 440
361 446
361 452
362 284
362 300
362 309
362 310
362 311
362 312
362 313
362 315
362 316
362 317
362 319
362 320
362 323
362 324
362 325
362 326
362 327
362 328
362 330
362 331
362 332
362 333
362 334
362 335
362 336
362 337
362 338
362 339
362 340
362 341
362 342
362 343
362 344
362 345
362 346
362 347
362 348
362 349
362 350
362 351
362 352
362 353
362 355
362 356
362 357
362 358
362 359
362 360
362 361
362 362
362 363
362 364
362 365
362 367
362 368
362 369
362 370
362 371
362 373
362 374
362 375
362 376
362 377
362 378
362 379
362 380
362 381
362 382
362 383
362 384
362 385
362 386
362 387
362 388
362 389
362 390
362 391
362 392
362 393
362 394
362 395
362 396
362 397
362 398
362 399
362 400
362 401
362 403
362 404
362 405
362 406
362 407
362 408
362 409
362 410
362 411
362 412
362 413
362 414
362 415
362 416
362 417
362 418
362 419
362 420
362 421
362 423
362 424
362 425
362 426
362 427
362 428
362 429
362 431
362 432
362 434
362 435
362 436
362 437
362 439
362 441
362 452
362 458
363 297
363 303
363 304
363 306
363 308
363 311
363 314
363 315
363 316
363 318
363 320
363 321
363 322
363 323
363 324
363 325
363 326
363 327
363 328
363 329
363 330
363 331
363 332
363 333
363 334
363 335
363 336
363 337
363 338
363 339
363 340
363 341
363 342
363 343
363 344
363 345
363 346
363 348
363 350
363 351
363 352
363 353
363 354
363 355
363 356
363 357
363 358
363 359
363 360
363 361
363 362
363 364
363 365
363 366
363 367
363 368
363 369
363 370
363 371
363 372
363 373
363 374
363 375
363 376
363 377
363 379
363 380
363 381
363 382
363 383
363 384
363 385
363 386
363 387
363 388
363 389
363 390
363 391
363 392
363 393
363 394
363 395
363 397
363 398
363 399
363 400
363 401
363 402
363 403
363 404
363 405
363 406
363 407
363 408
363 409
363 410
363 411
363 412
363 413
363 414
363 415
363 416
363 417
363 418
363 419
363 420
363 422
363 423
363 424
363 426
363 431
363 432
363 433
363 435
363 437
363 439
363 442
363 444
363 453
363 464
364 289
364 296
364 301
364 303
364 309
364 311
364 312
364 313
364 314
364 316
364 318
364 319
364 320
364 322
364 323
364 324
364 325
364 326
364 328
364 330
364 332
364 333
364 335
364 336
364 337
364 338
364 339
364 340
364 341
364 342
364 343
364 344
364 345
364 347
364 348
364 349
364 350
364 351
364 352
364 353
364 354
364 355
364 356
364 357
364 358
364 359
364 360
364 361
364 362
364 363
364 364
364 365
364 366
364 367
364 368
364 369
364 370
364 371
364 372
364 373
364 374
364 375
364 376
364 377
364 378
364 379
364 380
364 382
364 383
364 384
364 385
364 386
364 387
364 389
364 390
364 391
364 392
364 393
364 394
364 395
364 396
364 397
364 398
364 399
364 400
364 401
364 402
364 404
364 405
364 406
364 407
364 408
364 409
364 410
364 411
364 412
364 414
364 415
364 416
364 418
364 420
364 421
364 422
364 423
364 425
364 427
364 428
364 429
364 434
364 435
364 437
364 439
364 442
364 443
364 444
364 445
364 446
364 448
364 450
364 456
364 477
365 301
365 303
365 305
365 306
365 309
365 311
365 313
365 314
365 315
365 317
365 318
365 320
365 321
365 322
365 323
365 324
365 326
365 327
365 328
365 329
365 330
365 331
365 332
365 333
365 334
365 335
365 336
365 337
365 338
365 339
365 340
365 341
365 342
365 344
365 345
365 346
365 347
365 348
365 349
365 350
365 351
365 352
365 353
365 354
365 355
365 356
365 357
365 358
365 359
365 360
365 361
365 362
365 363
365 364
365 365
365 366
365 368
365 369
365 370
365 371
365 372
365 373
365 374
365 375
365 376
365 377
365 378
365 379
365 380
365 381
365 382
365 383
365 384
365 385
365 386
365 387
365 388
365 389
365 390
365 391
365 392
365 393
365 394
365 395
365 396
365 397
365 398
365 399
365 400
365 401
365 402
365 403
365 404
365 405
365 406
365 407
365 408
365 409
365 410
365 411
365 412
365 413
365 414
365 415
365 416
365 418
365 419
365 421
365 422
365 423
365 424
365 425
365 427
365 429
365 431
365 432
365 433
365 434
365 435
365 436
365 437
365 438
365 440
365 443
365 444
365 445
365 455
366 298
366 302
366 307
366 310
366 311
366 312
366 317
366 318
366 319
366 320
366 322
366 324
366 325
366 326
366 327
366 328
366 329
366 330
366 331
366 332
366 333
366 334
366 335
366 337
366 338
366 339
366 340
366 341
366 342
366 343
366 345
366 346
366 347
366 348
366 349
366 350
366 351
366 352
366 353
366 354
366 355
366 356
366 357
366 358
366 359
366 360
366 361
366 363
366 364
366 365
366 366
366 368
366 369
366 370
366 371
366 372
366 374
366 375
366 376
366 377
366 378
366 379
366 380
366 381
366 382
366 383
366 384
366 385
366 387
366 388
366 389
366 390
366 391
366 392
366 394
366 395
366 396
366 397
366 398
366 399
366 400
366 401
366 402
366 403
366 404
366 405
366 406
366 407
366 408
366 409
366 410
366 411
366 412
366 414
366 415
366 416
366 417
366 418
366 419
366 420
366 421
366 422
366 423
366 424
366 425
366 426
366 427
366 429
366 436
366 444
366 469
367 284
367 300
367 302
367 304
367 306
367 308
367 311
367 313
367 315
367 316
367 318
367 319
367 320
367 321
367 322
367 323
367 324
367 325
367 326
367 327
367 328
367 329
367 330
367 331
367 332
367 333
367 335
367 336
367 337
367 338
367 339
367 340
367 341
367 342
367 343
367 344
367 345
367 346
367 347
367 348
367 349
367 350
367 351
367 352
367 353
367 354
367 355
367 356
367 357
367 358
367 359
367 360
367 361
367 362
367 363
367 364
367 365
367 366
367 367
367 368
367 369
367 370
367 371
367 372
367 373
367 374
367 375
367 376
367 377
367 378
367 379
367 380
367 381
367 382
367 383
367 384
367 385
367 386
367 387
367 388
367 390
367 391
367 392
367 393
367 394
367 395
367 396
367 397
367 398
367 399
367 400
367 401
367 402
367 403
367 404
367 405
367 406
367 407
367 408
367 409
367 410
367 411
367 412
367 413
367 414
367 415
367 416
367 418
367 419
367 420
367 421
367 423
367 424
367 425
367 426
367 428
367 430
367 431
367 432
367 435
367 436
367 437
367 438
367 440
367 441
367 455
367 456
367 462
368 294
368 300
368 301
368 305
368 309
368 311
368 312
368 313
368 315
368 316
368 317
368 318
368 319
368 320
368 321
368 323
368 325
368 326
368 327
368 328
368 329
368 330
368 331
368 332
368 333
368 334
368 335
368 336
368 337
368 338
368 339
368 341
368 342
368 343
368 344
368 345
368 346
368 347
368 348
368 349
368 350
368 351
368 352
368 353
368 354
368 355
368 356
368 357
368 358
368 360
368 361
368 362
368 363
368 364
368 365
368 366
368 367
368 368
368 369
368 370
368 371
368 372
368 373
368 374
368 375
368 376
368 377
368 378
368 379
368 380
368 381
368 382
368 383
368 384
368 386
368 387
368 388
368 389
368 390
368 391
368 392
368 393
368 394
368 395
368 396
368 397
368 398
368 399
368 400
368 402
368 403
368 405
368 406
368 407
368 408
368 409
368 410
368 411
368 412
368 414
368 415
368 416
368 417
368 418
368 419
368 421
368 422
368 423
368 424
368 427
368 428
368 429
368 431
368 433
368 435
368 436
368 437
368 441
368 442
368 445
368 447
368 450
368 451
368 453
368 455
368 460
369 303
369 305
369 309
369 311
369 313
369 314
369 315
369 316
369 317
369 318
369 319
369 321
369 323
369 324
369 325
369 326
369 328
369 329
369 330
369 331
369 332
369 333
369 334
369 335
369 336
369 337
369 339
369 340
369 341
369 342
369 343
369 344
369 345
369 346
369 347
369 348
369 349
369 350
369 351
369 353
369 354
369 355
369 356
369 358
369 360
369 361
369 362
369 363
369 364
369 365
369 366
369 367
369 368
369 369
369 370
369 371
369 372
369 373
369 374
369 375
369 376
369 378
369 379
369 380
369 381
369 382
369 383
369 384
369 385
369 386
369 387
369 388
369 389
369 390
369 391
369 392
369 394
369 395
369 396
369 397
369 398
369 399
369 400
369 401
369 402
369 403
369 404
369 405
369 406
369 407
369 408
369 409
369 410
369 411
369 412
369 413
369 414
369 415
369 416
369 417
369 418
369 419
369 421
369 422
369 423
369 425
369 426
369 427
369 428
369 430
369 432
369 443
369 448
369 449
369 452
369 453
369 458
370 285
370 295
370 302
370 304
370 306
370 307
370 308
370 309
370 311
370 313
370 314
370 315
370 318
370 319
370 320
370 321
370 322
370 323
370 324
370 325
370 326
370 327
370 328
370 329
370 330
370 331
370 332
370 333
370 334
370 335
370 336
370 337
370 338
370 339
370 340
370 341
370 342
370 343
370 344
370 346
370 347
370 348
370 349
370 350
370 351
370 352
370 353
370 354
370 355
370 356
370 357
370 358
370 359
370 360
370 361
370 362
370 363
370 364
370 365
370 366
370 367
370 368
370 369
370 370
370 371
370 372
370 373
370 374
370 375
370 376
370 377
370 378
370 379
370 380
370 381
370 382
370 383
370 384
370 385
370 386
370 387
370 388
370 389
370 390
370 391
370 392
370 393
370 394
370 395
370 396
370 397
370 398
370 399
370 400
370 401
370 402
370 403
370 404
370 405
370 406
370 407
370 408
370 409
370 410
370 412
370 413
370 414
370 415
370 416
370 418
370 419
370 420
370 421
370 423
370 424
370 425
370 429
370 430
370 431
370 432
370 434
370 435
370 436
370 438
370 444
370 445
370 446
370 447
370 452
370 460
371 296
371 299
371 300
371 301
371 304
371 306
371 309
371 310
371 312
371 313
371 316
371 317
371 319
371 320
371 321
371 324
371 326
371 327
371 328
371 329
371 330
371 331
371 333
371 334
371 335
371 336
371 337
371 338
371 339
371 341
371 342
371 343
371 344
371 345
371 346
371 347
371 348
371 349
371 350
371 351
371 353
371 354
371 355
371 356
371 357
371 358
371 359
371 360
371 361
371 362
371 363
371 364
371 365
371 366
371 367
371 368
371 369
371 370
371 371
371 372
371 373
371 374
371 375
371 376
371 377
371 378
371 379
371 380
371 381
371 382
371 383
371 384
371 385
371 386
371 387
371 388
371 389
371 390
371 391
371 392
371 393
371 394
371 395
371 396
371 397
371 398
371 399
371 400
371 401
371 402
371 403
371 404
371 405
371 406
371 407
371 408
371 409
371 410
371 411
371 412
371 413
371 414
371 415
371 416
371 417
371 418
371 419
371 420
371 423
371 424
371 425
371 426
371 427
371 429
371 432
371 433
371 434
371 435
371 439
371 440
371 443
371 444
371 453
371 455
371 458
371 461
372 304
372 309
372 310
372 311
372 313
372 314
372 315
372 316
372 317
372 318
372 321
372 322
372 323
372 325
372 326
372 327
372 328
372 330
372 331
372 332
372 333
372 335
372 336
372 337
372 338
372 339
372 340
372 341
372 342
372 343
372 344
372 345
372 346
372 347
372 349
372 350
372 351
372 352
372 353
372 354
372 355
372 356
372 357
372 358
372 359
372 360
372 361
372 362
372 363
372 364
372 365
372 366
372 367
372 368
372 369
372 370
372 371
372 372
372 373
372 374
372 376
372 377
372 378
372 379
372 380
372 381
372 382
372 383
372 384
372 385
372 386
372 387
372 388
372 389
372 390
372 391
372 392
372 393
372 394
372 395
372 396
372 397
372 398
372 399
372 401
372 402
372 403
372 404
372 405
372 406
372 407
372 408
372 409
372 410
372 411
372 412
372 414
372 415
372 416
372 417
372 418
372 419
372 421
372 422
372 424
372 425
372 426
372 427
372 428
372 429
372 430
372 431
372 433
372 436
372 439
372 440
372 444
372 446
372 447
372 449
373 298
373 305
373 306
373 308
373 310
373 311
373 312
373 313
373 315
373 316
373 317
373 318
373 319
373 321
373 322
373 323
373 324
373 325
373 326
373 327
373 328
373 329
373 330
373 332
373 333
373 334
373 335
373 336
373 337
373 338
373 339
373 340
373 341
373 342
373 343
373 344
373 346
373 347
373 348
373 349
373 350
373 351
373 352
373 353
373 354
373 355
373 356
373 358
373 359
373 360
373 361
373 362
373 363
373 364
373 365
373 366
373 367
373 368
373 369
373 370
373 371
373 372
373 373
373 374
373 375
373 376
373 377
373 378
373 379
373 380
373 381
373 382
373 383
373 384
373 385
373 386
373 387
373 388
373 389
373 390
373 391
373 392
373 393
373 394
373 395
373 396
373 397
373 398
373 399
373 400
373 401
373 402
373 403
373 404
373 406
373 407
373 408
373 409
373 410
373 411
373 412
373 414
373 415
373 416
373 417
373 418
373 419
373 420
373 422
373 423
373 425
373 427
373 433
373 434
373 436
373 438
373 439
373 440
373 443
373 446
373 447
373 451
373 454
373 459
374 294
374 295
374 299
374 304
374 309
374 310
374 313
374 314
374 315
374 317
374 318
374 319
374 320
374 321
374 323
374 324
374 325
374 326
374 327
374 330
374 331
374 332
374 334
374 336
374 337
374 338
374 339
374 340
374 341
374 342
374 344
374 345
374 346
374 347
374 348
374 349
374 350
374 351
374 352
374 353
374 354
374 355
374 356
374 357
374 358
374 359
374 360
374 361
374 362
374 363
374 364
374 365
374 366
374 367
374 368
374 369
374 370
374 371
374 372
374 373
374 374
374 375
374 376
374 377
374 378
374 379
374 380
374 381
374 382
374 383
374 384
374 385
374 386
374 387
374 388
374 389
374 390
374 391
374 392
374 393
374 394
374 395
374 396
374 397
374 398
374 399
374 400
374 401
374 402
374 403
374 404
374 405
374 406
374 407
374 408
374 410
374 411
374 412
374 413
374 414
374 415
374 416
374 418
374 419
374 420
374 421
374 422
374 423
374 425
374 426
374 427
374 429
374 430
374 432
374 433
374 437
374 438
374 439
374 440
374 444
374 446
374 447
374 468
375 299
375 303
375 305
375 310
375 311
375 312
375 313
375 315
375 317
375 318
375 321
375 322
375 323
375 324
375 326
375 327
375 328
375 330
375 331
375 332
375 333
375 335
375 336
375 338
375 340
375 341
375 342
375 343
375 345
375 346
375 347
375 348
375 349
375 350
375 351
375 352
375 353
375 355
375 356
375 357
375 358
375 359
375 360
375 361
375 362
375 363
375 364
375 365
375 366
375 367
375 368
375 369
375 370
375 371
375 372
375 373
375 374
375 375
375 376
375 377
375 378
375 380
375 381
375 382
375 383
375 384
375 385
375 386
375 387
375 388
375 389
375 390
375 391
375 392
375 393
375 394
375 395
375 396
375 397
375 398
375 399
375 400
375 401
375 402
375 403
375 404
375 405
375 406
375 407
375 408
375 409
375 410
375 411
375 412
375 413
375 414
375 415
375 416
375 418
375 419
375 420
375 421
375 422
375 423
375 424
375 427
375 428
375 431
375 432
375 433
375 434
375 435
375 437
375 438
375 447
375 448
376 291
376 295
376 299
376 304
376 307
376 309
376 310
376 311
376 316
376 319
376 320
376 321
376 323
376 324
376 325
376 326
376 327
376 328
376 329
376 330
376 331
376 332
376 333
376 335
376 336
376 337
376 338
376 339
376 340
376 341
376 342
376 343
376 344
376 345
376 346
376 347
376 348
376 349
376 350
376 351
376 352
376 353
376 354
376 355
376 356
376 357
376 358
376 359
376 360
376 361
376 362
376 363
376 364
376 365
376 366
376 367
376 368
376 369
376 370
376 371
376 372
376 373
376 374
376 375
376 376
376 377
376 378
376 379
376 380
376 381
376 382
376 383
376 384
376 385
376 386
376 387
376 388
376 389
376 390
376 391
376 392
376 393
376 394
376 395
376 396
376 397
376 398
376 399
376 400
376 401
376 402
376 403
376 404
376 405
376 406
376 407
376 408
376 409
376 410
376 411
376 412
376 414
376 415
376 416
376 417
376 418
376 419
376 420
376 422
376 423
376 424
376 425
376 426
376 427
376 428
376 433
376 434
376 435
376 436
376 438
376 443
376 445
376 447
376 450
376 466
377 295
377 301
377 305
377 309
377 312
377 314
377 316
377 317
377 320
377 321
377 322
377 323
377 325
377 326
377 327
377 328
377 329
377 330
377 331
377 332
377 333
377 334
377 335
377 336
377 337
377 338
377 339
377 340
377 341
377 342
377 344
377 345
377 346
377 347
377 348
377 350
377 351
377 352
377 353
377 354
377 355
377 356
377 357
377 358
377 359
377 360
377 362
377 363
377 364
377 366
377 367
377 368
377 369
377 370
377 371
377 372
377 373
377 374
377 375
377 378
377 379
377 380
377 381
377 382
377 383
377 384
377 385
377 386
377 387
377 388
377 389
377 390
377 391
377 392
377 393
377 394
377 395
377 396
377 397
377 398
377 400
377 401
377 402
377 403
377 405
377 406
377 407
377 408
377 409
377 410
377 412
377 413
377 415
377 416
377 417
377 418
377 419
377 420
377 421
377 423
377 425
377 428
377 430
377 432
377 433
377 435
377 439
377 440
377 446
377 453
378 293
378 304
378 305
378 306
378 308
378 309
378 311
378 313
378 317
378 318
378 319
378 320
378 321
378 322
378 324
378 325
378 326
378 327
378 328
378 329
378 330
378 331
378 332
378 333
378 334
378 335
378 336
378 337
378 338
378 339
378 340
378 341
378 342
378 343
378 344
378 345
378 346
378 347
378 348
378 350
378 351
378 352
378 353
378 354
378 355
378 356
378 357
378 358
378 359
378 360
378 361
378 362
378 363
378 364
378 365
378 366
378 367
378 368
378 369
378 370
378 371
378 372
378 373
378 374
378 375
378 376
378 377
378 378
378 379
378 380
378 381
378 382
378 383
378 384
378 385
378 386
378 387
378 388
378 389
378 390
378 391
378 392
378 393
378 394
378 395
378 396
378 397
378 398
378 399
378 400
378 401
378 403
378 404
378 405
378 406
378 407
378 408
378 410
378 411
378 412
378 413
378 414
378 415
378 417
378 418
378 419
378 420
378 421
378 422
378 424
378 425
378 426
378 427
378 428
378 429
378 430
378 431
378 432
378 433
378 435
378 449
378 451
379 299
379 312
379 316
379 317
379 318
379 320
379 321
379 322
379 323
379 324
379 325
379 326
379 327
379 328
379 329
379 330
379 331
379 333
379 334
379 335
379 337
379 338
379 339
379 340
379 341
379 342
379 343
379 344
379 345
379 346
379 347
379 348
379 349
379 350
379 351
379 352
379 353
379 354
379 355
379 356
379 357
379 358
379 359
379 360
379 361
379 362
379 363
379 364
379 365
379 366
379 367
379 368
379 369
379 370
379 371
379 372
379 373
379 374
379 375
379 376
379 377
379 378
379 379
379 380
379 381
379 382
379 383
379 384
379 385
379 386
379 387
379 388
379 389
379 390
379 391
379 392
379 393
379 394
379 395
379 396
379 397
379 398
379 399
379 400
379 401
379 402
379 403
379 405
379 406
379 408
379 409
379 410
379 411
379 412
379 413
379 414
379 415
379 417
379 418
379 419
379 422
379 423
379 424
379 425
379 426
379 427
379 429
379 433
379 434
379 435
379 436
379 437
379 440
379 460
379 461
380 295
380 296
380 301
380 304
380 308
380 311
380 313
380 314
380 315
380 318
380 319
380 321
380 323
380 324
380 325
380 326
380 328
380 330
380 331
380 332
380 333
380 334
380 335
380 336
380 337
380 338
380 339
380 340
380 341
380 342
380 343
380 344
380 345
380 346
380 347
380 348
380 349
380 350
380 351
380 352
380 353
380 354
380 355
380 356
380 357
380 358
380 359
380 360
380 361
380 362
380 363
380 364
380 365
380 366
380 367
380 368
380 369
380 370
380 371
380 372
380 373
380 374
380 375
380 376
380 377
380 378
380 379
380 380
380 381
380 382
380 383
380 384
380 385
380 386
380 388
380 389
380 390
380 391
380 392
380 393
380 394
380 395
380 396
380 397
380 398
380 399
380 400
380 401
380 402
380 403
380 404
380 405
380 406
380 407
380 408
380 410
380 412
380 413
380 414
380 415
380 416
380 417
380 418
380 419
380 420
380 421
380 422
380 425
380 426
380 427
380 428
380 429
380 430
380 431
380 432
380 433
380 436
380 437
380 438
380 440
380 444
381 288
381 300
381 310
381 312
381 313
381 314
381 316
381 317
381 318
381 321
381 322
381 323
381 325
381 326
381 327
381 328
381 329
381 330
381 331
381 332
381 333
381 334
381 335
381 336
381 337
381 338
381 339
381 340
381 341
381 342
381 343
381 344
381 345
381 346
381 347
381 348
381 349
381 350
381 351
381 352
381 353
381 354
381 355
381 356
381 357
381 358
381 359
381 360
381 361
381 362
381 363
381 365
381 366
381 367
381 368
381 369
381 370
381 372
381 373
381 374
381 375
381 376
381 377
381 378
381 379
381 380
381 381
381 382
381 383
381 384
381 385
381 386
381 387
381 388
381 389
381 390
381 391
381 392
381 393
381 394
381 395
381 396
381 397
381 398
381 399
381 400
381 401
381 402
381 403
381 404
381 405
381 406
381 408
381 409
381 410
381 411
381 412
381 413
381 414
381 415
381 416
381 417
381 418
381 419
381 420
381 421
381 422
381 423
381 425
381 427
381 430
381 434
381 440
381 441
381 443
381 463
382 300
382 301
382 308
382 310
382 314
382 316
382 318
382 320
382 321
382 322
382 323
382 324
382 325
382 326
382 327
382 328
382 329
382 330
382 332
382 334
382 335
382 336
382 338
382 339
382 340
382 341
382 342
382 343
382 344
382 345
382 346
382 347
382 348
382 349
382 350
382 351
382 352
382 353
382 354
382 355
382 356
382 357
382 358
382 359
382 360
382 361
382 362
382 363
382 364
382 365
382 366
382 367
382 368
382 369
382 370
382 371
382 372
382 373
382 374
382 375
382 376
382 377
382 378
382 379
382 380
382 381
382 382
382 383
382 384
382 385
382 386
382 387
382 388
382 389
382 390
382 391
382 392
382 393
382 394
382 395
382 396
382 397
382 398
382 399
382 400
382 401
382 402
382 403
382 404
382 405
382 406
382 407
382 408
382 409
382 410
382 411
382 412
382 413
382 414
382 415
382 416
382 417
382 418
382 419
382 420
382 422
382 423
382 427
382 428
382 430
382 432
382 434
382 435
382 436
382 437
382 451
383 302
383 304
383 306
383 307
383 308
383 310
383 312
383 313
383 316
383 317
383 319
383 320
383 322
383 323
383 324
383 325
383 326
383 328
383 329
383 332
383 333
383 335
383 336
383 337
383 339
383 340
383 341
383 342
383 343
383 344
383 345
383 346
383 347
383 348
383 349
383 350
383 351
383 352
383 353
383 354
383 355
383 356
383 357
383 358
383 359
383 360
383 361
383 362
383 363
383 364
383 365
383 366
383 367
383 368
383 369
383 370
383 371
383 372
383 374
383 375
383 376
383 377
383 378
383 379
383 380
383 381
383 382
383 383
383 384
383 385
383 386
383 387
383 388
383 389
383 390
383 391
383 392
383 393
383 394
383 395
383 396
383 397
383 398
383 399
383 400
383 401
383 402
383 403
383 404
383 405
383 406
383 407
383 408
383 409
383 410
383 411
383 412
383 414
383 415
383 416
383 417
383 418
383 419
383 420
383 421
383 422
383 423
383 425
383 426
383 428
383 430
383 432
383 433
383 434
383 435
383 436
383 437
383 439
383 440
383 441
383 444
383 448
384 299
384 309
384 313
384 315
384 316
384 317
384 318
384 319
384 321
384 322
384 323
384 324
384 326
384 327
384 329
384 330
384 331
384 332
384 333
384 334
384 335
384 336
384 337
384 339
384 340
384 341
384 343
384 344
384 345
384 347
384 348
384 349
384 350
384 351
384 352
384 353
384 354
384 355
384 356
384 357
384 358
384 359
384 360
384 361
384 362
384 363
384 364
384 365
384 366
384 367
384 368
384 369
384 370
384 371
384 372
384 373
384 374
384 375
384 376
384 377
384 378
384 379
384 380
384 381
384 382
384 383
384 384
384 385
384 386
384 387
384 388
384 389
384 390
384 391
384 392
384 393
384 394
384 395
384 396
384 397
384 398
384 399
384 400
384 401
384 402
384 403
384 405
384 406
384 407
384 408
384 409
384 410
384 411
384 412
384 413
384 414
384 416
384 418
384 420
384 421
384 422
384 423
384 424
384 426
384 428
384 429
384 430
384 431
384 433
384 435
384 440
384 444
384 449
384 454
385 302
385 303
385 304
385 309
385 311
385 314
385 319
385 321
385 322
385 323
385 325
385 326
385 327
385 328
385 329
385 330
385 331
385 332
385 333
385 334
385 335
385 336
385 337
385 338
385 339
385 340
385 341
385 342
385 343
385 344
385 345
385 346
385 347
385 348
385 349
385 350
385 351
385 352
385 353
385 354
385 355
385 356
385 357
385 358
385 359
385 360
385 361
385 362
385 363
385 364
385 365
385 366
385 367
385 368
385 369
385 370
385 371
385 372
385 373
385 374
385 376
385 377
385 378
385 379
385 381
385 382
385 383
385 384
385 385
385 386
385 387
385 388
385 389
385 390
385 391
385 392
385 393
385 394
385 395
385 397
385 398
385 399
385 400
385 401
385 403
385 404
385 405
385 406
385 407
385 408
385 409
385 410
385 411
385 412
385 413
385 414
385 415
385 416
385 417
385 418
385 419
385 420
385 421
385 422
385 423
385 424
385 425
385 427
385 428
385 430
385 432
385 433
385 436
385 442
385 443
385 449
386 305
386 306
386 308
386 311
386 312
386 314
386 316
386 317
386 318
386 320
386 323
386 324
386 325
386 328
386 329
386 331
386 332
386 334
386 335
386 336
386 337
386 338
386 339
386 340
386 341
386 342
386 344
386 345
386 346
386 347
386 348
386 349
386 350
386 351
386 353
386 354
386 355
386 356
386 357
386 358
386 359
386 360
386 361
386 362
386 363
386 364
386 365
386 366
386 367
386 368
386 370
386 371
386 372
386 373
386 374
386 375
386 376
386 377
386 378
386 379
386 380
386 381
386 382
386 383
386 384
386 385
386 386
386 387
386 388
386 389
386 390
386 391
386 392
386 393
386 394
386 395
386 396
386 397
386 398
386 399
386 400
386 401
386 402
386 403
386 404
386 405
386 406
386 407
386 408
386 409
386 411
386 412
386 413
386 414
386 415
386 416
386 418
386 419
386 420
386 421
386 422
386 425
386 426
386 427
386 430
386 432
386 436
386 440
386 444
387 291
387 297
387 308
387 312
387 313
387 314
387 316
387 318
387 319
387 321
387 324
387 326
387 328
387 329
387 330
387 332
387 333
387 334
387 335
387 336
387 338
387 339
387 340
387 341
387 342
387 343
387 344
387 345
387 346
387 347
387 348
387 349
387 350
387 351
387 352
387 353
387 354
387 355
387 356
387 357
387 358
387 359
387 360
387 361
387 362
387 364
387 365
387 366
387 367
387 368
387 369
387 370
387 371
387 372
387 373
387 374
387 375
387 376
387 377
387 378
387 379
387 380
387 381
387 382
387 383
387 384
387 385
387 386
387 387
387 388
387 389
387 390
387 391
387 392
387 393
387 394
387 395
387 396
387 398
387 399
387 400
387 401
387 403
387 404
387 405
387 406
387 407
387 408
387 409
387 410
387 411
387 412
387 414
387 415
387 416
387 417
387 418
387 419
387 421
387 422
387 424
387 425
387 428
387 429
387 430
387 431
387 432
387 435
387 436
387 438
387 441
387 445
387 455
388 290
388 300
388 308
388 312
388 313
388 315
388 316
388 319
388 325
388 326
388 327
388 328
388 330
388 331
388 332
388 333
388 334
388 336
388 337
388 338
388 339
388 341
388 342
388 343
388 344
388 345
388 346
388 348
388 349
388 350
388 351
388 352
388 353
388 354
388 355
388 356
388 357
388 358
388 359
388 360
388 361
388 362
388 363
388 364
388 365
388 366
388 367
388 368
388 369
388 370
388 371
388 373
388 374
388 375
388 376
388 377
388 378
388 379
388 380
388 381
388 382
388 384
388 385
388 386
388 387
388 388
388 389
388 390
388 391
388 392
388 393
388 394
388 396
388 397
388 398
388 399
388 400
388 401
388 402
388 403
388 404
388 405
388 406
388 407
388 408
388 409
388 410
388 411
388 412
388 413
388 414
388 416
388 417
388 418
388 419
388 420
388 421
388 423
388 424
388 425
388 426
388 427
388 428
388 431
388 432
388 433
388 434
388 435
388 438
388 441
388 445
388 453
388 457
388 460
389 302
389 310
389 312
389 314
389 315
389 317
389 318
389 319
389 320
389 322
389 323
389 324
389 325
389 326
389 327
389 328
389 329
389 330
389 331
389 332
389 334
389 336
389 338
389 339
389 340
389 341
389 342
389 343
389 344
389 345
389 346
389 347
389 348
389 349
389 350
389 351
389 352
389 353
389 354
389 355
389 356
389 357
389 358
389 359
389 360
389 361
389 362
389 363
389 364
389 365
389 366
389 367
389 368
389 369
389 370
389 371
389 372
389 373
389 374
389 375
389 376
389 377
389 378
389 379
389 380
389 381
389 382
389 383
389 384
389 385
389 386
389 387
389 388
389 389
389 390
389 391
389 392
389 393
389 394
389 395
389 396
389 397
389 398
389 400
389 401
389 402
389 403
389 404
389 405
389 406
389 407
389 408
389 409
389 410
389 411
389 412
389 413
389 414
389 415
389 416
389 417
389 418
389 419
389 420
389 421
389 423
389 424
389 425
389 426
389 427
389 428
389 429
389 430
389 431
389 432
389 433
389 434
389 435
389 436
389 439
389 441
389 443
390 302
390 306
390 307
390 310
390 311
390 312
390 318
390 321
390 322
390 323
390 325
390 326
390 327
390 329
390 330
390 331
390 332
390 333
390 334
390 335
390 337
390 338
390 339
390 340
390 341
390 342
390 343
390 344
390 345
390 346
390 347
390 348
390 349
390 350
390 351
390 353
390 354
390 355
390 356
390 357
390 358
390 359
390 360
390 361
390 362
390 363
390 364
390 366
390 367
390 368
390 369
390 370
390 371
390 372
390 373
390 374
390 376
390 377
390 378
390 379
390 380
390 381
390 382
390 383
390 384
390 385
390 386
390 387
390 389
390 390
390 391
390 392
390 393
390 394
390 395
390 396
390 397
390 398
390 399
390 400
390 401
390 402
390 404
390 405
390 407
390 408
390 409
390 410
390 411
390 412
390 414
390 416
390 417
390 419
390 420
390 421
390 422
390 426
390 427
390 428
390 429
390 431
390 433
390 434
390 435
390 437
390 438
390 447
390 461
391 289
391 299
391 304
391 305
391 308
391 311
391 312
391 315
391 316
391 318
391 319
391 320
391 322
391 324
391 325
391 327
391 328
391 329
391 331
391 333
391 335
391 336
391 337
391 338
391 339
391 340
391 341
391 342
391 343
391 344
391 345
391 346
391 347
391 348
391 349
391 350
391 351
391 352
391 353
391 354
391 355
391 356
391 357
391 358
391 359
391 361
391 362
391 364
391 365
391 366
391 367
391 369
391 370
391 372
391 373
391 374
391 375
391 376
391 378
391 379
391 380
391 381
391 382
391 383
391 384
391 385
391 386
391 387
391 388
391 389
391 390
391 391
391 392
391 393
391 394
391 395
391 396
391 397
391 398
391 399
391 400
391 401
391 402
391 403
391 404
391 405
391 406
391 407
391 408
391 409
391 410
391 411
391 412
391 413
391 414
391 415
391 416
391 417
391 418
391 419
391 421
391 422
391 424
391 425
391 426
391 427
391 428
391 430
391 431
391 432
391 435
391 436
391 439
391 440
391 471
392 306
392 309
392 314
392 316
392 318
392 320
392 321
392 324
392 326
392 327
392 329
392 330
392 331
392 332
392 333
392 334
392 335
392 336
392 337
392 338
392 339
392 340
392 341
392 342
392 343
392 344
392 345
392 346
392 347
392 348
392 349
392 350
392 351
392 352
392 353
392 354
392 355
392 356
392 357
392 358
392 359
392 360
392 361
392 362
392 363
392 364
392 365
392 366
392 367
392 368
392 369
392 370
392 371
392 372
392 373
392 375
392 376
392 377
392 378
392 379
392 380
392 381
392 382
392 383
392 384
392 386
392 387
392 388
392 389
392 390
392 391
392 392
392 393
392 394
392 395
392 396
392 397
392 398
392 399
392 400
392 401
392 402
392 403
392 404
392 406
392 407
392 408
392 410
392 411
392 412
392 414
392 415
392 416
392 418
392 419
392 421
392 424
392 425
392 426
392 428
392 429
392 430
392 432
392 435
392 440
392 444
392 447
392 452
393 305
393 309
393 311
393 320
393 322
393 324
393 327
393 329
393 330
393 332
393 333
393 334
393 336
393 337
393 338
393 339
393 340
393 341
393 342
393 343
393 344
393 345
393 346
393 347
393 348
393 349
393 350
393 351
393 353
393 354
393 355
393 356
393 357
393 358
393 359
393 360
393 361
393 362
393 363
393 364
393 365
393 366
393 367
393 368
393 369
393 370
393 371
393 372
393 373
393 375
393 376
393 377
393 378
393 380
393 381
393 382
393 383
393 384
393 385
393 386
393 387
393 388
393 389
393 390
393 391
393 392
393 393
393 395
393 396
393 397
393 398
393 400
393 401
393 403
393 404
393 405
393 406
393 408
393 409
393 410
393 413
393 415
393 417
393 418
393 419
393 420
393 421
393 422
393 423
393 424
393 427
393 429
393 432
393 433
393 434
393 439
393 442
393 444
393 446
393 451
393 455
394 297
394 302
394 312
394 317
394 319
394 321
394 323
394 325
394 327
394 328
394 329
394 330
394 331
394 333
394 334
394 335
394 336
394 337
394 338
394 339
394 340
394 341
394 342
394 343
394 345
394 346
394 348
394 349
394 350
394 351
394 352
394 353
394 354
394 355
394 356
394 357
394 358
394 359
394 360
394 361
394 362
394 363
394 365
394 366
394 367
394 368
394 369
394 370
394 372
394 373
394 374
394 375
394 376
394 377
394 378
394 379
394 380
394 381
394 382
394 383
394 384
394 385
394 386
394 387
394 388
394 389
394 390
394 391
394 392
394 393
394 395
394 397
394 398
394 399
394 400
394 401
394 402
394 403
394 404
394 405
394 406
394 407
394 408
394 409
394 411
394 412
394 413
394 414
394 415
394 416
394 417
394 418
394 419
394 421
394 422
394 424
394 425
394 426
394 427
394 428
394 429
394 432
394 433
394 435
394 436
394 437
394 446
394 450
395 293
395 304
395 308
395 309
395 310
395 312
395 314
395 318
395 322
395 323
395 324
395 325
395 326
395 327
395 329
395 330
395 331
395 332
395 333
395 335
395 336
395 337
395 338
395 339
395 340
395 341
395 342
395 343
395 344
395 345
395 346
395 347
395 348
395 350
395 352
395 353
395 354
395 355
395 356
395 357
395 358
395 359
395 360
395 362
395 363
395 364
395 365
395 367
395 368
395 369
395 370
395 371
395 372
395 374
395 375
395 378
395 379
395 380
395 381
395 382
395 383
395 384
395 385
395 387
395 388
395 390
395 391
395 392
395 393
395 394
395 395
395 397
395 398
395 399
395 401
395 402
395 403
395 404
395 405
395 406
395 408
395 409
395 410
395 411
395 415
395 417
395 418
395 419
395 420
395 421
395 422
395 423
395 424
395 425
395 426
395 427
395 430
395 433
395 435
395 440
395 441
395 442
395 445
395 446
395 450
396 290
396 294
396 309
396 311
396 312
396 313
396 314
396 315
396 317
396 318
396 320
396 321
396 323
396 325
396 326
396 331
396 332
396 333
396 334
396 335
396 336
396 337
396 338
396 341
396 342
396 343
396 344
396 346
396 347
396 348
396 349
396 350
396 351
396 352
396 353
396 354
396 355
396 356
396 358
396 359
396 360
396 361
396 362
396 363
396 364
396 365
396 366
396 367
396 368
396 369
396 370
396 371
396 372
396 373
396 374
396 375
396 376
396 377
396 379
396 380
396 381
396 383
396 384
396 385
396 386
396 388
396 389
396 390
396 391
396 392
396 393
396 394
396 395
396 396
396 397
396 398
396 399
396 400
396 401
396 402
396 403
396 404
396 405
396 406
396 407
396 408
396 409
396 410
396 411
396 412
396 413
396 414
396 415
396 416
396 417
396 418
396 421
396 422
396 423
396 424
396 426
396 429
396 430
396 431
396 433
396 434
396 445
396 449
396 451
396 467
397 293
397 305
397 309
397 310
397 313
397 315
397 319
397 320
397 321
397 322
397 323
397 324
397 325
397 327
397 328
397 329
397 331
397 332
397 334
397 335
397 336
397 337
397 338
397 341
397 342
397 343
397 344
397 345
397 346
397 347
397 348
397 349
397 350
397 351
397 352
397 353
397 354
397 355
397 356
397 357
397 358
397 359
397 360
397 361
397 362
397 363
397 366
397 367
397 368
397 370
397 371
397 372
397 373
397 374
397 375
397 376
397 377
397 378
397 379
397 380
397 381
397 382
397 383
397 385
397 386
397 387
397 388
397 389
397 390
397 391
397 392
397 393
397 394
397 395
397 397
397 398
397 399
397 400
397 402
397 403
397 404
397 405
397 406
397 407
397 408
397 409
397 411
397 412
397 414
397 415
397 416
397 417
397 418
397 419
397 420
397 421
397 423
397 424
397 425
397 426
397 427
397 431
397 435
397 447
398 310
398 312
398 314
398 320
398 321
398 322
398 323
398 324
398 325
398 326
398 327
398 328
398 329
398 331
398 332
398 333
398 334
398 336
398 337
398 338
398 340
398 342
398 343
398 344
398 345
398 346
398 347
398 348
398 349
398 350
398 351
398 352
398 353
398 354
398 355
398 356
398 357
398 358
398 359
398 360
398 361
398 362
398 363
398 364
398 365
398 366
398 367
398 368
398 369
398 370
398 371
398 372
398 373
398 374
398 375
398 376
398 377
398 378
398 379
398 380
398 381
398 383
398 384
398 385
398 386
398 388
398 389
398 390
398 391
398 392
398 393
398 394
398 395
398 396
398 397
398 398
398 399
398 401
398 403
398 404
398 405
398 406
398 407
398 408
398 410
398 411
398 412
398 414
398 415
398 417
398 418
398 419
398 422
398 423
398 424
398 426
398 429
398 430
398 433
398 438
398 440
398 448
398 454
398 468
399 303
399 315
399 316
399 317
399 320
399 321
399 322
399 323
399 325
399 326
399 327
399 328
399 329
399 331
399 332
399 333
399 334
399 335
399 336
399 338
399 339
399 340
399 342
399 343
399 344
399 345
399 346
399 347
399 348
399 349
399 350
399 351
399 352
399 353
399 354
399 355
399 356
399 358
399 359
399 361
399 362
399 363
399 364
399 365
399 366
399 367
399 368
399 369
399 370
399 371
399 372
399 373
399 374
399 375
399 376
399 377
399 378
399 379
399 380
399 381
399 382
399 383
399 384
399 386
399 387
399 388
399 389
399 390
399 391
399 393
399 395
399 396
399 397
399 398
399 399
399 400
399 401
399 402
399 403
399 404
399 405
399 406
399 407
399 408
399 409
399 410
399 412
399 413
399 414
399 415
399 416
399 417
399 418
399 420
399 421
399 422
399 423
399 425
399 427
399 432
399 434
399 435
399 439
399 444
399 445
400 288
400 303
400 306
400 311
400 315
400 317
400 321
400 323
400 325
400 327
400 329
400 331
400 332
400 333
400 334
400 336
400 338
400 339
400 340
400 342
400 343
400 344
400 345
400 346
400 347
400 348
400 349
400 350
400 351
400 352
400 353
400 354
400 355
400 356
400 357
400 358
400 359
400 360
400 361
400 362
400 363
400 364
400 365
400 366
400 367
400 369
400 370
400 372
400 374
400 375
400 376
400 377
400 379
400 380
400 382
400 383
400 384
400 385
400 386
400 387
400 388
400 389
400 390
400 391
400 392
400 393
400 394
400 395
400 396
400 397
400 398
400 399
400 400
400 401
400 402
400 404
400 405
400 406
400 407
400 408
400 410
400 413
400 414
400 417
400 422
400 423
400 425
400 427
400 431
400 436
400 438
400 444
400 470
401 302
401 303
401 309
401 312
401 315
401 319
401 325
401 326
401 327
401 329
401 332
401 333
401 334
401 335
401 336
401 337
401 338
401 339
401 340
401 341
401 342
401 343
401 345
401 346
401 347
401 348
401 349
401 350
401 351
401 352
401 353
401 355
401 356
401 357
401 358
401 359
401 360
401 361
401 362
401 364
401 365
401 367
401 368
401 369
401 370
401 371
401 373
401 374
401 376
401 377
401 378
401 379
401 380
401 381
401 382
401 384
401 385
401 386
401 387
401 389
401 390
401 392
401 393
401 395
401 397
401 398
401 399
401 400
401 401
401 402
401 404
401 405
401 406
401 407
401 408
401 409
401 410
401 411
401 412
401 413
401 414
401 416
401 417
401 418
401 419
401 420
401 421
401 422
401 423
401 425
401 426
401 428
401 429
401 432
401 442
401 450
402 311
402 315
402 316
402 317
402 318
402 319
402 320
402 321
402 322
402 327
402 329
402 332
402 335
402 337
402 339
402 340
402 341
402 343
402 344
402 346
402 347
402 349
402 350
402 351
402 352
402 353
402 354
402 355
402 356
402 358
402 359
402 360
402 361
402 362
402 363
402 364
402 365
402 366
402 367
402 368
402 369
402 370
402 371
402 372
402 373
402 374
402 375
402 376
402 377
402 379
402 380
402 381
402 382
402 383
402 384
402 385
402 386
402 387
402 388
402 389
402 390
402 391
402 393
402 394
402 395
402 396
402 397
402 398
402 399
402 400
402 402
402 403
402 404
402 405
402 406
402 407
402 408
402 409
402 410
402 411
402 412
402 414
402 415
402 416
402 417
402 418
402 420
402 422
402 425
402 429
402 431
402 434
403 319
403 321
403 322
403 323
403 324
403 325
403 326
403 328
403 329
403 330
403 332
403 333
403 334
403 335
403 336
403 337
403 338
403 339
403 340
403 342
403 343
403 344
403 345
403 346
403 347
403 348
403 349
403 350
403 351
403 352
403 353
403 354
403 356
403 357
403 359
403 361
403 362
403 363
403 364
403 365
403 366
403 367
403 370
403 371
403 374
403 375
403 376
403 377
403 378
403 380
403 381
403 382
403 383
403 384
403 385
403 386
403 387
403 389
403 390
403 391
403 392
403 393
403 395
403 396
403 398
403 399
403 400
403 401
403 403
403 404
403 405
403 406
403 409
403 412
403 413
403 414
403 416
403 417
403 418
403 420
403 423
403 425
403 426
403 427
403 428
403 430
403 433
403 462
404 305
404 308
404 310
404 317
404 320
404 323
404 327
404 328
404 329
404 332
404 333
404 334
404 335
404 336
404 337
404 338
404 339
404 340
404 341
404 343
404 344
404 345
404 346
404 348
404 349
404 350
404 351
404 353
404 354
404 355
404 356
404 357
404 358
404 359
404 360
404 361
404 362
404 363
404 364
404 365
404 366
404 367
404 368
404 369
404 370
404 371
404 372
404 373
404 374
404 375
404 376
404 377
404 378
404 380
404 381
404 382
404 383
404 384
404 386
404 387
404 388
404 389
404 390
404 393
404 394
404 395
404 396
404 397
404 398
404 399
404 400
404 401
404 402
404 403
404 406
404 407
404 408
404 409
404 410
404 411
404 412
404 413
404 414
404 415
404 416
404 417
404 418
404 419
404 422
404 423
404 429
404 432
404 433
404 444
404 445
405 313
405 314
405 320
405 323
405 324
405 325
405 328
405 329
405 331
405 332
405 333
405 336
405 337
405 340
405 341
405 342
405 343
405 345
405 347
405 348
405 350
405 352
405 353
405 354
405 355
405 356
405 357
405 358
405 359
405 360
405 361
405 362
405 363
405 364
405 365
405 367
405 369
405 370
405 371
405 372
405 373
405 374
405 375
405 376
405 377
405 378
405 379
405 380
405 381
405 382
405 383
405 384
405 385
405 386
405 387
405 389
405 390
405 391
405 392
405 393
405 394
405 396
405 397
405 398
405 399
405 400
405 401
405 402
405 403
405 404
405 405
405 406
405 407
405 408
405 409
405 410
405 411
405 412
405 413
405 415
405 416
405 417
405 418
405 420
405 422
405 423
405 424
405 426
405 427
405 428
405 429
405 430
405 437
405 439
406 275
406 308
406 318
406 319
406 320
406 323
406 324
406 325
406 326
406 327
406 328
406 329
406 330
406 331
406 332
406 333
406 334
406 335
406 336
406 337
406 338
406 339
406 340
406 341
406 342
406 343
406 345
406 346
406 348
406 349
406 350
406 351
406 352
406 353
406 354
406 355
406 356
406 357
406 358
406 360
406 361
406 362
406 363
406 364
406 365
406 366
406 367
406 369
406 371
406 372
406 373
406 374
406 375
406 376
406 377
406 378
406 379
406 380
406 381
406 382
406 384
406 385
406 386
406 387
406 388
406 389
406 390
406 391
406 393
406 394
406 395
406 396
406 398
406 399
406 400
406 401
406 402
406 405
406 406
406 407
406 408
406 409
406 411
406 413
406 414
406 415
406 420
406 422
406 424
406 426
406 433
406 439
406 441
406 447
406 451
407 301
407 303
407 320
407 321
407 322
407 324
407 326
407 328
407 329
407 330
407 333
407 334
407 336
407 337
407 338
407 339
407 340
407 343
407 344
407 346
407 347
407 348
407 349
407 350
407 351
407 352
407 353
407 354
407 355
407 356
407 357
407 358
407 359
407 360
407 361
407 362
407 363
407 364
407 365
407 366
407 367
407 369
407 370
407 371
407 372
407 373
407 374
407 376
407 377
407 378
407 379
407 381
407 382
407 383
407 384
407 385
407 386
407 387
407 388
407 389
407 390
407 393
407 394
407 395
407 397
407 398
407 399
407 400
407 401
407 403
407 404
407 405
407 407
407 408
407 409
407 410
407 411
407 412
407 413
407 414
407 416
407 417
407 418
407 419
407 420
407 421
407 422
407 425
407 426
407 428
407 430
407 432
408 295
408 316
408 318
408 322
408 324
408 325
408 326
408 328
408 329
408 331
408 332
408 335
408 336
408 338
408 339
408 340
408 341
408 342
408 343
408 344
408 345
408 347
408 350
408 351
408 353
408 354
408 355
408 356
408 357
408 358
408 360
408 363
408 364
408 366
408 367
408 368
408 369
408 370
408 371
408 372
408 373
408 374
408 375
408 376
408 377
408 378
408 379
408 380
408 381
408 383
408 384
408 385
408 386
408 387
408 391
408 392
408 393
408 394
408 395
408 396
408 397
408 399
408 400
408 401
408 402
408 403
408 405
408 406
408 408
408 409
408 410
408 411
408 413
408 414
408 415
408 416
408 418
408 419
408 425
408 427
408 431
408 433
408 436
408 443
409 299
409 315
409 321
409 323
409 324
409 326
409 328
409 329
409 330
409 331
409 334
409 335
409 336
409 338
409 340
409 343
409 344
409 346
409 347
409 348
409 349
409 350
409 352
409 353
409 355
409 356
409 357
409 358
409 359
409 360
409 361
409 362
409 363
409 364
409 365
409 366
409 368
409 369
409 370
409 371
409 372
409 374
409 375
409 376
409 377
409 378
409 379
409 381
409 382
409 383
409 384
409 385
409 386
409 387
409 388
409 390
409 391
409 394
409 397
409 398
409 399
409 400
409 401
409 403
409 404
409 405
409 406
409 407
409 408
409 411
409 412
409 414
409 415
409 416
409 417
409 424
409 426
409 428
409 434
409 437
410 300
410 317
410 321
410 325
410 326
410 328
410 330
410 332
410 333
410 335
410 336
410 337
410 338
410 339
410 340
410 341
410 342
410 344
410 345
410 347
410 349
410 350
410 351
410 352
410 353
410 354
410 358
410 359
410 361
410 362
410 365
410 366
410 367
410 368
410 369
410 371
410 372
410 373
410 376
410 377
410 378
410 381
410 382
410 383
410 384
410 386
410 387
410 388
410 389
410 390
410 391
410 392
410 393
410 394
410 397
410 398
410 399
410 400
410 401
410 403
410 404
410 405
410 407
410 408
410 409
410 410
410 411
410 412
410 414
410 416
410 417
410 418
410 419
410 422
410 423
410 424
410 440
410 444
411 316
411 318
411 322
411 328
411 330
411 332
411 333
411 334
411 336
411 338
411 339
411 341
411 343
411 344
411 345
411 346
411 347
411 348
411 349
411 351
411 354
411 356
411 357
411 358
411 359
411 360
411 361
411 362
411 363
411 364
411 365
411 366
411 368
411 369
411 370
411 371
411 372
411 373
411 374
411 375
411 377
411 378
411 380
411 383
411 384
411 385
411 386
411 387
411 388
411 389
411 392
411 395
411 396
411 397
411 398
411 399
411 401
411 402
411 403
411 404
411 405
411 406
411 407
411 410
411 411
411 412
411 414
411 415
411 416
411 417
411 418
411 419
411 420
411 422
411 424
411 426
411 428
411 441
411 442
411 447
412 301
412 318
412 325
412 327
412 329
412 330
412 332
412 334
412 335
412 336
412 337
412 338
412 340
412 341
412 342
412 346
412 347
412 349
412 350
412 351
412 352
412 353
412 354
412 355
412 356
412 357
412 358
412 359
412 360
412 361
412 362
412 363
412 365
412 366
412 367
412 368
412 369
412 370
412 371
412 372
412 375
412 376
412 377
412 378
412 380
412 381
412 382
412 383
412 384
412 385
412 386
412 388
412 389
412 390
412 391
412 392
412 393
412 394
412 395
412 396
412 398
412 399
412 401
412 402
412 405
412 406
412 407
412 409
412 410
412 411
412 412
412 413
412 414
412 415
412 416
412 417
412 418
412 419
412 420
412 422
412 426
412 428
412 432
413 316
413 320
413 324
413 327
413 330
413 335
413 338
413 339
413 340
413 341
413 343
413 344
413 345
413 348
413 349
413 352
413 353
413 355
413 356
413 357
413 359
413 360
413 361
413 362
413 363
413 365
413 366
413 368
413 369
413 370
413 372
413 373
413 374
413 375
413 376
413 378
413 380
413 385
413 386
413 387
413 388
413 389
413 391
413 393
413 394
413 395
413 397
413 399
413 400
413 402
413 403
413 405
413 407
413 408
413 409
413 410
413 411
413 417
413 420
413 421
413 422
414 301
414 302
414 320
414 322
414 330
414 332
414 333
414 335
414 336
414 339
414 341
414 343
414 344
414 345
414 347
414 349
414 353
414 354
414 356
414 359
414 361
414 362
414 363
414 364
414 365
414 366
414 367
414 368
414 370
414 372
414 373
414 374
414 376
414 377
414 378
414 379
414 380
414 381
414 382
414 383
414 384
414 385
414 386
414 388
414 389
414 390
414 391
414 392
414 393
414 397
414 398
414 399
414 400
414 401
414 405
414 407
414 408
414 410
414 411
414 412
414 413
414 414
414 415
414 418
414 419
414 423
414 425
414 428
414 431
415 313
415 314
415 319
415 326
415 328
415 329
415 331
415 333
415 334
415 336
415 337
415 340
415 341
415 342
415 343
415 344
415 345
415 348
415 349
415 351
415 352
415 353
415 354
415 355
415 356
415 357
415 358
415 359
415 360
415 361
415 363
415 364
415 366
415 367
415 368
415 369
415 370
415 371
415 372
415 373
415 374
415 376
415 380
415 381
415 383
415 384
415 385
415 387
415 388
415 390
415 392
415 395
415 396
415 397
415 398
415 401
415 402
415 403
415 404
415 406
415 407
415 411
415 413
415 414
415 416
415 417
415 418
415 419
416 315
416 317
416 319
416 321
416 322
416 324
416 325
416 327
416 328
416 329
416 331
416 334
416 335
416 336
416 339
416 341
416 342
416 344
416 345
416 346
416 347
416 348
416 349
416 350
416 354
416 355
416 356
416 357
416 358
416 359
416 360
416 361
416 362
416 363
416 364
416 365
416 366
416 367
416 369
416 371
416 373
416 374
416 376
416 377
416 378
416 379
416 381
416 382
416 383
416 384
416 385
416 386
416 389
416 390
416 391
416 392
416 393
416 395
416 396
416 399
416 400
416 401
416 402
416 405
416 406
416 409
416 410
416 411
416 412
416 413
417 310
417 315
417 323
417 326
417 328
417 331
417 332
417 338
417 339
417 340
417 341
417 343
417 348
417 350
417 351
417 352
417 353
417 354
417 355
417 356
417 357
417 358
417 361
417 363
417 364
417 366
417 367
417 368
417 369
417 370
417 371
417 372
417 373
417 374
417 375
417 377
417 378
417 379
417 380
417 382
417 383
417 384
417 385
417 387
417 388
417 389
417 390
417 392
417 393
417 394
417 395
417 396
417 397
417 398
417 399
417 401
417 402
417 403
417 404
417 405
417 407
417 410
417 412
417 417
417 419
417 422
417 433
418 321
418 322
418 325
418 326
418 331
418 333
418 334
418 338
418 340
418 343
418 344
418 345
418 347
418 349
418 351
418 353
418 354
418 356
418 357
418 359
418 360
418 362
418 363
418 364
418 365
418 366
418 367
418 368
418 370
418 371
418 373
418 374
418 375
418 376
418 377
418 378
418 379
418 381
418 382
418 383
418 385
418 386
418 388
418 391
418 394
418 395
418 397
418 399
418 400
418 402
418 403
418 404
418 405
418 407
418 410
418 414
418 419
419 315
419 327
419 331
419 332
419 334
419 335
419 337
419 338
419 339
419 342
419 343
419 345
419 346
419 347
419 349
419 350
419 351
419 352
419 354
419 358
419 359
419 360
419 361
419 363
419 365
419 368
419 371
419 372
419 373
419 374
419 376
419 379
419 380
419 382
419 383
419 384
419 385
419 386
419 390
419 393
419 396
419 397
419 399
419 400
419 401
419 404
419 406
419 407
419 408
419 409
419 410
419 412
419 413
419 414
419 418
420 320
420 321
420 325
420 327
420 329
420 331
420 333
420 335
420 341
420 342
420 345
420 346
420 348
420 349
420 350
420 351
420 352
420 354
420 355
420 356
420 359
420 361
420 363
420 364
420 365
420 367
420 368
420 369
420 370
420 371
420 372
420 373
420 374
420 375
420 376
420 377
420 378
420 379
420 380
420 382
420 383
420 385
420 388
420 389
420 390
420 391
420 394
420 395
420 398
420 399
420 400
420 402
420 403
420 404
420 405
420 409
420 410
420 413
420 418
420 442
421 301
421 302
421 310
421 312
421 323
421 336
421 340
421 341
421 344
421 345
421 346
421 352
421 353
421 357
421 358
421 359
421 360
421 361
421 362
421 363
421 364
421 365
421 367
421 368
421 369
421 371
421 372
421 374
421 375
421 377
421 381
421 382
421 383
421 384
421 386
421 388
421 389
421 390
421 394
421 395
421 397
421 399
421 401
421 404
421 407
421 408
421 411
421 415
421 417
421 419
422 319
422 323
422 325
422 334
422 338
422 339
422 340
422 344
422 345
422 347
422 349
422 350
422 351
422 352
422 353
422 354
422 355
422 357
422 359
422 360
422 361
422 362
422 364
422 365
422 366
422 367
422 369
422 371
422 372
422 373
422 374
422 375
422 376
422 377
422 379
422 382
422 386
422 387
422 388
422 389
422 391
422 392
422 396
422 398
422 399
422 400
422 401
422 403
422 405
422 407
422 415
422 427
423 295
423 300
423 335
423 336
423 340
423 342
423 344
423 345
423 348
423 351
423 352
423 355
423 356
423 357
423 358
423 361
423 362
423 363
423 364
423 365
423 367
423 368
423 369
423 371
423 372
423 374
423 376
423 377
423 378
423 380
423 382
423 385
423 387
423 389
423 390
423 394
423 396
423 397
423 400
423 401
423 402
423 403
423 412
423 423
423 426
423 432
424 316
424 324
424 330
424 334
424 338
424 339
424 345
424 347
424 348
424 349
424 350
424 351
424 352
424 353
424 354
424 355
424 357
424 358
424 360
424 361
424 365
424 366
424 369
424 371
424 372
424 373
424 374
424 376
424 378
424 379
424 382
424 383
424 384
424 385
424 388
424 390
424 391
424 393
424 395
424 401
424 403
424 405
424 406
424 407
424 408
424 434
425 330
425 331
425 338
425 339
425 341
425 343
425 346
425 351
425 352
425 354
425 355
425 356
425 357
425 359
425 363
425 364
425 366
425 367
425 369
425 370
425 371
425 374
425 377
425 379
425 380
425 381
425 383
425 385
425 386
425 387
425 388
425 389
425 390
425 391
425 393
425 394
425 395
425 396
425 399
425 401
425 405
425 411
425 414
425 415
425 416
425 417
425 429
425 437
426 310
426 317
426 328
426 332
426 337
426 343
426 344
426 345
426 346
426 347
426 353
426 354
426 358
426 359
426 361
426 362
426 365
426 366
426 367
426 368
426 369
426 370
426 371
426 374
426 375
426 376
426 378
426 379
426 380
426 382
426 388
426 391
426 393
426 396
426 401
426 402
426 407
426 408
426 409
426 411
426 416
426 420
426 422
427 308
427 318
427 328
427 335
427 343
427 345
427 348
427 350
427 352
427 355
427 358
427 361
427 363
427 365
427 366
427 368
427 372
427 373
427 377
427 379
427 381
427 383
427 384
427 385
427 386
427 387
427 389
427 390
427 392
427 393
427 394
427 395
427 396
427 397
427 398
427 399
427 400
427 403
427 404
427 405
427 406
427 410
427 412
427 421
428 320
428 321
428 345
428 348
428 349
428 351
428 352
428 354
428 356
428 358
428 359
428 361
428 363
428 364
428 365
428 366
428 367
428 369
428 370
428 371
428 372
428 375
428 376
428 380
428 383
428 384
428 388
428 391
428 392
428 395
428 399
428 405
428 411
429 330
429 336
429 338
429 343
429 352
429 357
429 365
429 367
429 370
429 373
429 376
429 379
429 380
429 384
429 385
429 386
429 390
429 394
429 397
429 399
429 404
429 405
429 408
429 434
430 305
430 313
430 331
430 333
430 339
430 342
430 351
430 353
430 358
430 360
430 364
430 366
430 370
430 371
430 372
430 373
430 374
430 377
430 378
430 381
430 382
430 388
430 395
430 399
430 401
430 402
430 406
430 414
430 416
430 418
430 422
431 336
431 337
431 338
431 342
431 355
431 357
431 360
431 362
431 364
431 368
431 371
431 372
431 374
431 375
431 376
431 377
431 380
431 384
431 385
431 387
431 391
431 393
431 395
431 397
431 398
431 401
431 405
431 406
431 407
431 408
431 411
431 426
432 322
432 328
432 335
432 338
432 349
432 356
432 362
432 363
432 367
432 368
432 370
432 378
432 379
432 380
432 382
432 383
432 384
432 385
432 386
432 390
432 394
432 396
432 397
432 401
432 414
432 420
432 422
433 331
433 340
433 354
433 357
433 360
433 365
433 366
433 369
433 370
433 372
433 373
433 374
433 377
433 386
433 387
433 390
433 392
433 396
433 402
433 404
433 411
433 429
434 330
434 337
434 355
434 356
434 365
434 367
434 369
434 370
434 371
434 374
434 377
434 380
434 384
434 388
434 390
434 392
434 395
434 403
435 328
435 332
435 341
435 353
435 354
435 364
435 366
435 367
435 368
435 370
435 372
435 373
435 375
435 377
435 379
435 411
435 413
436 308
436 309
436 350
436 360
436 367
436 370
436 374
436 375
436 381
436 385
436 388
436 395
436 397
436 399
436 401
436 402
436 419
437 338
437 341
437 349
437 356
437 362
437 363
437 372
437 374
437 378
437 380
437 381
437 406
438 322
438 358
438 359
438 371
438 377
438 392
438 408
439 346
439 350
439 361
439 364
439 366
439 369
439 370
439 376
439 379
439 389
439 392
439 402
439 410
439 418
440 322
440 337
440 338
440 345
440 368
440 371
440 375
440 376
440 377
440 405
440 415
441 335
441 351
441 366
441 369
441 387
441 393
441 408
442 384
443 317
443 342
444 318
444 365
444 385
445 345
445 378
446 367
447 316
447 366
448 321
448 388
449 349
450 320
455 304
464 358
469 390
