601
213 258
214 252
214 254
214 266
214 277
215 249
215 294
216 275
219 224
219 238
219 255
219 279
220 249
220 270
220 307
221 261
221 272
222 214
222 256
222 264
222 270
223 230
223 233
223 244
223 260
223 266
223 273
223 296
224 255
225 249
225 262
225 268
225 277
225 307
226 217
226 262
226 288
226 300
226 316
227 243
227 247
227 252
227 262
227 265
227 270
227 282
227 301
228 218
228 250
228 252
228 258
228 260
228 261
228 263
228 282
229 217
229 224
229 234
229 255
229 265
229 266
229 274
229 276
229 296
229 302
230 202
230 216
230 217
230 218
230 225
230 239
230 249
230 271
230 284
230 301
230 320
231 210
231 234
231 242
231 247
231 258
231 260
231 270
231 275
231 287
231 295
231 296
231 300
231 304
231 308
232 233
232 246
232 248
232 249
232 257
232 259
232 270
232 289
232 294
232 301
233 212
233 250
233 254
233 264
233 283
233 284
233 297
233 299
233 308
234 213
234 215
234 230
234 240
234 244
234 246
234 247
234 253
234 257
234 259
234 260
234 271
234 278
234 280
234 317
235 228
235 246
235 254
235 259
235 262
235 265
235 273
235 278
235 288
235 292
235 293
235 296
236 214
236 224
236 229
236 240
236 244
236 248
236 249
236 250
236 255
236 256
236 258
236 268
236 276
236 286
236 289
236 292
236 312
237 217
237 218
237 220
237 226
237 249
237 256
237 258
237 261
237 262
237 263
237 269
237 271
237 280
237 282
237 286
237 289
237 292
237 296
237 308
238 224
238 229
238 234
238 237
238 239
238 240
238 242
238 243
238 244
238 245
238 247
238 252
238 256
238 257
238 260
238 262
238 265
238 266
238 270
238 273
238 276
238 279
238 281
238 284
238 286
238 295
238 303
238 306
238 310
239 213
239 229
239 233
239 238
239 241
239 244
239 246
239 254
239 258
239 259
239 262
239 263
239 264
239 269
239 270
239 272
239 274
239 278
239 280
239 281
239 290
239 291
239 297
239 304
239 321
240 225
240 230
240 235
240 236
240 238
240 242
240 243
240 245
240 246
240 250
240 252
240 253
240 254
240 256
240 257
240 258
240 261
240 262
240 270
240 272
240 275
240 281
240 286
240 292
240 294
240 299
240 305
241 212
241 231
241 245
241 250
241 252
241 254
241 255
241 257
241 258
241 267
241 270
241 275
241 277
241 282
241 283
241 284
241 285
241 286
241 290
241 308
241 312
242 229
242 233
242 237
242 244
242 246
242 247
242 249
242 251
242 252
242 254
242 256
242 258
242 261
242 263
242 265
242 266
242 267
242 269
242 271
242 274
242 277
242 278
242 288
242 289
242 294
242 295
242 307
243 218
243 226
243 232
243 233
243 235
243 238
243 240
243 243
243 250
243 252
243 254
243 255
243 259
243 260
243 261
243 262
243 264
243 265
243 268
243 271
243 278
243 286
243 290
243 299
243 302
243 304
243 305
243 307
243 311
243 320
243 321
244 230
244 237
244 238
244 241
244 242
244 243
244 244
244 245
244 246
244 249
244 250
244 251
244 253
244 255
244 257
244 259
244 261
244 262
244 263
244 265
244 266
244 269
244 270
244 279
244 283
244 284
244 286
244 287
244 290
244 292
244 294
244 295
244 301
244 303
244 304
244 317
245 221
245 225
245 226
245 231
245 232
245 240
245 246
245 248
245 252
245 254
245 255
245 257
245 261
245 264
245 268
245 269
245 274
245 275
245 276
245 277
245 279
245 280
245 281
245 283
245 284
245 289
245 291
245 294
245 297
245 298
245 300
245 309
245 311
245 322
245 328
246 221
246 222
246 225
246 231
246 232
246 240
246 241
246 242
246 243
246 245
246 246
246 249
246 250
246 251
246 252
246 254
246 255
246 259
246 260
246 261
246 263
246 265
246 267
246 268
246 270
246 272
246 273
246 274
246 276
246 278
246 283
246 284
246 285
246 288
246 291
246 293
246 295
246 297
246 300
246 301
246 303
246 304
246 307
246 308
246 314
246 317
246 321
246 322
246 327
247 210
247 214
247 219
247 228
247 230
247 233
247 234
247 237
247 238
247 240
247 242
247 244
247 245
247 247
247 248
247 250
247 251
247 252
247 253
247 254
247 256
247 257
247 258
247 259
247 260
247 261
247 271
247 272
247 273
247 274
247 275
247 277
247 278
247 280
247 281
247 283
247 284
247 288
247 291
247 292
247 294
247 298
247 300
247 303
247 308
247 311
247 319
247 324
248 205
248 209
248 219
248 221
248 230
248 231
248 235
248 236
248 237
248 242
248 246
248 247
248 248
248 251
248 252
248 253
248 256
248 260
248 264
248 267
248 269
248 270
248 271
248 273
248 274
248 276
248 282
248 283
248 286
248 290
248 292
248 293
248 306
248 308
248 309
248 311
248 317
248 327
249 210
249 214
249 217
249 218
249 220
249 223
249 228
249 234
249 238
249 240
249 241
249 243
249 247
249 248
249 249
249 250
249 252
249 254
249 255
249 256
249 257
249 258
249 259
249 261
249 265
249 269
249 272
249 273
249 274
249 277
249 279
249 280
249 281
249 282
249 283
249 285
249 289
249 291
249 293
249 296
249 300
249 303
249 306
249 313
250 206
250 211
250 216
250 218
250 225
250 226
250 229
250 230
250 231
250 236
250 237
250 240
250 244
250 245
250 249
250 253
250 255
250 257
250 258
250 259
250 263
250 264
250 265
250 266
250 267
250 268
250 269
250 272
250 275
250 277
250 279
250 283
250 287
250 289
250 298
250 301
250 302
250 306
250 308
250 310
250 312
250 314
250 315
250 319
250 321
250 323
251 210
251 216
251 219
251 221
251 222
251 231
251 234
251 237
251 238
251 239
251 242
251 244
251 246
251 250
251 251
251 252
251 253
251 254
251 257
251 259
251 260
251 262
251 263
251 264
251 265
251 266
251 267
251 268
251 269
251 271
251 276
251 278
251 279
251 282
251 284
251 285
251 291
251 296
251 298
251 299
251 304
251 306
251 307
251 308
251 312
251 316
251 317
251 320
251 321
251 322
251 323
251 327
251 329
252 206
252 215
252 218
252 223
252 227
252 229
252 231
252 232
252 233
252 236
252 239
252 240
252 241
252 244
252 247
252 250
252 253
252 256
252 258
252 260
252 261
252 262
252 263
252 264
252 267
252 268
252 273
252 274
252 275
252 276
252 277
252 278
252 282
252 287
252 288
252 294
252 298
252 299
252 301
252 303
252 306
252 307
252 310
252 312
252 320
253 202
253 208
253 216
253 226
253 229
253 230
253 231
253 233
253 237
253 240
253 241
253 243
253 244
253 246
253 247
253 248
253 249
253 252
253 253
253 254
253 256
253 257
253 260
253 262
253 264
253 265
253 266
253 269
253 272
253 273
253 278
253 279
253 284
253 286
253 291
253 294
253 296
253 301
253 308
253 311
253 312
253 315
253 335
253 336
253 352
254 202
254 213
254 216
254 217
254 218
254 221
254 228
254 231
254 234
254 236
254 237
254 238
254 239
254 240
254 241
254 245
254 246
254 248
254 249
254 250
254 251
254 252
254 253
254 254
254 256
254 257
254 259
254 262
254 263
254 264
254 265
254 266
254 267
254 268
254 269
254 272
254 273
254 274
254 276
254 277
254 280
254 282
254 285
254 286
254 287
254 288
254 289
254 290
254 292
254 294
254 295
254 297
254 300
254 301
254 304
254 309
254 310
254 312
254 313
254 315
254 316
254 318
254 320
254 328
254 330
255 218
255 225
255 226
255 230
255 231
255 232
255 238
255 241
255 243
255 247
255 249
255 250
255 251
255 254
255 256
255 258
255 259
255 260
255 261
255 264
255 265
255 266
255 267
255 268
255 272
255 273
255 275
255 276
255 277
255 278
255 281
255 282
255 283
255 284
255 287
255 289
255 291
255 292
255 293
255 294
255 295
255 299
255 300
255 302
255 303
255 305
255 311
255 312
255 318
255 321
255 324
255 328
256 207
256 208
256 212
256 215
256 216
256 218
256 222
256 230
256 234
256 235
256 236
256 238
256 239
256 241
256 242
256 244
256 245
256 246
256 248
256 249
256 251
256 252
256 253
256 254
256 255
256 256
256 257
256 264
256 268
256 269
256 272
256 274
256 278
256 280
256 283
256 286
256 287
256 290
256 292
256 293
256 295
256 298
256 301
256 306
256 307
256 309
256 314
256 317
256 333
257 215
257 216
257 218
257 219
257 220
257 224
257 226
257 227
257 228
257 229
257 231
257 237
257 241
257 242
257 244
257 247
257 248
257 250
257 252
257 253
257 254
257 255
257 256
257 257
257 258
257 259
257 260
257 261
257 262
257 265
257 266
257 267
257 268
257 270
257 271
257 272
257 273
257 276
257 278
257 280
257 281
257 282
257 285
257 287
257 291
257 295
257 296
257 298
257 299
257 305
257 306
257 308
257 311
257 313
257 316
257 320
257 322
257 336
258 193
258 201
258 203
258 213
258 215
258 217
258 219
258 221
258 222
258 224
258 226
258 228
258 231
258 233
258 234
258 235
258 236
258 237
258 239
258 240
258 245
258 246
258 247
258 249
258 250
258 253
258 254
258 255
258 256
258 258
258 260
258 262
258 263
258 265
258 266
258 269
258 271
258 276
258 277
258 278
258 281
258 283
258 284
258 285
258 286
258 289
258 290
258 293
258 295
258 300
258 305
258 307
258 309
258 313
258 316
258 318
258 319
258 321
258 325
258 327
258 330
258 331
259 194
259 209
259 210
259 213
259 215
259 216
259 218
259 220
259 222
259 223
259 224
259 225
259 226
259 227
259 228
259 229
259 233
259 234
259 237
259 238
259 239
259 242
259 243
259 244
259 245
259 247
259 254
259 256
259 257
259 258
259 261
259 263
259 264
259 266
259 267
259 270
259 271
259 273
259 274
259 275
259 276
259 280
259 281
259 284
259 287
259 288
259 291
259 294
259 295
259 299
259 300
259 303
259 305
259 307
259 312
259 317
259 319
259 322
259 324
259 325
259 334
259 336
260 202
260 207
260 211
260 212
260 215
260 217
260 220
260 223
260 224
260 227
260 229
260 233
260 234
260 235
260 236
260 237
260 239
260 240
260 241
260 243
260 245
260 246
260 247
260 248
260 249
260 253
260 254
260 255
260 256
260 258
260 259
260 260
260 261
260 262
260 266
260 267
260 268
260 270
260 274
260 275
260 276
260 277
260 279
260 281
260 283
260 284
260 285
260 286
260 288
260 290
260 294
260 297
260 298
260 299
260 301
260 302
260 304
260 307
260 308
260 309
260 312
260 315
260 316
260 317
260 319
260 322
260 325
260 330
260 339
260 344
261 192
261 212
261 214
261 217
261 218
261 223
261 230
261 234
261 236
261 238
261 240
261 241
261 243
261 245
261 246
261 247
261 249
261 250
261 251
261 252
261 253
261 254
261 255
261 256
261 258
261 260
261 261
261 262
261 264
261 265
261 266
261 269
261 270
261 271
261 272
261 273
261 274
261 275
261 276
261 278
261 279
261 282
261 283
261 284
261 285
261 287
261 289
261 290
261 291
261 292
261 293
261 297
261 298
261 299
261 302
261 303
261 308
261 313
261 315
261 316
261 320
261 321
261 323
261 324
261 329
261 330
261 344
262 214
262 217
262 218
262 222
262 223
262 224
262 225
262 226
262 227
262 228
262 229
262 230
262 231
262 232
262 233
262 236
262 238
262 239
262 243
262 247
262 248
262 249
262 250
262 251
262 252
262 253
262 255
262 256
262 257
262 258
262 260
262 263
262 265
262 267
262 268
262 269
262 270
262 272
262 273
262 274
262 276
262 277
262 278
262 282
262 283
262 284
262 285
262 286
262 288
262 289
262 290
262 292
262 293
262 296
262 297
262 298
262 299
262 302
262 305
262 306
262 307
262 308
262 316
262 319
262 320
262 323
262 325
262 326
262 328
262 336
262 340
262 345
262 352
263 195
263 197
263 200
263 202
263 212
263 214
263 215
263 219
263 221
263 225
263 226
263 228
263 230
263 231
263 232
263 234
263 237
263 238
263 239
263 240
263 241
263 242
263 243
263 244
263 245
263 248
263 252
263 254
263 256
263 258
263 260
263 261
263 262
263 264
263 265
263 267
263 268
263 269
263 270
263 271
263 272
263 273
263 274
263 275
263 280
263 281
263 282
263 283
263 284
263 285
263 288
263 289
263 291
263 293
263 295
263 297
263 298
263 299
263 300
263 301
263 302
263 303
263 304
263 308
263 312
263 313
263 314
263 315
263 317
263 318
263 320
263 321
263 322
263 323
263 329
263 334
264 205
264 211
264 213
264 219
264 221
264 222
264 223
264 224
264 225
264 226
264 228
264 229
264 230
264 232
264 234
264 235
264 236
264 237
264 239
264 245
264 248
264 249
264 250
264 251
264 252
264 254
264 255
264 256
264 257
264 259
264 260
264 261
264 262
264 263
264 264
264 265
264 266
264 267
264 269
264 271
264 272
264 273
264 274
264 275
264 277
264 278
264 279
264 280
264 282
264 283
264 284
264 286
264 288
264 292
264 293
264 294
264 295
264 296
264 297
264 299
264 302
264 307
264 309
264 317
264 319
264 322
264 329
264 332
264 347
265 188
265 192
265 200
265 201
265 204
265 213
265 220
265 222
265 223
265 224
265 227
265 228
265 230
265 231
265 232
265 234
265 235
265 236
265 238
265 239
265 240
265 243
265 245
265 246
265 247
265 248
265 249
265 251
265 252
265 253
265 254
265 257
265 258
265 259
265 260
265 261
265 262
265 263
265 265
265 266
265 268
265 271
265 272
265 273
265 274
265 275
265 277
265 278
265 279
265 281
265 282
265 284
265 285
265 287
265 288
265 290
265 291
265 292
265 293
265 295
265 296
265 298
265 299
265 300
265 302
265 303
265 305
265 306
265 308
265 309
265 310
265 314
265 315
265 317
265 320
265 322
265 323
265 324
265 326
265 329
265 335
265 336
265 338
266 202
266 207
266 208
266 210
266 222
266 223
266 227
266 228
266 230
266 233
266 238
266 241
266 243
266 244
266 245
266 247
266 249
266 251
266 253
266 256
266 257
266 258
266 259
266 260
266 261
266 262
266 263
266 264
266 267
266 268
266 269
266 270
266 271
266 272
266 273
266 274
266 275
266 276
266 277
266 278
266 279
266 280
266 281
266 282
266 284
266 285
266 286
266 287
266 288
266 289
266 292
266 293
266 294
266 295
266 299
266 302
266 304
266 305
266 306
266 307
266 308
266 310
266 311
266 312
266 314
266 317
266 319
266 324
266 325
266 326
266 328
266 333
266 348
267 183
267 202
267 205
267 206
267 207
267 208
267 213
267 219
267 221
267 224
267 225
267 229
267 233
267 234
267 235
267 236
267 237
267 239
267 240
267 241
267 244
267 246
267 249
267 251
267 253
267 255
267 256
267 257
267 259
267 260
267 261
267 262
267 263
267 264
267 265
267 267
267 268
267 269
267 270
267 271
267 272
267 273
267 275
267 276
267 278
267 279
267 280
267 281
267 282
267 283
267 284
267 286
267 287
267 288
267 289
267 290
267 293
267 295
267 297
267 298
267 299
267 301
267 302
267 303
267 305
267 307
267 310
267 311
267 313
267 314
267 315
267 319
267 320
267 322
267 323
267 325
267 326
267 328
267 329
267 330
267 331
267 332
267 334
267 338
267 343
268 191
268 195
268 203
268 204
268 205
268 213
268 214
268 216
268 217
268 222
268 224
268 227
268 228
268 229
268 230
268 232
268 233
268 236
268 237
268 238
268 243
268 244
268 245
268 246
268 247
268 248
268 249
268 252
268 253
268 254
268 255
268 258
268 259
268 260
268 261
268 262
268 263
268 264
268 265
268 266
268 267
268 269
268 270
268 271
268 272
268 273
268 274
268 276
268 277
268 279
268 280
268 281
268 282
268 283
268 284
268 285
268 286
268 287
268 288
268 291
268 292
268 294
268 296
268 297
268 299
268 300
268 301
268 302
268 303
268 305
268 306
268 308
268 310
268 312
268 313
268 314
268 316
268 317
268 319
268 324
268 334
268 343
269 195
269 198
269 207
269 209
269 212
269 213
269 223
269 224
269 227
269 229
269 230
269 233
269 235
269 239
269 241
269 243
269 246
269 248
269 250
269 251
269 252
269 254
269 256
269 257
269 258
269 259
269 260
269 262
269 263
269 264
269 267
269 269
269 271
269 272
269 273
269 275
269 276
269 278
269 279
269 280
269 281
269 282
269 285
269 286
269 287
269 288
269 290
269 292
269 293
269 294
269 295
269 296
269 298
269 299
269 300
269 301
269 302
269 304
269 307
269 310
269 313
269 314
269 316
269 317
269 318
269 320
269 322
269 326
269 327
269 330
269 333
269 337
269 340
270 191
270 192
270 200
270 201
270 215
270 216
270 218
270 219
270 220
270 222
270 223
270 224
270 226
270 230
270 232
270 233
270 236
270 237
270 238
270 239
270 241
270 242
270 244
270 245
270 246
270 248
270 249
270 250
270 252
270 254
270 256
270 257
270 258
270 259
270 260
270 261
270 262
270 263
270 264
270 265
270 266
270 267
270 268
270 269
270 270
270 271
270 272
270 274
270 275
270 276
270 277
270 278
270 279
270 280
270 281
270 282
270 284
270 285
270 286
270 287
270 288
270 289
270 290
270 291
270 294
270 297
270 298
270 299
270 300
270 301
270 302
270 304
270 305
270 306
270 308
270 309
270 311
270 312
270 313
270 316
270 317
270 319
270 320
270 323
270 324
270 325
270 327
270 328
270 331
270 332
270 333
270 334
270 345
270 347
271 191
271 203
271 204
271 207
271 208
271 209
271 213
271 218
271 220
271 224
271 226
271 227
271 228
271 229
271 230
271 232
271 234
271 235
271 236
271 237
271 239
271 243
271 244
271 246
271 247
271 248
271 249
271 250
271 251
271 252
271 253
271 255
271 256
271 257
271 258
271 259
271 260
271 261
271 262
271 263
271 264
271 265
271 266
271 267
271 268
271 269
271 270
271 271
271 273
271 274
271 275
271 276
271 277
271 278
271 279
271 280
271 281
271 282
271 283
271 284
271 286
271 287
271 288
271 290
271 293
271 298
271 300
271 301
271 302
271 303
271 307
271 310
271 312
271 313
271 314
271 315
271 317
271 319
271 320
271 322
271 323
271 324
271 326
271 329
271 332
271 334
271 337
272 201
272 209
272 210
272 212
272 216
272 218
272 220
272 222
272 223
272 229
272 230
272 232
272 234
272 236
272 239
272 240
272 241
272 243
272 246
272 248
272 249
272 252
272 254
272 255
272 256
272 257
272 258
272 259
272 260
272 261
272 262
272 263
272 264
272 265
272 266
272 267
272 268
272 269
272 273
272 274
272 275
272 276
272 277
272 278
272 279
272 280
272 281
272 282
272 283
272 284
272 285
272 287
272 288
272 289
272 290
272 291
272 292
272 293
272 294
272 295
272 296
272 297
272 298
272 299
272 300
272 301
272 302
272 303
272 304
272 305
272 307
272 310
272 311
272 313
272 314
272 315
272 316
272 317
272 318
272 320
272 323
272 326
272 338
272 342
272 344
273 212
273 215
273 221
273 224
273 226
273 227
273 228
273 229
273 230
273 231
273 232
273 234
273 235
273 236
273 237
273 238
273 239
273 240
273 241
273 243
273 244
273 245
273 246
273 247
273 249
273 250
273 251
273 253
273 254
273 255
273 256
273 257
273 258
273 259
273 260
273 261
273 262
273 263
273 264
273 265
273 266
273 267
273 268
273 269
273 270
273 271
273 272
273 273
273 274
273 275
273 276
273 277
273 278
273 279
273 280
273 281
273 282
273 283
273 284
273 285
273 286
273 287
273 288
273 290
273 291
273 292
273 293
273 294
273 295
273 296
273 297
273 299
273 300
273 301
273 302
273 303
273 304
273 306
273 309
273 310
273 311
273 312
273 315
273 317
273 319
273 321
273 322
273 324
273 325
273 328
273 330
273 332
273 338
274 187
274 193
274 200
274 201
274 202
274 204
274 205
274 207
274 208
274 210
274 212
274 213
274 215
274 218
274 220
274 224
274 226
274 228
274 229
274 231
274 233
274 234
274 236
274 237
274 238
274 239
274 240
274 242
274 243
274 245
274 246
274 247
274 248
274 250
274 253
274 254
274 255
274 256
274 257
274 258
274 259
274 260
274 261
274 262
274 263
274 264
274 265
274 266
274 267
274 268
274 269
274 270
274 273
274 274
274 275
274 276
274 277
274 278
274 279
274 280
274 282
274 283
274 284
274 285
274 286
274 287
274 288
274 289
274 290
274 291
274 292
274 293
274 295
274 296
274 297
274 300
274 301
274 302
274 303
274 304
274 305
274 307
274 308
274 309
274 310
274 311
274 313
274 314
274 315
274 317
274 319
274 320
274 322
274 323
274 327
274 328
274 330
274 331
274 337
274 347
274 350
275 195
275 199
275 203
275 205
275 208
275 209
275 212
275 214
275 215
275 220
275 222
275 223
275 224
275 225
275 226
275 228
275 230
275 231
275 232
275 233
275 236
275 238
275 239
275 240
275 242
275 243
275 244
275 245
275 246
275 247
275 248
275 249
275 250
275 251
275 252
275 253
275 254
275 255
275 256
275 258
275 259
275 260
275 261
275 262
275 264
275 265
275 266
275 267
275 270
275 272
275 273
275 274
275 275
275 276
275 277
275 278
275 279
275 282
275 283
275 284
275 285
275 286
275 287
275 292
275 293
275 294
275 295
275 296
275 297
275 298
275 301
275 302
275 304
275 305
275 306
275 308
275 310
275 311
275 313
275 314
275 317
275 318
275 319
275 320
275 321
275 324
275 325
275 327
275 333
275 337
275 349
276 184
276 197
276 198
276 199
276 206
276 210
276 214
276 215
276 216
276 219
276 220
276 221
276 222
276 223
276 224
276 225
276 226
276 227
276 228
276 229
276 234
276 238
276 239
276 240
276 241
276 242
276 243
276 244
276 245
276 246
276 247
276 248
276 249
276 250
276 251
276 252
276 253
276 254
276 255
276 256
276 259
276 260
276 261
276 262
276 263
276 264
276 265
276 266
276 267
276 269
276 271
276 272
276 273
276 274
276 275
276 276
276 277
276 278
276 279
276 280
276 281
276 282
276 283
276 284
276 285
276 287
276 288
276 291
276 292
276 294
276 295
276 296
276 297
276 298
276 300
276 301
276 302
276 303
276 304
276 305
276 306
276 309
276 310
276 311
276 313
276 315
276 316
276 317
276 319
276 321
276 325
276 326
276 327
276 329
276 333
276 335
276 346
276 357
277 170
277 188
277 194
277 196
277 199
277 203
277 211
277 212
277 215
277 217
277 220
277 221
277 225
277 226
277 228
277 230
277 231
277 232
277 233
277 234
277 235
277 236
277 237
277 239
277 241
277 243
277 244
277 245
277 246
277 247
277 248
277 249
277 250
277 251
277 253
277 255
277 256
277 259
277 260
277 261
277 262
277 263
277 264
277 265
277 266
277 267
277 268
277 269
277 272
277 273
277 274
277 275
277 276
277 277
277 278
277 279
277 280
277 281
277 282
277 283
277 284
277 285
277 287
277 288
277 289
277 290
277 292
277 293
277 295
277 296
277 300
277 301
277 302
277 303
277 304
277 305
277 306
277 307
277 308
277 311
277 312
277 313
277 314
277 315
277 316
277 318
277 320
277 324
277 325
277 328
277 329
277 330
277 331
277 335
277 336
277 364
278 195
278 200
278 205
278 206
278 208
278 210
278 211
278 212
278 213
278 214
278 216
278 217
278 218
278 219
278 220
278 222
278 223
278 224
278 227
278 229
278 230
278 234
278 235
278 238
278 239
278 240
278 241
278 243
278 244
278 245
278 246
278 247
278 248
278 249
278 250
278 252
278 253
278 254
278 255
278 256
278 257
278 258
278 259
278 260
278 261
278 262
278 263
278 264
278 265
278 266
278 267
278 268
278 269
278 271
278 272
278 273
278 274
278 275
278 276
278 277
278 278
278 279
278 280
278 281
278 282
278 283
278 284
278 285
278 286
278 287
278 288
278 292
278 293
278 294
278 295
278 296
278 297
278 300
278 301
278 302
278 306
278 307
278 309
278 310
278 311
278 312
278 314
278 316
278 319
278 321
278 322
278 324
278 325
278 332
278 333
278 334
278 337
278 359
279 186
279 196
279 198
279 203
279 208
279 210
279 212
279 213
279 215
279 218
279 219
279 224
279 227
279 230
279 231
279 233
279 237
279 238
279 239
279 240
279 241
279 244
279 245
279 246
279 247
279 248
279 249
279 250
279 251
279 252
279 253
279 255
279 256
279 257
279 258
279 259
279 260
279 261
279 262
279 263
279 266
279 267
279 268
279 269
279 270
279 271
279 272
279 273
279 274
279 276
279 277
279 278
279 279
279 280
279 281
279 282
279 283
279 284
279 285
279 286
279 287
279 288
279 291
279 293
279 294
279 295
279 296
279 298
279 301
279 302
279 303
279 304
279 305
279 306
279 307
279 308
279 310
279 311
279 314
279 318
279 319
279 320
279 321
279 324
279 331
279 332
279 337
279 338
279 342
279 343
279 347
280 183
280 195
280 200
280 201
280 202
280 206
280 207
280 208
280 209
280 210
280 213
280 215
280 218
280 219
280 222
280 224
280 226
280 227
280 228
280 229
280 231
280 232
280 233
280 235
280 236
280 239
280 240
280 241
280 242
280 243
280 244
280 245
280 246
280 248
280 249
280 250
280 251
280 252
280 253
280 254
280 255
280 256
280 257
280 258
280 259
280 260
280 261
280 262
280 263
280 265
280 266
280 267
280 268
280 269
280 270
280 271
280 272
280 273
280 274
280 277
280 278
280 279
280 280
280 281
280 282
280 283
280 284
280 285
280 286
280 287
280 289
280 290
280 291
280 292
280 294
280 295
280 296
280 297
280 298
280 299
280 300
280 301
280 302
280 303
280 307
280 308
280 311
280 312
280 313
280 314
280 315
280 317
280 318
280 319
280 321
280 323
280 326
280 327
280 330
280 335
280 337
280 338
280 341
280 343
280 345
280 361
281 169
281 198
281 199
281 204
281 210
281 211
281 212
281 215
281 217
281 219
281 220
281 222
281 224
281 226
281 229
281 230
281 232
281 234
281 235
281 236
281 238
281 239
281 240
281 241
281 242
281 243
281 244
281 245
281 248
281 249
281 250
281 251
281 252
281 253
281 254
281 255
281 256
281 257
281 258
281 259
281 260
281 261
281 262
281 263
281 266
281 267
281 268
281 269
281 271
281 272
281 273
281 274
281 275
281 276
281 277
281 278
281 279
281 280
281 281
281 282
281 283
281 284
281 285
281 286
281 287
281 289
281 290
281 292
281 295
281 297
281 298
281 299
281 300
281 301
281 302
281 303
281 304
281 305
281 306
281 307
281 309
281 310
281 313
281 314
281 315
281 317
281 318
281 324
281 329
281 330
281 333
281 334
281 336
281 341
281 343
281 349
281 361
281 362
282 202
282 203
282 204
282 206
282 211
282 212
282 213
282 217
282 218
282 219
282 220
282 222
282 223
282 224
282 225
282 226
282 228
282 229
282 230
282 232
282 234
282 235
282 236
282 237
282 239
282 240
282 242
282 243
282 244
282 245
282 246
282 248
282 249
282 250
282 251
282 252
282 253
282 254
282 255
282 256
282 257
282 258
282 259
282 260
282 261
282 262
282 263
282 264
282 266
282 267
282 268
282 269
282 271
282 272
282 273
282 274
282 275
282 276
282 277
282 278
282 279
282 280
282 281
282 282
282 283
282 284
282 285
282 286
282 287
282 288
282 291
282 292
282 293
282 294
282 295
282 296
282 297
282 300
282 301
282 304
282 306
282 307
282 310
282 311
282 312
282 313
282 319
282 321
282 323
282 324
282 326
282 328
282 330
282 331
282 333
282 336
282 338
282 339
282 342
282 343
283 204
283 206
283 211
283 213
283 215
283 216
283 218
283 219
283 222
283 224
283 225
283 226
283 228
283 229
283 234
283 235
283 236
283 237
283 238
283 239
283 240
283 242
283 243
283 244
283 246
283 247
283 248
283 249
283 250
283 251
283 252
283 253
283 254
283 255
283 256
283 257
283 258
283 259
283 260
283 261
283 262
283 263
283 265
283 266
283 267
283 268
283 269
283 270
283 272
283 273
283 274
283 275
283 276
283 277
283 278
283 279
283 280
283 281
283 282
283 283
283 284
283 285
283 286
283 287
283 288
283 289
283 290
283 291
283 292
283 293
283 294
283 295
283 296
283 297
283 300
283 301
283 303
283 304
283 306
283 307
283 308
283 311
283 312
283 313
283 314
283 315
283 317
283 318
283 319
283 321
283 325
283 326
283 332
283 333
283 334
283 335
283 337
283 341
284 173
284 175
284 192
284 197
284 200
284 201
284 202
284 204
284 205
284 206
284 207
284 210
284 211
284 212
284 213
284 214
284 216
284 222
284 223
284 224
284 225
284 227
284 229
284 230
284 231
284 232
284 233
284 234
284 235
284 236
284 237
284 238
284 239
284 240
284 241
284 242
284 246
284 247
284 249
284 250
284 251
284 252
284 253
284 254
284 255
284 256
284 257
284 258
284 259
284 260
284 261
284 262
284 263
284 264
284 265
284 266
284 267
284 268
284 269
284 270
284 271
284 272
284 273
284 274
284 275
284 277
284 278
284 279
284 280
284 281
284 282
284 283
284 284
284 285
284 286
284 287
284 288
284 289
284 290
284 291
284 292
284 293
284 294
284 295
284 296
284 297
284 298
284 299
284 300
284 301
284 302
284 303
284 304
284 305
284 306
284 307
284 308
284 310
284 311
284 312
284 314
284 315
284 316
284 317
284 320
284 321
284 322
284 324
284 327
284 329
284 331
284 336
284 344
285 210
285 211
285 213
285 214
285 215
285 216
285 218
285 219
285 221
285 222
285 223
285 224
285 225
285 226
285 231
285 232
285 233
285 234
285 235
285 236
285 239
285 240
285 241
285 242
285 244
285 245
285 246
285 247
285 248
285 249
285 250
285 251
285 252
285 253
285 254
285 255
285 256
285 257
285 258
285 259
285 260
285 261
285 262
285 263
285 264
285 266
285 267
285 269
285 270
285 271
285 272
285 273
285 276
285 278
285 279
285 280
285 281
285 282
285 283
285 284
285 285
285 286
285 287
285 288
285 289
285 290
285 291
285 292
285 293
285 294
285 295
285 296
285 297
285 298
285 300
285 301
285 302
285 304
285 305
285 306
285 307
285 308
285 309
285 310
285 311
285 314
285 315
285 317
285 318
285 321
285 322
285 323
285 325
285 326
285 328
285 330
285 333
285 335
285 337
285 342
285 343
285 346
286 173
286 195
286 198
286 205
286 206
286 207
286 208
286 209
286 213
286 218
286 222
286 224
286 225
286 228
286 229
286 230
286 231
286 232
286 233
286 234
286 235
286 236
286 238
286 239
286 240
286 241
286 242
286 243
286 244
286 245
286 246
286 247
286 248
286 249
286 250
286 251
286 252
286 253
286 254
286 255
286 256
286 257
286 258
286 259
286 260
286 261
286 262
286 263
286 264
286 265
286 269
286 270
286 271
286 272
286 273
286 275
286 276
286 277
286 278
286 279
286 280
286 281
286 284
286 285
286 286
286 287
286 288
286 290
286 292
286 293
286 294
286 295
286 296
286 297
286 298
286 299
286 302
286 303
286 306
286 307
286 308
286 309
286 310
286 311
286 312
286 313
286 314
286 316
286 318
286 319
286 320
286 321
286 322
286 324
286 330
286 333
286 338
286 342
287 191
287 201
287 206
287 208
287 210
287 211
287 212
287 213
287 216
287 217
287 220
287 221
287 222
287 223
287 224
287 227
287 228
287 229
287 232
287 233
287 234
287 235
287 236
287 237
287 238
287 239
287 240
287 241
287 242
287 243
287 244
287 245
287 246
287 247
287 249
287 250
287 251
287 252
287 254
287 255
287 256
287 257
287 258
287 259
287 260
287 261
287 262
287 263
287 264
287 265
287 266
287 267
287 268
287 269
287 270
287 272
287 273
287 274
287 275
287 276
287 277
287 278
287 279
287 280
287 281
287 282
287 283
287 284
287 285
287 286
287 287
287 288
287 290
287 292
287 293
287 294
287 295
287 296
287 297
287 298
287 300
287 304
287 305
287 307
287 308
287 309
287 310
287 312
287 315
287 316
287 318
287 319
287 320
287 322
287 324
287 325
287 326
287 327
287 329
287 330
287 335
287 336
287 341
287 343
287 349
288 202
288 203
288 204
288 207
288 209
288 211
288 212
288 214
288 215
288 216
288 217
288 221
288 225
288 226
288 227
288 228
288 229
288 230
288 231
288 233
288 234
288 235
288 236
288 237
288 238
288 239
288 240
288 241
288 242
288 243
288 244
288 245
288 247
288 248
288 249
288 250
288 251
288 252
288 255
288 256
288 257
288 258
288 259
288 260
288 261
288 262
288 263
288 264
288 265
288 266
288 267
288 268
288 269
288 270
288 272
288 273
288 274
288 275
288 276
288 277
288 278
288 279
288 280
288 281
288 282
288 283
288 284
288 285
288 286
288 287
288 288
288 289
288 291
288 292
288 293
288 294
288 295
288 296
288 297
288 298
288 300
288 301
288 302
288 303
288 304
288 305
288 306
288 307
288 308
288 309
288 311
288 312
288 313
288 314
288 317
288 318
288 319
288 320
288 321
288 322
288 323
288 331
288 332
288 336
288 341
288 348
289 189
289 190
289 196
289 199
289 202
289 205
289 207
289 211
289 213
289 216
289 218
289 219
289 221
289 222
289 223
289 226
289 227
289 228
289 229
289 230
289 231
289 232
289 234
289 235
289 236
289 238
289 239
289 240
289 241
289 242
289 245
289 246
289 249
289 250
289 251
289 253
289 254
289 255
289 256
289 257
289 258
289 259
289 260
289 261
289 262
289 263
289 264
289 265
289 266
289 267
289 268
289 269
289 271
289 272
289 273
289 274
289 275
289 278
289 279
289 280
289 281
289 282
289 283
289 284
289 285
289 286
289 287
289 288
289 289
289 290
289 291
289 292
289 293
289 294
289 295
289 296
289 297
289 298
289 299
289 300
289 301
289 302
289 303
289 304
289 305
289 306
289 307
289 308
289 309
289 311
289 312
289 313
289 314
289 315
289 316
289 317
289 319
289 320
289 322
289 326
289 327
289 331
289 334
289 337
289 347
289 352
290 186
290 190
290 194
290 201
290 207
290 208
290 210
290 211
290 213
290 215
290 216
290 218
290 219
290 220
290 221
290 222
290 224
290 225
290 227
290 228
290 229
290 230
290 232
290 233
290 234
290 235
290 237
290 238
290 239
290 240
290 241
290 243
290 246
290 247
290 248
290 250
290 251
290 252
290 253
290 254
290 255
290 256
290 257
290 258
290 259
290 260
290 261
290 262
290 263
290 264
290 265
290 266
290 267
290 268
290 269
290 270
290 271
290 272
290 273
290 274
290 278
290 279
290 280
290 281
290 282
290 283
290 284
290 285
290 286
290 287
290 288
290 289
290 290
290 291
290 292
290 293
290 294
290 295
290 296
290 297
290 298
290 299
290 300
290 301
290 302
290 303
290 304
290 305
290 306
290 310
290 311
290 312
290 313
290 316
290 317
290 318
290 319
290 320
290 322
290 323
290 324
290 325
290 327
290 336
290 337
290 341
290 342
290 352
291 192
291 195
291 197
291 200
291 202
291 204
291 206
291 209
291 211
291 213
291 214
291 216
291 218
291 222
291 223
291 224
291 227
291 228
291 229
291 230
291 231
291 232
291 233
291 234
291 235
291 236
291 237
291 239
291 240
291 241
291 242
291 243
291 244
291 245
291 246
291 247
291 249
291 250
291 251
291 252
291 253
291 254
291 255
291 256
291 257
291 258
291 259
291 260
291 261
291 262
291 263
291 264
291 265
291 266
291 267
291 268
291 269
291 270
291 271
291 272
291 273
291 274
291 275
291 276
291 277
291 278
291 279
291 280
291 281
291 282
291 283
291 284
291 285
291 286
291 287
291 288
291 289
291 290
291 291
291 292
291 293
291 294
291 295
291 296
291 297
291 298
291 299
291 300
291 301
291 302
291 303
291 305
291 306
291 309
291 310
291 311
291 312
291 313
291 314
291 318
291 319
291 320
291 321
291 322
291 325
291 332
291 333
291 334
291 335
292 177
292 189
292 192
292 196
292 198
292 199
292 207
292 209
292 211
292 212
292 213
292 218
292 220
292 222
292 223
292 224
292 225
292 226
292 228
292 230
292 231
292 232
292 233
292 234
292 235
292 236
292 237
292 239
292 240
292 241
292 242
292 243
292 244
292 245
292 246
292 247
292 248
292 249
292 250
292 251
292 253
292 254
292 255
292 256
292 257
292 258
292 259
292 260
292 262
292 263
292 264
292 265
292 266
292 267
292 268
292 269
292 270
292 271
292 272
292 273
292 274
292 275
292 276
292 277
292 278
292 279
292 280
292 281
292 282
292 283
292 284
292 285
292 286
292 290
292 291
292 292
292 293
292 294
292 295
292 296
292 297
292 298
292 299
292 300
292 301
292 302
292 303
292 304
292 305
292 306
292 307
292 308
292 309
292 310
292 311
292 312
292 313
292 314
292 315
292 318
292 320
292 323
292 324
292 326
292 327
292 328
292 330
292 331
292 334
292 335
292 337
292 338
292 341
292 346
292 348
292 354
293 188
293 191
293 197
293 198
293 203
293 206
293 207
293 210
293 211
293 213
293 214
293 215
293 216
293 217
293 218
293 220
293 222
293 225
293 226
293 227
293 228
293 230
293 232
293 233
293 234
293 235
293 236
293 238
293 239
293 240
293 241
293 242
293 243
293 244
293 245
293 246
293 247
293 248
293 249
293 250
293 252
293 253
293 254
293 255
293 256
293 257
293 258
293 259
293 260
293 261
293 262
293 263
293 264
293 265
293 266
293 267
293 268
293 269
293 270
293 271
293 272
293 273
293 274
293 275
293 276
293 277
293 278
293 279
293 280
293 281
293 282
293 283
293 284
293 285
293 286
293 287
293 288
293 289
293 290
293 291
293 292
293 293
293 294
293 295
293 296
293 297
293 298
293 299
293 300
293 301
293 302
293 303
293 304
293 305
293 306
293 307
293 308
293 311
293 312
293 313
293 314
293 315
293 318
293 320
293 322
293 326
293 327
293 328
293 329
293 333
293 336
293 338
293 343
293 352
294 195
294 197
294 200
294 202
294 203
294 205
294 206
294 207
294 209
294 211
294 213
294 215
294 216
294 217
294 218
294 219
294 220
294 222
294 223
294 225
294 229
294 230
294 231
294 232
294 233
294 234
294 235
294 236
294 237
294 238
294 239
294 240
294 241
294 242
294 243
294 244
294 245
294 246
294 247
294 248
294 249
294 250
294 251
294 252
294 253
294 254
294 255
294 256
294 257
294 258
294 259
294 260
294 261
294 262
294 263
294 264
294 265
294 266
294 267
294 268
294 269
294 270
294 271
294 272
294 273
294 274
294 275
294 276
294 277
294 278
294 279
294 280
294 281
294 282
294 283
294 284
294 285
294 286
294 287
294 288
294 289
294 290
294 291
294 292
294 293
294 294
294 295
294 297
294 299
294 300
294 301
294 302
294 303
294 304
294 306
294 307
294 308
294 309
294 310
294 311
294 312
294 313
294 314
294 316
294 317
294 319
294 320
294 322
294 323
294 324
294 325
294 326
294 328
294 330
294 331
294 332
294 334
295 190
295 201
295 205
295 206
295 210
295 211
295 212
295 213
295 217
295 218
295 220
295 221
295 224
295 225
295 226
295 227
295 229
295 230
295 231
295 232
295 233
295 234
295 235
295 236
295 237
295 239
295 240
295 241
295 242
295 243
295 244
295 245
295 246
295 247
295 248
295 249
295 250
295 251
295 252
295 253
295 254
295 255
295 256
295 257
295 258
295 261
295 262
295 263
295 264
295 265
295 266
295 267
295 268
295 269
295 270
295 271
295 272
295 273
295 274
295 275
295 278
295 279
295 280
295 281
295 282
295 283
295 284
295 285
295 286
295 287
295 288
295 289
295 290
295 291
295 292
295 293
295 294
295 295
295 296
295 297
295 299
295 300
295 301
295 302
295 303
295 305
295 306
295 307
295 308
295 309
295 310
295 311
295 312
295 313
295 314
295 315
295 317
295 318
295 319
295 320
295 321
295 322
295 324
295 326
295 328
295 331
295 333
295 334
295 335
295 336
295 338
295 349
296 195
296 197
296 198
296 200
296 201
296 203
296 204
296 207
296 209
296 210
296 212
296 214
296 215
296 217
296 218
296 221
296 223
296 224
296 225
296 226
296 227
296 228
296 229
296 230
296 231
296 232
296 233
296 234
296 235
296 236
296 237
296 238
296 240
296 241
296 242
296 243
296 244
296 245
296 246
296 247
296 248
296 249
296 250
296 251
296 252
296 253
296 254
296 256
296 257
296 261
296 262
296 263
296 264
296 265
296 266
296 267
296 268
296 269
296 270
296 271
296 272
296 273
296 274
296 275
296 276
296 277
296 278
296 279
296 281
296 282
296 283
296 284
296 285
296 286
296 287
296 288
296 289
296 290
296 291
296 292
296 293
296 294
296 295
296 296
296 297
296 298
296 299
296 300
296 301
296 302
296 303
296 304
296 305
296 306
296 307
296 308
296 309
296 310
296 311
296 312
296 313
296 315
296 316
296 317
296 318
296 319
296 320
296 322
296 325
296 326
296 327
296 330
296 331
296 334
296 335
296 337
296 339
296 341
296 343
297 193
297 199
297 207
297 209
297 210
297 211
297 212
297 217
297 218
297 219
297 222
297 223
297 224
297 227
297 229
297 230
297 231
297 232
297 233
297 235
297 236
297 239
297 240
297 241
297 242
297 243
297 244
297 245
297 246
297 247
297 248
297 249
297 250
297 251
297 252
297 253
297 256
297 257
297 258
297 260
297 261
297 262
297 263
297 264
297 265
297 266
297 267
297 268
297 269
297 270
297 271
297 272
297 273
297 274
297 275
297 276
297 280
297 281
297 282
297 283
297 284
297 285
297 286
297 287
297 288
297 289
297 290
297 291
297 292
297 293
297 294
297 295
297 296
297 297
297 298
297 299
297 300
297 301
297 302
297 303
297 304
297 305
297 306
297 307
297 308
297 309
297 310
297 311
297 312
297 313
297 314
297 315
297 316
297 317
297 318
297 319
297 320
297 321
297 322
297 327
297 329
297 330
297 332
297 337
297 339
297 340
297 341
297 348
298 198
298 202
298 208
298 209
298 210
298 213
298 214
298 215
298 217
298 218
298 219
298 220
298 221
298 222
298 225
298 226
298 227
298 228
298 229
298 230
298 231
298 232
298 233
298 235
298 237
298 238
298 239
298 240
298 241
298 242
298 243
298 244
298 245
298 246
298 247
298 248
298 249
298 251
298 252
298 253
298 254
298 256
298 257
298 258
298 259
298 260
298 261
298 262
298 263
298 264
298 265
298 266
298 269
298 270
298 271
298 272
298 273
298 274
298 276
298 279
298 280
298 281
298 282
298 283
298 284
298 285
298 286
298 287
298 288
298 289
298 290
298 291
298 292
298 293
298 294
298 295
298 296
298 297
298 298
298 299
298 300
298 301
298 302
298 303
298 304
298 305
298 306
298 307
298 308
298 309
298 310
298 311
298 312
298 314
298 316
298 317
298 319
298 323
298 325
298 326
298 328
298 330
298 334
298 335
298 336
298 338
298 345
299 188
299 192
299 196
299 203
299 205
299 208
299 211
299 213
299 218
299 220
299 222
299 226
299 227
299 229
299 230
299 231
299 232
299 233
299 234
299 235
299 236
299 238
299 239
299 240
299 241
299 242
299 243
299 244
299 245
299 246
299 247
299 248
299 250
299 251
299 252
299 253
299 255
299 257
299 258
299 259
299 260
299 261
299 264
299 265
299 267
299 269
299 270
299 271
299 272
299 273
299 274
299 275
299 278
299 279
299 280
299 281
299 282
299 283
299 284
299 285
299 286
299 287
299 288
299 289
299 290
299 291
299 292
299 293
299 294
299 297
299 301
299 302
299 303
299 304
299 305
299 306
299 307
299 308
299 309
299 310
299 311
299 312
299 313
299 315
299 316
299 318
299 319
299 321
299 322
299 323
299 327
299 329
299 330
299 331
299 332
299 333
299 337
299 339
299 346
300 194
300 197
300 201
300 203
300 206
300 207
300 210
300 212
300 213
300 214
300 216
300 217
300 218
300 219
300 221
300 222
300 223
300 225
300 226
300 228
300 229
300 230
300 231
300 232
300 233
300 234
300 235
300 236
300 237
300 238
300 239
300 240
300 241
300 242
300 243
300 244
300 246
300 247
300 248
300 249
300 250
300 251
300 253
300 256
300 257
300 258
300 259
300 260
300 261
300 263
300 264
300 265
300 266
300 267
300 268
300 269
300 270
300 271
300 272
300 273
300 274
300 275
300 276
300 277
300 278
300 279
300 280
300 281
300 282
300 283
300 284
300 285
300 286
300 287
300 288
300 289
300 290
300 291
300 292
300 293
300 294
300 295
300 296
300 297
300 298
300 299
300 301
300 302
300 304
300 306
300 307
300 308
300 309
300 310
300 311
300 312
300 314
300 315
300 317
300 318
300 319
300 320
300 322
300 323
300 324
300 325
300 326
300 328
300 331
300 333
300 334
300 335
300 342
300 346
300 349
300 356
301 195
301 202
301 203
301 205
301 206
301 210
301 211
301 212
301 214
301 215
301 216
301 217
301 218
301 220
301 221
301 222
301 224
301 225
301 226
301 227
301 228
301 229
301 230
301 231
301 232
301 233
301 234
301 235
301 236
301 237
301 238
301 239
301 240
301 241
301 242
301 243
301 244
301 245
301 246
301 247
301 248
301 249
301 250
301 251
301 255
301 256
301 257
301 258
301 259
301 260
301 261
301 262
301 263
301 264
301 265
301 266
301 267
301 268
301 269
301 270
301 271
301 272
301 273
301 274
301 275
301 276
301 277
301 278
301 279
301 280
301 281
301 282
301 283
301 284
301 285
301 286
301 287
301 288
301 289
301 290
301 291
301 292
301 293
301 294
301 295
301 297
301 298
301 299
301 300
301 302
301 304
301 305
301 306
301 307
301 308
301 309
301 310
301 311
301 312
301 314
301 316
301 317
301 318
301 321
301 322
301 328
301 329
301 332
301 334
301 336
301 339
301 341
301 342
301 344
301 350
302 185
302 193
302 197
302 202
302 205
302 206
302 210
302 213
302 214
302 216
302 218
302 219
302 221
302 223
302 225
302 228
302 229
302 230
302 231
302 234
302 235
302 236
302 237
302 238
302 239
302 240
302 241
302 242
302 243
302 244
302 245
302 246
302 247
302 248
302 249
302 250
302 251
302 252
302 253
302 254
302 255
302 256
302 257
302 258
302 259
302 260
302 261
302 262
302 263
302 264
302 265
302 266
302 267
302 268
302 269
302 270
302 271
302 272
302 273
302 274
302 275
302 276
302 277
302 278
302 279
302 280
302 281
302 282
302 283
302 284
302 285
302 286
302 287
302 288
302 289
302 290
302 291
302 292
302 293
302 294
302 295
302 296
302 297
302 298
302 299
302 300
302 303
302 304
302 305
302 306
302 307
302 308
302 309
302 310
302 312
302 314
302 315
302 316
302 317
302 318
302 319
302 320
302 321
302 322
302 323
302 324
302 327
302 329
302 330
302 331
302 332
302 333
302 336
302 338
302 339
302 340
302 343
302 347
302 350
303 198
303 199
303 202
303 206
303 207
303 209
303 210
303 213
303 214
303 215
303 216
303 217
303 218
303 219
303 220
303 221
303 222
303 225
303 226
303 227
303 228
303 231
303 232
303 234
303 235
303 236
303 237
303 238
303 239
303 240
303 241
303 242
303 243
303 244
303 245
303 246
303 247
303 248
303 249
303 250
303 251
303 252
303 253
303 254
303 255
303 256
303 257
303 258
303 259
303 260
303 261
303 262
303 263
303 264
303 265
303 266
303 267
303 270
303 271
303 272
303 273
303 274
303 275
303 276
303 277
303 278
303 279
303 280
303 281
303 282
303 283
303 284
303 286
303 287
303 288
303 289
303 290
303 292
303 293
303 294
303 295
303 296
303 297
303 298
303 299
303 300
303 301
303 302
303 303
303 304
303 305
303 306
303 307
303 308
303 309
303 310
303 312
303 314
303 315
303 316
303 317
303 319
303 320
303 321
303 324
303 326
303 328
303 332
303 335
303 340
303 341
303 344
304 192
304 203
304 204
304 205
304 207
304 213
304 215
304 217
304 220
304 222
304 223
304 227
304 228
304 229
304 230
304 232
304 233
304 234
304 235
304 236
304 237
304 238
304 239
304 240
304 241
304 242
304 243
304 244
304 245
304 246
304 247
304 248
304 249
304 250
304 252
304 253
304 254
304 255
304 256
304 257
304 258
304 259
304 260
304 261
304 262
304 263
304 264
304 265
304 266
304 267
304 268
304 270
304 271
304 272
304 273
304 274
304 275
304 276
304 277
304 278
304 279
304 280
304 281
304 282
304 283
304 286
304 287
304 288
304 289
304 290
304 291
304 294
304 295
304 296
304 297
304 298
304 299
304 300
304 301
304 302
304 303
304 304
304 305
304 308
304 309
304 310
304 311
304 312
304 313
304 314
304 316
304 318
304 320
304 325
304 326
304 327
304 330
304 331
304 332
304 334
304 338
304 340
305 198
305 200
305 204
305 205
305 210
305 217
305 218
305 220
305 222
305 223
305 224
305 225
305 226
305 227
305 228
305 230
305 231
305 232
305 234
305 235
305 236
305 237
305 240
305 241
305 242
305 243
305 244
305 245
305 246
305 247
305 248
305 249
305 250
305 252
305 253
305 254
305 255
305 256
305 257
305 258
305 260
305 261
305 262
305 263
305 264
305 268
305 269
305 270
305 271
305 272
305 273
305 274
305 276
305 277
305 278
305 279
305 280
305 281
305 282
305 283
305 285
305 286
305 287
305 288
305 289
305 290
305 291
305 292
305 294
305 295
305 296
305 297
305 298
305 299
305 300
305 301
305 302
305 303
305 304
305 305
305 306
305 307
305 309
305 310
305 311
305 312
305 313
305 316
305 317
305 318
305 319
305 320
305 322
305 324
305 326
305 327
305 329
305 331
305 332
305 333
305 334
305 336
305 340
305 341
305 348
306 182
306 191
306 198
306 200
306 203
306 208
306 209
306 211
306 212
306 213
306 214
306 215
306 217
306 221
306 226
306 227
306 228
306 229
306 230
306 231
306 232
306 234
306 235
306 236
306 237
306 238
306 239
306 242
306 243
306 244
306 245
306 246
306 249
306 252
306 253
306 254
306 255
306 256
306 257
306 258
306 261
306 262
306 263
306 264
306 267
306 268
306 269
306 270
306 271
306 272
306 273
306 274
306 275
306 276
306 277
306 278
306 279
306 280
306 281
306 283
306 285
306 286
306 288
306 289
306 290
306 291
306 292
306 293
306 294
306 295
306 296
306 297
306 298
306 299
306 300
306 301
306 302
306 303
306 304
306 305
306 306
306 307
306 308
306 310
306 311
306 312
306 313
306 314
306 315
306 316
306 317
306 318
306 319
306 320
306 323
306 324
306 325
306 326
306 327
306 329
306 336
306 340
306 343
306 350
306 351
307 198
307 199
307 203
307 210
307 211
307 212
307 213
307 216
307 217
307 218
307 219
307 220
307 222
307 223
307 224
307 225
307 226
307 228
307 230
307 233
307 234
307 235
307 236
307 237
307 238
307 239
307 240
307 241
307 244
307 245
307 246
307 247
307 249
307 250
307 251
307 252
307 253
307 254
307 255
307 256
307 258
307 259
307 260
307 261
307 262
307 263
307 264
307 266
307 267
307 268
307 269
307 270
307 271
307 272
307 273
307 274
307 275
307 276
307 277
307 278
307 279
307 282
307 283
307 284
307 288
307 289
307 290
307 291
307 292
307 293
307 294
307 295
307 296
307 297
307 298
307 299
307 300
307 301
307 302
307 303
307 304
307 307
307 308
307 309
307 310
307 311
307 315
307 316
307 317
307 318
307 319
307 322
307 323
307 326
307 327
307 328
307 331
307 335
307 339
308 200
308 202
308 210
308 211
308 212
308 213
308 214
308 215
308 216
308 217
308 218
308 219
308 220
308 223
308 224
308 226
308 227
308 228
308 229
308 230
308 231
308 234
308 235
308 236
308 237
308 238
308 239
308 240
308 241
308 243
308 244
308 245
308 246
308 247
308 248
308 249
308 250
308 251
308 252
308 253
308 254
308 257
308 258
308 259
308 260
308 261
308 262
308 263
308 264
308 265
308 266
308 267
308 268
308 269
308 270
308 271
308 272
308 273
308 274
308 275
308 276
308 277
308 278
308 279
308 282
308 283
308 284
308 285
308 287
308 288
308 289
308 290
308 291
308 292
308 293
308 294
308 295
308 296
308 297
308 298
308 300
308 301
308 302
308 305
308 306
308 307
308 309
308 310
308 311
308 312
308 313
308 314
308 315
308 316
308 317
308 318
308 321
308 322
308 324
308 325
308 327
308 330
308 332
308 334
308 335
308 339
308 340
308 342
309 194
309 202
309 203
309 204
309 206
309 208
309 209
309 212
309 215
309 217
309 218
309 222
309 224
309 226
309 228
309 229
309 230
309 231
309 232
309 233
309 234
309 235
309 236
309 237
309 238
309 239
309 240
309 241
309 242
309 244
309 245
309 246
309 247
309 248
309 249
309 250
309 251
309 252
309 253
309 254
309 257
309 258
309 259
309 260
309 263
309 264
309 265
309 266
309 267
309 268
309 269
309 271
309 273
309 274
309 275
309 276
309 277
309 278
309 279
309 280
309 281
309 282
309 283
309 284
309 285
309 286
309 287
309 288
309 289
309 290
309 291
309 292
309 293
309 294
309 295
309 296
309 297
309 298
309 299
309 300
309 301
309 302
309 303
309 305
309 306
309 307
309 309
309 310
309 311
309 312
309 313
309 314
309 315
309 316
309 318
309 319
309 320
309 321
309 322
309 324
309 327
309 328
309 330
309 331
309 333
309 335
309 337
309 345
310 190
310 191
310 195
310 196
310 202
310 203
310 205
310 211
310 212
310 214
310 215
310 219
310 220
310 221
310 223
310 224
310 226
310 227
310 228
310 229
310 230
310 231
310 233
310 234
310 235
310 236
310 237
310 238
310 239
310 240
310 241
310 242
310 243
310 244
310 245
310 246
310 247
310 248
310 249
310 250
310 251
310 252
310 254
310 256
310 257
310 258
310 259
310 260
310 261
310 262
310 264
310 265
310 266
310 267
310 268
310 271
310 273
310 274
310 276
310 277
310 278
310 279
310 280
310 281
310 282
310 283
310 284
310 285
310 286
310 287
310 288
310 289
310 290
310 291
310 292
310 293
310 294
310 295
310 296
310 297
310 298
310 299
310 300
310 301
310 302
310 303
310 304
310 305
310 307
310 308
310 309
310 310
310 311
310 312
310 314
310 316
310 317
310 318
310 319
310 320
310 323
310 324
310 326
310 329
310 331
310 332
310 334
310 337
310 339
310 340
310 344
310 353
311 193
311 195
311 201
311 204
311 209
311 210
311 211
311 212
311 215
311 217
311 219
311 221
311 223
311 224
311 225
311 226
311 227
311 230
311 231
311 233
311 234
311 235
311 236
311 237
311 238
311 239
311 240
311 241
311 242
311 243
311 244
311 245
311 246
311 247
311 248
311 249
311 250
311 251
311 252
311 254
311 255
311 256
311 257
311 258
311 259
311 260
311 261
311 262
311 263
311 264
311 265
311 266
311 267
311 268
311 269
311 270
311 271
311 272
311 273
311 274
311 275
311 276
311 277
311 278
311 279
311 280
311 281
311 282
311 283
311 284
311 285
311 286
311 287
311 288
311 289
311 290
311 291
311 292
311 293
311 294
311 295
311 296
311 297
311 298
311 300
311 301
311 302
311 303
311 304
311 305
311 306
311 307
311 308
311 309
311 310
311 311
311 314
311 315
311 316
311 317
311 320
311 322
311 323
311 325
311 326
311 327
311 329
311 332
311 333
311 335
311 348
312 200
312 201
312 202
312 204
312 205
312 206
312 207
312 208
312 210
312 214
312 215
312 217
312 219
312 221
312 223
312 224
312 226
312 231
312 232
312 233
312 234
312 235
312 236
312 237
312 238
312 241
312 242
312 243
312 244
312 245
312 246
312 247
312 248
312 249
312 250
312 251
312 252
312 253
312 255
312 256
312 257
312 258
312 259
312 260
312 261
312 262
312 264
312 265
312 266
312 267
312 268
312 269
312 270
312 271
312 272
312 273
312 274
312 275
312 276
312 277
312 278
312 279
312 280
312 281
312 282
312 283
312 284
312 285
312 286
312 287
312 288
312 289
312 290
312 291
312 292
312 293
312 294
312 295
312 296
312 297
312 298
312 300
312 301
312 302
312 303
312 304
312 305
312 306
312 308
312 309
312 310
312 311
312 312
312 314
312 315
312 316
312 317
312 318
312 321
312 322
312 325
312 329
312 331
312 334
312 341
312 342
312 351
312 377
313 194
313 197
313 198
313 201
313 202
313 204
313 206
313 208
313 209
313 212
313 213
313 214
313 215
313 216
313 217
313 219
313 220
313 221
313 222
313 225
313 226
313 227
313 228
313 230
313 232
313 233
313 234
313 235
313 236
313 237
313 238
313 239
313 240
313 241
313 242
313 243
313 244
313 245
313 246
313 247
313 248
313 249
313 250
313 251
313 252
313 253
313 254
313 255
313 256
313 257
313 258
313 259
313 260
313 261
313 263
313 264
313 265
313 266
313 267
313 268
313 269
313 270
313 271
313 272
313 273
313 274
313 275
313 276
313 277
313 280
313 281
313 282
313 283
313 284
313 285
313 286
313 287
313 288
313 289
313 290
313 291
313 292
313 293
313 294
313 295
313 296
313 297
313 299
313 301
313 302
313 303
313 304
313 305
313 306
313 307
313 308
313 309
313 310
313 311
313 312
313 313
313 314
313 315
313 316
313 317
313 318
313 319
313 320
313 322
313 323
313 324
313 325
313 326
313 327
313 328
313 332
313 333
313 337
313 340
313 343
313 346
314 192
314 194
314 195
314 200
314 203
314 205
314 206
314 207
314 209
314 212
314 213
314 216
314 218
314 220
314 222
314 224
314 225
314 226
314 230
314 231
314 232
314 233
314 234
314 235
314 236
314 237
314 238
314 239
314 240
314 241
314 242
314 243
314 244
314 245
314 246
314 247
314 248
314 249
314 250
314 251
314 252
314 253
314 254
314 255
314 256
314 257
314 258
314 259
314 260
314 261
314 262
314 263
314 264
314 265
314 266
314 267
314 268
314 269
314 270
314 271
314 272
314 273
314 274
314 275
314 276
314 277
314 278
314 280
314 281
314 282
314 283
314 284
314 285
314 286
314 287
314 288
314 289
314 290
314 291
314 293
314 294
314 295
314 296
314 297
314 298
314 299
314 300
314 301
314 302
314 303
314 307
314 308
314 311
314 312
314 313
314 314
314 315
314 316
314 317
314 318
314 320
314 321
314 322
314 326
314 327
314 329
314 335
314 337
314 338
314 344
314 346
314 352
315 200
315 202
315 203
315 204
315 206
315 207
315 209
315 213
315 214
315 215
315 216
315 217
315 219
315 222
315 224
315 225
315 227
315 228
315 229
315 230
315 231
315 232
315 233
315 234
315 236
315 237
315 238
315 239
315 240
315 241
315 242
315 243
315 244
315 245
315 246
315 247
315 248
315 249
315 250
315 251
315 252
315 253
315 254
315 255
315 256
315 257
315 258
315 261
315 262
315 263
315 264
315 265
315 266
315 267
315 268
315 269
315 270
315 271
315 272
315 273
315 274
315 275
315 276
315 277
315 278
315 279
315 280
315 281
315 282
315 283
315 284
315 285
315 286
315 287
315 288
315 289
315 290
315 291
315 292
315 293
315 294
315 295
315 296
315 297
315 299
315 300
315 301
315 302
315 303
315 304
315 305
315 306
315 307
315 308
315 311
315 312
315 313
315 314
315 316
315 317
315 318
315 319
315 320
315 321
315 322
315 323
315 324
315 325
315 326
315 328
315 329
315 330
315 332
315 350
316 201
316 202
316 204
316 205
316 208
316 212
316 213
316 216
316 220
316 221
316 223
316 224
316 225
316 226
316 228
316 229
316 230
316 231
316 232
316 233
316 234
316 236
316 237
316 238
316 239
316 240
316 241
316 242
316 243
316 244
316 245
316 246
316 247
316 248
316 249
316 250
316 254
316 255
316 256
316 257
316 258
316 259
316 260
316 261
316 262
316 263
316 264
316 265
316 266
316 267
316 268
316 269
316 270
316 271
316 272
316 273
316 274
316 275
316 276
316 277
316 278
316 279
316 280
316 281
316 282
316 285
316 287
316 288
316 289
316 290
316 291
316 292
316 293
316 294
316 295
316 296
316 297
316 298
316 299
316 301
316 303
316 305
316 306
316 307
316 308
316 309
316 310
316 311
316 312
316 314
316 315
316 316
316 317
316 318
316 321
316 323
316 324
316 328
316 330
316 331
316 335
316 337
316 339
316 342
316 343
317 186
317 193
317 201
317 205
317 206
317 209
317 210
317 211
317 212
317 214
317 215
317 217
317 219
317 221
317 222
317 224
317 228
317 229
317 230
317 231
317 232
317 233
317 234
317 235
317 236
317 237
317 238
317 239
317 240
317 241
317 242
317 243
317 244
317 245
317 246
317 247
317 248
317 249
317 250
317 251
317 252
317 254
317 255
317 256
317 257
317 258
317 259
317 260
317 261
317 262
317 263
317 264
317 265
317 266
317 267
317 268
317 269
317 270
317 271
317 272
317 273
317 274
317 275
317 276
317 277
317 278
317 279
317 280
317 281
317 282
317 285
317 286
317 287
317 288
317 289
317 290
317 291
317 292
317 293
317 294
317 295
317 296
317 297
317 298
317 299
317 301
317 302
317 303
317 304
317 305
317 306
317 307
317 308
317 309
317 310
317 311
317 312
317 314
317 316
317 317
317 318
317 319
317 321
317 322
317 324
317 325
317 327
317 328
317 329
317 337
317 339
317 340
317 343
317 347
317 348
318 191
318 194
318 196
318 201
318 203
318 206
318 208
318 210
318 211
318 213
318 214
318 215
318 216
318 219
318 221
318 222
318 223
318 224
318 226
318 227
318 228
318 229
318 230
318 231
318 232
318 233
318 234
318 235
318 236
318 237
318 238
318 240
318 241
318 242
318 243
318 244
318 245
318 246
318 247
318 248
318 249
318 250
318 251
318 252
318 253
318 254
318 255
318 256
318 257
318 258
318 259
318 260
318 261
318 262
318 263
318 264
318 265
318 266
318 267
318 268
318 269
318 270
318 271
318 274
318 275
318 276
318 277
318 278
318 279
318 280
318 283
318 284
318 285
318 286
318 287
318 288
318 289
318 290
318 291
318 292
318 293
318 294
318 295
318 296
318 297
318 298
318 299
318 300
318 301
318 302
318 303
318 304
318 307
318 308
318 309
318 310
318 311
318 313
318 314
318 315
318 318
318 319
318 321
318 322
318 323
318 325
318 326
318 330
318 334
318 338
318 339
318 340
318 345
318 351
318 355
319 193
319 194
319 197
319 200
319 202
319 212
319 215
319 218
319 219
319 220
319 221
319 222
319 224
319 225
319 227
319 228
319 229
319 230
319 231
319 232
319 233
319 235
319 236
319 237
319 238
319 239
319 240
319 241
319 242
319 243
319 244
319 245
319 246
319 247
319 248
319 249
319 250
319 251
319 252
319 253
319 254
319 255
319 256
319 257
319 258
319 259
319 260
319 261
319 262
319 263
319 264
319 265
319 266
319 267
319 268
319 269
319 270
319 271
319 274
319 275
319 276
319 277
319 278
319 279
319 282
319 283
319 284
319 285
319 286
319 287
319 288
319 289
319 290
319 291
319 292
319 293
319 294
319 295
319 297
319 298
319 299
319 300
319 301
319 302
319 303
319 304
319 305
319 309
319 310
319 311
319 313
319 314
319 315
319 319
319 320
319 321
319 322
319 323
319 324
319 326
319 327
319 329
319 330
319 334
319 335
319 336
319 339
319 346
320 196
320 200
320 202
320 204
320 205
320 207
320 212
320 215
320 220
320 223
320 224
320 225
320 226
320 229
320 230
320 231
320 232
320 233
320 235
320 236
320 237
320 238
320 239
320 240
320 241
320 242
320 243
320 244
320 246
320 248
320 249
320 250
320 251
320 252
320 253
320 256
320 257
320 258
320 259
320 260
320 261
320 262
320 263
320 264
320 265
320 266
320 267
320 268
320 269
320 270
320 271
320 272
320 273
320 276
320 277
320 278
320 279
320 280
320 281
320 282
320 283
320 284
320 285
320 286
320 287
320 288
320 289
320 290
320 291
320 292
320 293
320 294
320 295
320 296
320 297
320 298
320 299
320 300
320 302
320 303
320 304
320 305
320 306
320 308
320 309
320 311
320 312
320 313
320 314
320 318
320 319
320 320
320 323
320 324
320 325
320 327
320 328
320 333
320 346
320 350
321 189
321 200
321 202
321 204
321 205
321 208
321 209
321 211
321 212
321 215
321 216
321 218
321 219
321 220
321 222
321 223
321 225
321 226
321 227
321 228
321 229
321 230
321 231
321 232
321 233
321 234
321 235
321 237
321 238
321 239
321 240
321 241
321 242
321 243
321 244
321 246
321 248
321 249
321 250
321 251
321 253
321 254
321 256
321 257
321 258
321 259
321 260
321 261
321 262
321 263
321 264
321 265
321 266
321 267
321 268
321 269
321 270
321 271
321 272
321 273
321 274
321 275
321 276
321 277
321 278
321 279
321 280
321 281
321 282
321 283
321 284
321 285
321 286
321 287
321 288
321 289
321 290
321 291
321 292
321 293
321 294
321 295
321 296
321 297
321 300
321 301
321 302
321 303
321 304
321 305
321 306
321 307
321 308
321 310
321 312
321 313
321 314
321 316
321 317
321 318
321 320
321 321
321 324
321 328
321 331
321 332
321 335
321 337
321 339
321 341
321 344
321 347
321 383
322 191
322 193
322 197
322 199
322 202
322 205
322 212
322 213
322 214
322 219
322 220
322 221
322 222
322 223
322 224
322 225
322 226
322 227
322 229
322 230
322 231
322 232
322 233
322 234
322 235
322 236
322 237
322 238
322 239
322 240
322 241
322 242
322 245
322 246
322 247
322 248
322 249
322 250
322 251
322 252
322 253
322 255
322 256
322 257
322 258
322 259
322 260
322 261
322 262
322 263
322 264
322 265
322 266
322 267
322 268
322 269
322 270
322 271
322 272
322 273
322 274
322 275
322 276
322 277
322 278
322 279
322 280
322 281
322 282
322 283
322 284
322 285
322 286
322 287
322 288
322 289
322 290
322 291
322 292
322 293
322 294
322 295
322 296
322 297
322 298
322 301
322 303
322 304
322 305
322 306
322 307
322 308
322 310
322 311
322 313
322 315
322 316
322 319
322 320
322 322
322 324
322 326
322 327
322 328
322 329
322 330
322 331
322 332
322 333
322 335
323 186
323 198
323 199
323 205
323 206
323 207
323 208
323 209
323 210
323 216
323 220
323 222
323 224
323 225
323 226
323 229
323 230
323 231
323 232
323 233
323 235
323 236
323 238
323 239
323 240
323 242
323 243
323 244
323 245
323 246
323 247
323 248
323 249
323 250
323 251
323 252
323 253
323 254
323 255
323 256
323 257
323 258
323 259
323 260
323 261
323 262
323 263
323 264
323 265
323 266
323 267
323 268
323 269
323 270
323 271
323 272
323 273
323 274
323 275
323 276
323 277
323 278
323 279
323 280
323 281
323 282
323 283
323 284
323 285
323 286
323 287
323 288
323 289
323 290
323 291
323 292
323 293
323 294
323 297
323 298
323 299
323 300
323 301
323 303
323 304
323 305
323 310
323 311
323 312
323 313
323 315
323 317
323 319
323 321
323 322
323 323
323 324
323 325
323 327
323 334
323 337
323 339
324 194
324 201
324 204
324 207
324 208
324 209
324 214
324 215
324 216
324 217
324 219
324 220
324 221
324 223
324 224
324 225
324 227
324 230
324 231
324 232
324 233
324 234
324 235
324 236
324 238
324 239
324 240
324 241
324 243
324 244
324 245
324 246
324 247
324 248
324 249
324 250
324 251
324 252
324 253
324 255
324 256
324 257
324 258
324 259
324 260
324 261
324 262
324 263
324 264
324 265
324 266
324 267
324 268
324 269
324 270
324 271
324 272
324 273
324 274
324 275
324 276
324 277
324 278
324 279
324 280
324 281
324 282
324 283
324 284
324 285
324 286
324 287
324 288
324 289
324 290
324 293
324 294
324 295
324 296
324 297
324 298
324 299
324 300
324 301
324 302
324 303
324 305
324 306
324 308
324 310
324 312
324 313
324 314
324 316
324 319
324 322
324 323
324 324
324 326
324 327
324 328
324 329
324 330
324 331
324 333
324 334
324 335
324 336
324 337
324 344
324 362
325 193
325 197
325 199
325 201
325 203
325 205
325 206
325 208
325 210
325 211
325 213
325 218
325 219
325 220
325 221
325 222
325 223
325 224
325 226
325 228
325 229
325 230
325 231
325 235
325 236
325 237
325 238
325 239
325 240
325 241
325 242
325 243
325 244
325 245
325 246
325 247
325 248
325 249
325 250
325 251
325 252
325 253
325 254
325 255
325 256
325 257
325 258
325 259
325 260
325 261
325 262
325 263
325 264
325 265
325 266
325 267
325 268
325 269
325 270
325 271
325 273
325 274
325 275
325 276
325 277
325 279
325 280
325 281
325 283
325 284
325 285
325 286
325 288
325 289
325 290
325 293
325 294
325 295
325 297
325 298
325 301
325 303
325 304
325 305
325 306
325 307
325 309
325 311
325 313
325 317
325 320
325 321
325 322
325 323
325 324
325 326
325 327
325 332
325 333
325 338
325 340
325 349
326 188
326 198
326 200
326 204
326 206
326 209
326 210
326 211
326 213
326 214
326 216
326 219
326 221
326 222
326 223
326 225
326 227
326 229
326 230
326 232
326 235
326 236
326 237
326 238
326 239
326 240
326 241
326 242
326 243
326 244
326 245
326 246
326 247
326 248
326 249
326 252
326 253
326 254
326 255
326 256
326 257
326 258
326 259
326 260
326 261
326 262
326 263
326 264
326 265
326 266
326 267
326 268
326 269
326 270
326 271
326 273
326 274
326 275
326 276
326 277
326 279
326 280
326 281
326 282
326 284
326 285
326 287
326 289
326 290
326 291
326 292
326 293
326 294
326 295
326 296
326 298
326 299
326 300
326 301
326 302
326 304
326 305
326 306
326 308
326 309
326 310
326 312
326 313
326 314
326 317
326 319
326 320
326 322
326 323
326 324
326 325
326 327
326 328
326 329
326 330
326 331
326 338
327 176
327 186
327 188
327 193
327 196
327 198
327 203
327 206
327 208
327 209
327 213
327 215
327 216
327 218
327 220
327 221
327 223
327 224
327 225
327 226
327 228
327 231
327 232
327 233
327 234
327 237
327 238
327 239
327 240
327 241
327 242
327 243
327 244
327 245
327 246
327 247
327 248
327 249
327 250
327 252
327 253
327 254
327 255
327 256
327 257
327 258
327 259
327 260
327 261
327 262
327 263
327 264
327 265
327 266
327 267
327 268
327 269
327 270
327 271
327 272
327 273
327 274
327 275
327 276
327 277
327 278
327 279
327 280
327 281
327 284
327 285
327 286
327 287
327 288
327 289
327 290
327 291
327 293
327 294
327 295
327 296
327 298
327 303
327 304
327 305
327 306
327 307
327 308
327 309
327 310
327 311
327 312
327 315
327 316
327 317
327 318
327 320
327 323
327 326
327 327
327 329
327 331
327 332
327 334
328 195
328 200
328 203
328 204
328 210
328 212
328 213
328 214
328 215
328 216
328 219
328 220
328 221
328 222
328 223
328 227
328 228
328 229
328 230
328 231
328 232
328 233
328 234
328 236
328 238
328 239
328 240
328 241
328 242
328 243
328 244
328 245
328 246
328 247
328 248
328 249
328 250
328 251
328 252
328 253
328 254
328 255
328 256
328 257
328 258
328 259
328 260
328 261
328 262
328 263
328 267
328 268
328 269
328 270
328 271
328 272
328 273
328 274
328 275
328 276
328 277
328 278
328 279
328 280
328 281
328 283
328 284
328 285
328 286
328 287
328 288
328 289
328 290
328 291
328 292
328 293
328 294
328 295
328 296
328 297
328 298
328 299
328 300
328 301
328 303
328 304
328 305
328 306
328 307
328 308
328 309
328 310
328 311
328 312
328 313
328 315
328 317
328 318
328 319
328 323
328 325
328 326
328 327
328 328
328 331
328 335
328 337
328 343
329 195
329 200
329 202
329 207
329 209
329 211
329 212
329 217
329 218
329 221
329 222
329 223
329 224
329 227
329 228
329 229
329 230
329 232
329 233
329 234
329 235
329 237
329 238
329 239
329 240
329 241
329 242
329 243
329 244
329 245
329 246
329 247
329 248
329 249
329 250
329 251
329 252
329 253
329 254
329 255
329 256
329 257
329 258
329 259
329 260
329 261
329 263
329 266
329 268
329 270
329 271
329 272
329 273
329 274
329 275
329 276
329 277
329 278
329 280
329 281
329 282
329 283
329 284
329 285
329 286
329 287
329 288
329 289
329 290
329 291
329 292
329 293
329 294
329 295
329 296
329 297
329 298
329 299
329 301
329 302
329 303
329 304
329 305
329 306
329 307
329 309
329 310
329 311
329 312
329 313
329 316
329 317
329 318
329 320
329 321
329 322
329 335
329 338
329 340
329 353
330 187
330 202
330 204
330 207
330 208
330 209
330 210
330 212
330 214
330 215
330 216
330 221
330 222
330 223
330 224
330 225
330 226
330 228
330 229
330 231
330 232
330 233
330 234
330 237
330 238
330 239
330 240
330 241
330 242
330 243
330 244
330 245
330 246
330 247
330 248
330 249
330 250
330 251
330 252
330 253
330 254
330 255
330 256
330 257
330 258
330 259
330 260
330 261
330 263
330 264
330 265
330 266
330 267
330 268
330 270
330 271
330 272
330 273
330 274
330 275
330 276
330 278
330 280
330 281
330 282
330 283
330 284
330 286
330 287
330 289
330 290
330 291
330 292
330 294
330 295
330 296
330 298
330 299
330 300
330 301
330 302
330 303
330 304
330 305
330 306
330 307
330 308
330 309
330 310
330 311
330 312
330 313
330 314
330 315
330 316
330 318
330 320
330 323
330 325
330 327
330 332
330 337
330 338
330 346
331 199
331 200
331 201
331 204
331 206
331 207
331 210
331 213
331 215
331 216
331 217
331 218
331 219
331 220
331 222
331 223
331 224
331 225
331 226
331 227
331 228
331 229
331 231
331 233
331 234
331 237
331 238
331 239
331 240
331 241
331 243
331 244
331 245
331 246
331 247
331 248
331 250
331 251
331 252
331 253
331 254
331 255
331 256
331 257
331 258
331 259
331 260
331 261
331 262
331 263
331 264
331 265
331 266
331 267
331 268
331 269
331 270
331 271
331 272
331 273
331 274
331 275
331 276
331 280
331 281
331 282
331 283
331 284
331 286
331 287
331 288
331 290
331 291
331 292
331 293
331 294
331 297
331 298
331 299
331 300
331 301
331 302
331 303
331 304
331 305
331 306
331 307
331 308
331 310
331 311
331 312
331 313
331 316
331 317
331 321
331 323
331 325
331 336
331 342
332 196
332 197
332 199
332 206
332 208
332 209
332 211
332 212
332 213
332 214
332 217
332 220
332 221
332 222
332 223
332 224
332 225
332 226
332 227
332 228
332 229
332 233
332 234
332 237
332 238
332 239
332 240
332 241
332 242
332 243
332 244
332 245
332 246
332 247
332 248
332 249
332 250
332 251
332 252
332 253
332 254
332 255
332 256
332 257
332 258
332 259
332 260
332 261
332 262
332 263
332 264
332 265
332 266
332 267
332 268
332 269
332 270
332 271
332 272
332 273
332 274
332 275
332 276
332 277
332 278
332 279
332 280
332 281
332 282
332 283
332 284
332 285
332 286
332 287
332 289
332 290
332 291
332 292
332 293
332 294
332 295
332 296
332 297
332 298
332 299
332 300
332 301
332 302
332 303
332 304
332 305
332 306
332 307
332 308
332 309
332 310
332 312
332 313
332 314
332 315
332 316
332 318
332 319
332 321
332 322
332 323
332 325
332 327
332 331
332 349
333 193
333 199
333 205
333 208
333 211
333 213
333 214
333 216
333 218
333 220
333 223
333 224
333 225
333 226
333 227
333 228
333 229
333 230
333 231
333 232
333 233
333 235
333 236
333 238
333 239
333 240
333 241
333 242
333 243
333 244
333 245
333 246
333 247
333 248
333 249
333 250
333 251
333 252
333 253
333 254
333 255
333 256
333 259
333 260
333 261
333 262
333 264
333 265
333 266
333 267
333 268
333 269
333 270
333 271
333 272
333 273
333 274
333 275
333 276
333 277
333 278
333 279
333 280
333 281
333 282
333 283
333 284
333 285
333 286
333 287
333 288
333 289
333 290
333 291
333 292
333 293
333 295
333 296
333 297
333 298
333 300
333 301
333 302
333 303
333 306
333 308
333 311
333 312
333 316
333 318
333 319
333 321
333 323
333 324
333 325
333 329
333 331
333 335
333 340
334 187
334 198
334 204
334 209
334 210
334 212
334 214
334 215
334 217
334 220
334 221
334 223
334 226
334 227
334 228
334 229
334 230
334 231
334 232
334 234
334 238
334 239
334 240
334 241
334 242
334 243
334 244
334 245
334 246
334 247
334 248
334 249
334 250
334 251
334 252
334 253
334 254
334 256
334 257
334 258
334 259
334 260
334 261
334 264
334 265
334 266
334 267
334 268
334 269
334 270
334 271
334 272
334 275
334 276
334 277
334 278
334 279
334 280
334 281
334 282
334 283
334 284
334 285
334 286
334 287
334 288
334 289
334 290
334 291
334 292
334 293
334 294
334 295
334 296
334 297
334 299
334 300
334 301
334 302
334 303
334 304
334 305
334 306
334 307
334 308
334 310
334 311
334 312
334 314
334 317
334 318
334 319
334 321
334 322
334 323
334 326
334 327
334 328
334 331
334 333
334 334
334 346
335 201
335 203
335 205
335 207
335 208
335 212
335 213
335 215
335 216
335 217
335 218
335 219
335 220
335 221
335 222
335 223
335 224
335 225
335 226
335 227
335 228
335 229
335 230
335 231
335 232
335 233
335 234
335 235
335 236
335 237
335 238
335 239
335 240
335 241
335 242
335 243
335 244
335 245
335 246
335 247
335 248
335 249
335 250
335 251
335 252
335 253
335 254
335 255
335 256
335 257
335 258
335 259
335 260
335 261
335 262
335 263
335 265
335 266
335 267
335 268
335 269
335 270
335 271
335 272
335 273
335 275
335 276
335 277
335 278
335 279
335 280
335 281
335 282
335 283
335 284
335 285
335 286
335 287
335 288
335 289
335 290
335 291
335 292
335 293
335 297
335 298
335 300
335 301
335 302
335 303
335 305
335 307
335 308
335 309
335 310
335 312
335 313
335 315
335 317
335 318
335 319
335 320
335 321
335 322
335 323
335 326
335 328
335 329
335 330
335 333
335 334
335 345
336 193
336 194
336 196
336 199
336 205
336 206
336 207
336 211
336 214
336 217
336 219
336 225
336 226
336 227
336 228
336 229
336 230
336 231
336 232
336 233
336 234
336 235
336 236
336 237
336 238
336 239
336 240
336 243
336 244
336 245
336 246
336 247
336 248
336 249
336 250
336 251
336 252
336 256
336 257
336 258
336 259
336 260
336 261
336 262
336 263
336 264
336 267
336 268
336 269
336 270
336 271
336 272
336 274
336 275
336 276
336 277
336 279
336 280
336 281
336 282
336 283
336 284
336 285
336 286
336 287
336 288
336 289
336 290
336 291
336 292
336 293
336 295
336 296
336 298
336 299
336 301
336 302
336 303
336 305
336 307
336 308
336 309
336 310
336 315
336 316
336 317
336 318
336 320
336 321
336 323
336 325
336 326
336 327
336 331
336 337
337 190
337 198
337 202
337 203
337 206
337 209
337 210
337 212
337 214
337 216
337 221
337 222
337 223
337 224
337 226
337 228
337 229
337 230
337 232
337 233
337 234
337 235
337 236
337 237
337 238
337 239
337 241
337 243
337 244
337 245
337 246
337 247
337 248
337 249
337 250
337 251
337 252
337 253
337 254
337 255
337 256
337 257
337 258
337 259
337 260
337 261
337 262
337 263
337 264
337 266
337 267
337 268
337 269
337 270
337 271
337 274
337 275
337 276
337 277
337 278
337 279
337 280
337 281
337 282
337 283
337 284
337 285
337 286
337 287
337 288
337 289
337 290
337 291
337 292
337 294
337 295
337 296
337 297
337 299
337 300
337 302
337 303
337 306
337 309
337 311
337 312
337 313
337 314
337 315
337 316
337 317
337 318
337 321
337 322
337 323
337 324
337 326
337 327
337 331
337 334
337 336
337 341
337 343
338 200
338 208
338 210
338 212
338 213
338 214
338 215
338 217
338 218
338 219
338 221
338 223
338 225
338 228
338 229
338 230
338 232
338 234
338 235
338 236
338 237
338 238
338 239
338 240
338 241
338 242
338 243
338 244
338 245
338 246
338 247
338 248
338 249
338 250
338 251
338 253
338 254
338 255
338 256
338 257
338 258
338 259
338 260
338 261
338 262
338 263
338 264
338 265
338 266
338 267
338 268
338 269
338 270
338 271
338 274
338 275
338 276
338 277
338 278
338 279
338 283
338 284
338 285
338 286
338 287
338 288
338 289
338 290
338 291
338 292
338 293
338 294
338 295
338 296
338 299
338 302
338 304
338 307
338 309
338 310
338 312
338 314
338 315
338 316
338 318
338 325
338 330
338 347
339 192
339 200
339 203
339 208
339 212
339 213
339 216
339 218
339 222
339 226
339 227
339 228
339 231
339 235
339 236
339 237
339 238
339 239
339 240
339 241
339 242
339 243
339 244
339 245
339 246
339 247
339 248
339 249
339 250
339 253
339 256
339 257
339 258
339 259
339 260
339 261
339 262
339 263
339 264
339 265
339 266
339 267
339 268
339 269
339 270
339 271
339 272
339 273
339 274
339 275
339 276
339 277
339 278
339 279
339 280
339 282
339 284
339 285
339 286
339 287
339 288
339 289
339 290
339 291
339 292
339 293
339 294
339 295
339 296
339 298
339 300
339 302
339 305
339 306
339 307
339 309
339 310
339 312
339 315
339 316
339 325
339 329
339 332
339 334
339 336
339 337
339 341
339 348
340 198
340 204
340 207
340 211
340 212
340 215
340 216
340 217
340 218
340 219
340 220
340 221
340 223
340 225
340 228
340 231
340 233
340 234
340 236
340 237
340 238
340 239
340 240
340 241
340 242
340 243
340 244
340 245
340 246
340 247
340 248
340 250
340 252
340 253
340 254
340 255
340 256
340 257
340 258
340 259
340 260
340 261
340 263
340 264
340 265
340 266
340 267
340 268
340 269
340 270
340 271
340 272
340 273
340 274
340 275
340 276
340 277
340 278
340 279
340 280
340 281
340 282
340 284
340 285
340 286
340 287
340 288
340 289
340 290
340 291
340 292
340 293
340 294
340 295
340 296
340 298
340 299
340 302
340 303
340 304
340 306
340 307
340 308
340 309
340 311
340 313
340 314
340 315
340 317
340 319
340 321
340 322
340 326
340 333
341 190
341 195
341 205
341 207
341 208
341 212
341 213
341 214
341 216
341 218
341 221
341 222
341 223
341 224
341 226
341 230
341 231
341 234
341 235
341 236
341 237
341 238
341 239
341 241
341 242
341 243
341 244
341 245
341 246
341 247
341 248
341 250
341 252
341 253
341 254
341 255
341 256
341 257
341 258
341 259
341 261
341 262
341 263
341 265
341 266
341 267
341 268
341 269
341 270
341 271
341 272
341 273
341 274
341 275
341 276
341 278
341 279
341 280
341 281
341 282
341 283
341 284
341 285
341 286
341 287
341 288
341 289
341 290
341 291
341 292
341 293
341 294
341 295
341 296
341 297
341 298
341 300
341 302
341 303
341 304
341 306
341 308
341 311
341 313
341 314
341 316
341 318
341 319
341 323
341 324
341 328
341 331
341 333
341 338
341 341
341 343
342 204
342 210
342 213
342 215
342 216
342 218
342 219
342 220
342 221
342 224
342 226
342 227
342 228
342 229
342 231
342 233
342 234
342 236
342 237
342 238
342 239
342 240
342 241
342 243
342 244
342 246
342 247
342 248
342 249
342 250
342 251
342 252
342 253
342 254
342 255
342 256
342 257
342 258
342 259
342 260
342 264
342 266
342 267
342 268
342 269
342 270
342 271
342 272
342 273
342 274
342 277
342 278
342 279
342 280
342 281
342 282
342 283
342 284
342 285
342 286
342 287
342 288
342 289
342 290
342 293
342 294
342 295
342 296
342 297
342 300
342 303
342 305
342 306
342 307
342 309
342 311
342 312
342 318
342 320
342 326
342 328
342 335
342 336
342 343
342 345
342 346
342 347
343 195
343 206
343 210
343 212
343 214
343 215
343 216
343 217
343 220
343 222
343 223
343 224
343 226
343 230
343 231
343 232
343 234
343 235
343 236
343 237
343 238
343 239
343 240
343 241
343 243
343 244
343 245
343 247
343 248
343 250
343 253
343 254
343 255
343 256
343 257
343 258
343 259
343 260
343 261
343 262
343 263
343 266
343 268
343 269
343 270
343 271
343 272
343 273
343 274
343 275
343 276
343 277
343 278
343 279
343 280
343 281
343 282
343 283
343 284
343 285
343 286
343 287
343 288
343 289
343 290
343 291
343 292
343 293
343 294
343 295
343 296
343 298
343 299
343 301
343 303
343 305
343 307
343 308
343 311
343 312
343 313
343 315
343 316
343 319
343 321
343 333
343 340
344 193
344 202
344 203
344 205
344 212
344 213
344 214
344 216
344 220
344 222
344 224
344 225
344 226
344 228
344 231
344 232
344 233
344 234
344 237
344 238
344 239
344 240
344 243
344 244
344 245
344 246
344 248
344 250
344 252
344 253
344 254
344 255
344 256
344 257
344 258
344 259
344 260
344 261
344 262
344 263
344 264
344 265
344 267
344 268
344 269
344 270
344 271
344 272
344 273
344 274
344 275
344 276
344 277
344 278
344 279
344 280
344 281
344 282
344 283
344 284
344 285
344 286
344 287
344 288
344 289
344 290
344 292
344 293
344 294
344 295
344 296
344 297
344 298
344 299
344 300
344 302
344 303
344 304
344 305
344 306
344 307
344 308
344 311
344 316
344 317
344 318
344 327
344 330
344 331
344 333
344 341
345 200
345 205
345 207
345 209
345 212
345 216
345 218
345 221
345 224
345 226
345 227
345 228
345 230
345 231
345 234
345 235
345 237
345 238
345 239
345 240
345 241
345 242
345 243
345 244
345 245
345 246
345 248
345 249
345 250
345 252
345 254
345 256
345 257
345 258
345 259
345 260
345 261
345 262
345 263
345 264
345 266
345 268
345 270
345 271
345 272
345 273
345 274
345 275
345 276
345 277
345 278
345 279
345 280
345 281
345 282
345 283
345 284
345 285
345 286
345 289
345 290
345 291
345 293
345 294
345 295
345 296
345 297
345 298
345 299
345 300
345 301
345 302
345 303
345 305
345 308
345 310
345 311
345 315
345 318
345 319
345 322
345 324
345 325
345 327
345 335
345 341
345 343
345 344
346 176
346 206
346 208
346 209
346 211
346 213
346 214
346 218
346 219
346 221
346 225
346 226
346 227
346 228
346 230
346 232
346 233
346 236
346 237
346 238
346 239
346 240
346 241
346 242
346 245
346 246
346 247
346 248
346 249
346 250
346 251
346 252
346 255
346 258
346 259
346 260
346 261
346 262
346 263
346 264
346 265
346 266
346 267
346 268
346 270
346 271
346 272
346 273
346 274
346 275
346 276
346 277
346 278
346 279
346 280
346 281
346 282
346 283
346 284
346 285
346 286
346 287
346 288
346 289
346 290
346 292
346 294
346 295
346 296
346 297
346 298
346 299
346 300
346 301
346 302
346 303
346 305
346 306
346 310
346 311
346 312
346 313
346 314
346 317
346 319
346 321
346 324
346 325
346 335
346 346
347 199
347 205
347 209
347 210
347 211
347 212
347 213
347 216
347 217
347 218
347 219
347 220
347 221
347 222
347 223
347 226
347 228
347 229
347 230
347 232
347 234
347 236
347 239
347 240
347 241
347 242
347 244
347 245
347 246
347 247
347 248
347 249
347 251
347 252
347 253
347 255
347 256
347 257
347 258
347 259
347 260
347 261
347 262
347 263
347 264
347 265
347 266
347 267
347 268
347 270
347 271
347 273
347 274
347 275
347 276
347 277
347 279
347 280
347 281
347 283
347 284
347 285
347 286
347 287
347 288
347 289
347 290
347 292
347 293
347 294
347 295
347 296
347 297
347 298
347 299
347 301
347 304
347 308
347 309
347 310
347 311
347 313
347 314
347 315
347 317
347 319
347 322
347 323
347 327
347 334
347 339
348 202
348 206
348 213
348 214
348 215
348 216
348 218
348 219
348 223
348 225
348 227
348 228
348 229
348 232
348 233
348 234
348 236
348 237
348 238
348 239
348 240
348 242
348 243
348 244
348 245
348 246
348 247
348 248
348 251
348 252
348 253
348 255
348 256
348 257
348 258
348 259
348 260
348 261
348 262
348 264
348 265
348 266
348 267
348 271
348 273
348 274
348 275
348 276
348 277
348 279
348 280
348 281
348 285
348 286
348 287
348 288
348 289
348 290
348 292
348 293
348 294
348 295
348 296
348 297
348 298
348 299
348 300
348 302
348 303
348 304
348 306
348 307
348 308
348 310
348 313
348 316
348 319
348 322
348 328
348 329
348 332
348 333
348 338
348 344
349 193
349 206
349 209
349 211
349 215
349 216
349 217
349 221
349 222
349 223
349 225
349 227
349 230
349 231
349 233
349 234
349 235
349 237
349 238
349 239
349 240
349 245
349 246
349 247
349 248
349 249
349 254
349 255
349 259
349 260
349 263
349 264
349 265
349 266
349 268
349 269
349 270
349 271
349 272
349 273
349 274
349 275
349 277
349 279
349 281
349 282
349 285
349 287
349 288
349 289
349 290
349 292
349 293
349 294
349 296
349 297
349 298
349 299
349 300
349 301
349 303
349 305
349 306
349 309
349 310
349 311
349 313
349 317
349 318
349 319
349 321
349 323
349 326
349 330
349 332
349 333
349 334
349 339
349 343
350 197
350 201
350 205
350 209
350 211
350 216
350 217
350 220
350 223
350 225
350 226
350 227
350 228
350 230
350 232
350 233
350 234
350 236
350 238
350 239
350 242
350 243
350 244
350 245
350 246
350 247
350 248
350 249
350 250
350 251
350 252
350 254
350 255
350 256
350 257
350 258
350 260
350 261
350 262
350 263
350 264
350 265
350 266
350 267
350 269
350 270
350 274
350 275
350 277
350 280
350 281
350 282
350 283
350 284
350 285
350 286
350 287
350 288
350 289
350 290
350 291
350 292
350 293
350 296
350 297
350 302
350 304
350 305
350 306
350 308
350 311
350 312
350 313
350 315
350 316
350 320
350 322
350 328
350 330
350 335
350 345
351 204
351 207
351 209
351 213
351 217
351 220
351 223
351 224
351 226
351 231
351 234
351 235
351 236
351 237
351 238
351 239
351 240
351 242
351 245
351 246
351 247
351 248
351 249
351 252
351 254
351 255
351 256
351 257
351 258
351 259
351 260
351 261
351 263
351 264
351 265
351 266
351 269
351 270
351 271
351 272
351 274
351 275
351 276
351 277
351 278
351 281
351 283
351 286
351 287
351 288
351 290
351 291
351 292
351 294
351 297
351 299
351 300
351 302
351 306
351 309
351 310
351 312
351 313
351 315
351 317
351 320
351 321
351 325
351 327
351 331
351 335
352 190
352 202
352 204
352 211
352 215
352 216
352 218
352 220
352 224
352 228
352 229
352 230
352 231
352 234
352 235
352 236
352 239
352 240
352 241
352 242
352 243
352 244
352 245
352 246
352 248
352 249
352 250
352 251
352 252
352 253
352 254
352 255
352 256
352 257
352 258
352 260
352 261
352 262
352 264
352 265
352 266
352 267
352 268
352 269
352 270
352 272
352 273
352 274
352 277
352 279
352 280
352 282
352 285
352 286
352 289
352 290
352 292
352 294
352 295
352 296
352 298
352 299
352 300
352 301
352 302
352 304
352 305
352 307
352 308
352 309
352 311
352 313
352 316
352 318
352 338
353 203
353 207
353 217
353 218
353 220
353 221
353 222
353 226
353 227
353 231
353 232
353 233
353 236
353 238
353 239
353 240
353 243
353 244
353 245
353 246
353 247
353 248
353 252
353 253
353 254
353 255
353 256
353 257
353 260
353 261
353 262
353 263
353 265
353 267
353 268
353 269
353 270
353 272
353 273
353 274
353 276
353 278
353 280
353 281
353 282
353 283
353 284
353 287
353 288
353 289
353 290
353 293
353 294
353 295
353 296
353 299
353 302
353 307
353 308
353 310
353 314
353 315
353 317
353 318
353 324
353 325
353 336
353 342
354 204
354 205
354 211
354 218
354 225
354 229
354 230
354 231
354 233
354 237
354 238
354 239
354 240
354 241
354 243
354 244
354 245
354 246
354 248
354 249
354 250
354 253
354 254
354 256
354 257
354 259
354 260
354 261
354 265
354 267
354 269
354 270
354 271
354 272
354 273
354 275
354 276
354 277
354 278
354 279
354 280
354 282
354 283
354 284
354 286
354 287
354 289
354 290
354 291
354 294
354 295
354 296
354 297
354 298
354 299
354 300
354 302
354 304
354 308
354 312
354 313
354 314
354 319
354 322
354 323
354 326
354 330
354 335
354 353
355 199
355 202
355 211
355 214
355 216
355 217
355 220
355 222
355 227
355 228
355 230
355 232
355 234
355 236
355 237
355 238
355 239
355 240
355 243
355 244
355 245
355 247
355 248
355 251
355 252
355 253
355 254
355 255
355 257
355 258
355 259
355 260
355 262
355 263
355 264
355 265
355 267
355 268
355 269
355 270
355 275
355 276
355 278
355 279
355 280
355 281
355 282
355 283
355 284
355 286
355 287
355 288
355 292
355 293
355 294
355 296
355 298
355 299
355 300
355 304
355 307
355 308
355 310
355 312
355 318
355 325
355 333
355 342
356 208
356 213
356 219
356 220
356 222
356 224
356 225
356 228
356 231
356 233
356 234
356 235
356 236
356 237
356 239
356 240
356 241
356 242
356 243
356 244
356 245
356 246
356 249
356 251
356 252
356 253
356 258
356 260
356 261
356 264
356 265
356 266
356 267
356 270
356 271
356 273
356 276
356 278
356 279
356 280
356 281
356 282
356 285
356 287
356 288
356 290
356 291
356 294
356 295
356 296
356 297
356 300
356 301
356 302
356 303
356 311
356 312
356 314
356 315
356 316
356 317
356 319
356 320
356 322
356 332
357 204
357 215
357 218
357 223
357 229
357 231
357 234
357 236
357 238
357 240
357 241
357 242
357 243
357 244
357 245
357 246
357 247
357 248
357 249
357 250
357 252
357 255
357 256
357 258
357 259
357 260
357 261
357 262
357 263
357 265
357 267
357 270
357 271
357 275
357 277
357 278
357 279
357 281
357 282
357 283
357 284
357 285
357 288
357 290
357 291
357 292
357 294
357 297
357 299
357 306
357 307
357 308
357 311
357 314
357 316
357 325
357 329
358 199
358 202
358 208
358 209
358 218
358 221
358 223
358 224
358 225
358 226
358 227
358 229
358 233
358 234
358 235
358 236
358 237
358 238
358 239
358 242
358 245
358 247
358 248
358 249
358 251
358 252
358 253
358 254
358 255
358 258
358 259
358 261
358 262
358 263
358 264
358 265
358 267
358 269
358 271
358 272
358 273
358 274
358 275
358 276
358 278
358 279
358 281
358 282
358 285
358 289
358 290
358 292
358 294
358 295
358 296
358 297
358 298
358 299
358 301
358 302
358 304
358 310
358 314
358 319
358 334
359 197
359 209
359 227
359 232
359 233
359 235
359 237
359 238
359 242
359 244
359 245
359 246
359 251
359 253
359 256
359 257
359 258
359 259
359 260
359 261
359 262
359 263
359 264
359 265
359 266
359 267
359 268
359 271
359 274
359 278
359 279
359 280
359 281
359 282
359 283
359 284
359 285
359 286
359 287
359 289
359 290
359 292
359 296
359 299
359 300
359 303
359 304
359 305
359 306
359 311
359 312
359 320
359 327
360 214
360 215
360 218
360 221
360 222
360 229
360 232
360 237
360 240
360 241
360 243
360 245
360 246
360 247
360 248
360 250
360 252
360 253
360 254
360 255
360 256
360 258
360 261
360 262
360 265
360 266
360 268
360 271
360 274
360 276
360 277
360 278
360 279
360 280
360 281
360 282
360 283
360 284
360 285
360 287
360 289
360 291
360 294
360 295
360 296
360 300
360 307
360 314
360 320
360 321
360 325
360 327
360 331
360 333
361 206
361 214
361 220
361 221
361 224
361 225
361 228
361 231
361 233
361 234
361 235
361 238
361 239
361 240
361 242
361 244
361 247
361 248
361 253
361 256
361 258
361 265
361 269
361 270
361 271
361 272
361 275
361 276
361 278
361 279
361 280
361 281
361 282
361 284
361 285
361 286
361 289
361 291
361 292
361 293
361 294
361 298
361 301
361 303
361 311
361 323
361 326
362 207
362 209
362 214
362 220
362 222
362 225
362 227
362 229
362 232
362 233
362 234
362 236
362 238
362 239
362 242
362 243
362 244
362 245
362 247
362 250
362 254
362 255
362 256
362 257
362 259
362 260
362 261
362 263
362 264
362 265
362 271
362 273
362 274
362 275
362 276
362 277
362 278
362 280
362 281
362 282
362 283
362 284
362 285
362 286
362 288
362 289
362 295
362 297
362 298
362 303
362 304
362 306
362 308
362 310
362 312
362 315
362 317
362 328
363 210
363 215
363 222
363 223
363 226
363 227
363 228
363 233
363 235
363 244
363 245
363 246
363 247
363 248
363 251
363 252
363 253
363 254
363 255
363 257
363 261
363 263
363 266
363 267
363 268
363 269
363 270
363 271
363 273
363 274
363 280
363 283
363 287
363 290
363 291
363 296
363 298
363 299
363 300
363 305
363 309
363 310
363 317
363 321
363 332
364 228
364 230
364 233
364 234
364 237
364 238
364 239
364 241
364 242
364 243
364 244
364 245
364 246
364 247
364 248
364 249
364 250
364 251
364 253
364 255
364 256
364 258
364 259
364 260
364 261
364 262
364 263
364 264
364 268
364 274
364 277
364 279
364 281
364 282
364 286
364 287
364 291
364 292
364 293
364 294
364 295
364 299
364 303
364 305
364 306
364 308
364 312
364 313
364 317
364 321
364 333
365 212
365 223
365 228
365 229
365 231
365 233
365 234
365 238
365 240
365 242
365 243
365 244
365 249
365 250
365 253
365 254
365 255
365 256
365 257
365 258
365 259
365 260
365 265
365 266
365 267
365 271
365 272
365 273
365 274
365 276
365 280
365 284
365 287
365 292
365 295
365 297
365 299
365 300
365 303
365 306
365 310
366 225
366 229
366 231
366 233
366 234
366 239
366 240
366 242
366 246
366 247
366 248
366 250
366 252
366 254
366 255
366 259
366 266
366 267
366 268
366 269
366 271
366 272
366 273
366 274
366 275
366 276
366 278
366 279
366 286
366 289
366 290
366 293
366 298
366 301
366 316
366 336
367 210
367 217
367 225
367 227
367 228
367 235
367 236
367 238
367 239
367 241
367 242
367 243
367 245
367 248
367 250
367 253
367 254
367 255
367 258
367 259
367 263
367 264
367 265
367 268
367 273
367 274
367 276
367 278
367 286
367 288
367 292
367 296
367 302
367 304
367 329
367 331
368 192
368 227
368 228
368 231
368 239
368 241
368 243
368 245
368 251
368 256
368 260
368 262
368 265
368 269
368 270
368 271
368 273
368 274
368 278
368 280
368 282
368 283
368 284
368 285
368 286
368 288
368 291
368 297
368 298
368 301
368 302
368 308
368 309
368 313
368 314
369 215
369 227
369 230
369 232
369 235
369 240
369 241
369 242
369 243
369 246
369 247
369 248
369 254
369 255
369 256
369 257
369 261
369 262
369 263
369 264
369 265
369 268
369 270
369 273
369 274
369 275
369 276
369 277
369 279
369 280
369 284
369 289
369 290
369 302
369 303
369 309
369 311
370 208
370 218
370 227
370 229
370 237
370 238
370 241
370 246
370 248
370 250
370 255
370 257
370 258
370 260
370 265
370 266
370 271
370 275
370 277
370 278
370 279
370 281
370 282
370 284
370 287
370 288
370 291
370 294
370 305
370 307
370 333
371 226
371 228
371 229
371 231
371 234
371 239
371 244
371 248
371 250
371 252
371 253
371 254
371 255
371 256
371 258
371 259
371 262
371 263
371 265
371 266
371 267
371 268
371 270
371 272
371 275
371 279
371 281
371 282
371 285
371 286
371 288
371 290
371 293
371 296
371 302
371 304
371 310
371 314
372 227
372 229
372 231
372 234
372 237
372 238
372 240
372 243
372 246
372 247
372 248
372 258
372 261
372 262
372 263
372 264
372 265
372 269
372 273
372 279
372 280
372 286
372 288
372 289
372 291
372 295
372 298
372 302
372 304
373 233
373 237
373 239
373 240
373 241
373 242
373 244
373 249
373 252
373 255
373 256
373 258
373 260
373 262
373 264
373 266
373 275
373 276
373 278
373 281
373 283
373 286
373 290
373 291
373 293
373 295
373 310
374 211
374 223
374 230
374 232
374 233
374 236
374 245
374 253
374 254
374 257
374 258
374 259
374 262
374 264
374 265
374 266
374 270
374 271
374 273
374 275
374 278
374 288
374 293
374 296
374 297
374 299
374 300
374 304
374 306
374 315
374 316
374 333
375 223
375 237
375 242
375 243
375 244
375 245
375 248
375 249
375 251
375 252
375 253
375 254
375 257
375 258
375 259
375 260
375 262
375 263
375 264
375 268
375 271
375 273
375 276
375 278
375 281
375 282
375 286
375 289
375 303
375 306
375 309
376 217
376 222
376 229
376 240
376 242
376 247
376 249
376 251
376 254
376 264
376 268
376 269
376 271
376 273
376 275
376 277
376 279
376 282
376 283
376 294
376 321
377 234
377 242
377 244
377 252
377 254
377 255
377 258
377 262
377 264
377 266
377 267
377 269
377 274
377 275
377 277
377 279
377 283
377 289
377 298
378 233
378 238
378 240
378 243
378 245
378 247
378 250
378 253
378 254
378 255
378 263
378 276
378 278
378 280
378 297
378 300
378 302
379 236
379 241
379 246
379 247
379 250
379 252
379 254
379 255
379 256
379 259
379 261
379 263
379 265
379 271
379 275
379 278
379 280
379 289
379 299
379 312
379 316
379 321
380 226
380 233
380 237
380 239
380 241
380 243
380 244
380 248
380 249
380 262
380 264
380 267
380 269
380 271
380 274
380 285
381 243
381 249
381 253
381 258
381 262
381 268
381 270
381 272
381 274
381 288
381 296
381 298
381 333
382 238
382 240
382 242
382 255
382 262
382 266
382 271
382 272
382 278
383 224
383 252
383 258
383 269
383 274
384 222
384 256
384 259
384 260
384 261
384 262
384 264
384 266
384 276
384 297
385 232
385 242
385 276
385 284
385 285
385 288
385 325
386 240
386 243
386 244
386 246
386 253
386 263
386 264
386 267
386 268
386 279
386 291
386 298
387 220
387 223
387 246
387 261
387 273
387 289
387 299
387 306
388 242
388 245
388 251
388 255
388 259
388 275
389 237
389 240
389 244
389 261
389 266
389 282
389 288
389 323
390 237
390 245
390 262
390 267
390 269
390 282
390 284
390 285
391 277
391 280
392 274
392 282
394 310
394 318
395 253
395 256
395 263
395 264
396 240
396 253
396 262
396 278
397 268
398 267
399 286
400 313
406 309
