512
163 268 7
163 274 7
164 260 6
164 264 5
164 271 7
164 272 7
164 273 7
164 277 7
164 278 6
164 279 6
165 262 5
165 266 6
165 268 5
165 271 7
165 272 7
165 273 7
165 274 7
165 275 6
165 280 6
165 282 6
166 258 5
166 267 5
166 268 7
166 275 7
166 276 6
166 278 6
166 279 7
166 281 6
166 283 6
167 259 6
167 263 6
167 264 6
167 268 7
167 269 5
167 270 7
167 271 7
167 274 6
167 277 7
167 278 7
167 282 6
168 254 7
168 256 7
168 257 6
168 260 7
168 268 7
168 270 6
168 275 7
168 276 7
168 280 6
168 281 6
169 257 7
169 265 7
169 266 6
169 270 6
169 274 7
169 276 6
169 277 4
169 281 6
169 282 6
169 284 6
170 252 7
170 256 7
170 257 7
170 261 7
170 269 7
170 270 3
170 271 3
170 274 7
170 275 7
170 276 6
170 278 6
170 280 6
170 282 6
171 253 7
171 255 7
171 256 7
171 260 7
171 270 3
171 271 3
171 273 6
171 274 7
171 275 6
171 276 6
171 281 6
172 251 7
172 257 7
172 258 7
172 261 7
172 262 7
172 263 7
172 267 7
172 274 7
172 275 7
172 277 6
172 279 6
172 281 6
172 282 6
172 283 6
172 284 6
172 286 4
173 243 2
173 245 2
173 246 2
173 247 2
173 248 2
173 249 6
173 251 7
173 252 7
173 253 7
173 255 6
173 256 7
173 258 6
173 262 7
173 263 7
173 268 7
173 271 7
173 276 6
173 280 5
173 281 5
173 283 6
173 284 6
173 285 6
173 286 6
173 287 3
174 246 2
174 247 2
174 248 2
174 254 7
174 255 7
174 259 7
174 260 7
174 261 7
174 262 7
174 264 7
174 268 7
174 270 7
174 271 7
174 274 6
174 278 6
174 282 5
174 283 6
174 284 6
174 285 4
174 287 3
175 245 2
175 246 2
175 247 2
175 250 6
175 251 2
175 252 7
175 253 7
175 254 2
175 255 7
175 256 2
175 262 7
175 264 7
175 267 5
175 268 5
175 272 5
175 282 6
175 285 6
175 286 4
175 290 3
175 291 3
176 232 4
176 244 1
176 245 2
176 246 2
176 248 2
176 250 7
176 251 2
176 252 2
176 253 2
176 255 2
176 256 2
176 259 7
176 261 7
176 265 5
176 266 7
176 268 5
176 269 7
176 270 5
176 272 6
176 273 7
176 275 5
176 277 7
176 282 6
176 284 3
176 286 5
176 287 5
176 288 5
176 290 3
177 232 4
177 234 4
177 236 4
177 245 2
177 252 2
177 253 2
177 256 2
177 263 7
177 264 7
177 266 7
177 268 6
177 270 6
177 272 6
177 274 5
177 275 5
177 276 5
177 279 7
177 280 5
177 283 5
177 284 5
177 290 3
177 291 5
177 292 3
178 235 4
178 242 2
178 244 2
178 245 1
178 248 2
178 251 7
178 252 2
178 255 2
178 256 2
178 258 2
178 259 7
178 261 7
178 263 7
178 265 6
178 268 4
178 270 6
178 273 5
178 274 7
178 275 5
178 279 5
178 281 5
178 282 5
178 285 4
178 286 5
178 287 3
178 289 5
178 290 5
178 297 4
179 232 4
179 234 4
179 248 2
179 249 2
179 251 2
179 253 2
179 254 2
179 255 2
179 257 2
179 258 2
179 260 2
179 261 7
179 263 6
179 268 5
179 269 6
179 271 6
179 273 5
179 277 5
179 278 6
179 279 5
179 280 5
179 283 5
179 285 4
179 287 4
179 290 5
179 293 4
180 235 4
180 248 2
180 249 2
180 254 3
180 257 2
180 258 2
180 262 6
180 268 4
180 274 5
180 279 4
180 283 4
180 286 4
180 290 5
180 291 4
180 293 4
180 294 4
181 231 4
181 234 4
181 235 4
181 236 4
181 237 4
181 247 3
181 250 2
181 252 1
181 256 2
181 257 2
181 259 1
181 261 2
181 263 6
181 266 6
181 268 5
181 274 5
181 276 5
181 279 5
181 281 5
181 282 5
181 284 5
181 287 5
181 289 5
181 290 4
181 291 3
181 297 3
182 232 4
182 234 4
182 235 3
182 236 4
182 239 3
182 240 3
182 247 3
182 248 2
182 249 3
182 253 1
182 259 1
182 260 1
182 261 1
182 263 6
182 265 6
182 268 5
182 270 5
182 274 5
182 275 5
182 278 5
182 280 5
182 281 5
182 284 5
182 286 4
182 287 6
182 288 4
182 290 3
182 291 4
182 293 4
182 294 4
182 295 4
182 296 4
183 227 4
183 228 4
183 231 4
183 232 4
183 233 4
183 239 4
183 241 4
183 243 2
183 244 5
183 246 2
183 247 3
183 249 2
183 250 2
183 252 2
183 258 1
183 259 1
183 260 1
183 262 1
183 263 6
183 266 6
183 268 5
183 270 5
183 272 5
183 273 7
183 274 5
183 277 6
183 278 6
183 279 6
183 281 4
183 283 5
183 284 5
183 290 4
183 295 4
184 226 4
184 227 4
184 232 4
184 235 4
184 244 5
184 245 2
184 250 2
184 251 3
184 256 1
184 258 1
184 261 0
184 262 1
184 264 6
184 265 4
184 268 5
184 270 5
184 271 7
184 274 5
184 277 6
184 278 6
184 282 4
184 287 6
184 288 6
184 289 6
184 290 4
184 292 4
184 295 4
184 296 4
185 220 5
185 226 4
185 227 4
185 230 4
185 233 4
185 237 3
185 238 4
185 239 4
185 242 5
185 243 2
185 246 1
185 247 1
185 248 1
185 250 1
185 251 2
185 253 2
185 257 7
185 258 1
185 259 1
185 260 1
185 264 2
185 265 2
185 269 7
185 271 7
185 272 7
185 277 6
185 279 6
185 282 5
185 284 5
185 285 3
185 286 3
185 288 6
185 289 6
185 291 4
185 292 3
185 293 3
186 218 5
186 226 4
186 227 4
186 228 4
186 230 4
186 234 4
186 235 3
186 238 4
186 242 5
186 243 5
186 244 5
186 245 5
186 248 1
186 251 3
186 252 1
186 257 1
186 259 1
186 260 1
186 263 2
186 264 2
186 265 4
186 268 7
186 271 5
186 272 0
186 273 5
186 274 5
186 275 5
186 277 5
186 284 4
186 285 3
186 286 6
186 287 6
186 288 6
186 289 6
187 225 4
187 231 4
187 232 4
187 238 4
187 239 3
187 242 5
187 243 5
187 245 1
187 247 2
187 249 1
187 251 1
187 252 1
187 253 1
187 256 1
187 257 1
187 260 5
187 262 2
187 264 2
187 266 4
187 267 4
187 268 7
187 270 0
187 282 4
187 283 3
187 284 4
187 287 6
187 288 6
187 292 4
187 301 2
188 218 5
188 219 5
188 220 5
188 221 5
188 222 4
188 224 4
188 225 4
188 226 4
188 227 4
188 235 4
188 236 4
188 238 4
188 240 3
188 242 5
188 244 5
188 249 2
188 253 1
188 254 2
188 255 1
188 258 1
188 259 1
188 260 1
188 263 2
188 264 0
188 266 7
188 267 7
188 270 7
188 272 5
188 274 0
188 276 5
188 278 6
188 279 6
188 282 5
188 283 6
188 284 5
188 285 3
188 286 6
188 287 6
188 288 4
188 291 4
188 308 5
189 218 5
189 219 5
189 221 5
189 222 4
189 227 4
189 228 4
189 229 5
189 230 5
189 232 5
189 236 6
189 240 3
189 245 1
189 248 2
189 252 2
189 253 1
189 254 2
189 256 1
189 258 1
189 264 2
189 266 4
189 269 4
189 270 4
189 275 3
189 278 5
189 282 6
189 283 6
189 284 5
189 287 6
189 291 6
189 293 4
189 295 4
189 304 4
189 310 5
190 218 5
190 224 4
190 225 5
190 235 5
190 237 7
190 238 7
190 239 7
190 244 0
190 246 0
190 248 1
190 249 1
190 250 1
190 253 2
190 257 1
190 262 2
190 267 0
190 268 6
190 269 6
190 270 6
190 271 5
190 272 5
190 274 5
190 275 6
190 277 5
190 278 6
190 280 6
190 284 6
190 288 4
190 292 4
190 293 4
190 304 5
190 306 5
190 308 5
191 217 4
191 219 4
191 220 4
191 221 4
191 222 4
191 225 5
191 226 4
191 227 4
191 229 4
191 232 5
191 245 1
191 246 0
191 247 0
191 251 1
191 252 2
191 253 1
191 256 1
191 264 1
191 266 2
191 268 6
191 269 4
191 270 6
191 274 3
191 277 5
191 278 5
191 282 6
191 283 6
191 289 3
191 292 4
191 293 4
191 294 4
191 297 5
191 299 0
191 300 0
191 304 5
191 309 5
192 218 4
192 220 4
192 221 4
192 222 4
192 224 5
192 226 5
192 229 4
192 233 5
192 234 5
192 238 2
192 245 3
192 247 0
192 249 0
192 250 0
192 252 1
192 254 2
192 255 2
192 260 0
192 261 2
192 266 0
192 269 6
192 271 5
192 272 5
192 274 4
192 283 6
192 289 4
192 290 5
192 291 5
192 292 5
192 293 5
192 294 5
192 295 5
192 297 5
192 300 2
192 302 1
192 304 2
192 306 1
192 307 4
192 308 5
192 309 5
193 213 6
193 214 6
193 215 6
193 219 4
193 220 5
193 221 4
193 224 4
193 225 5
193 228 4
193 231 5
193 233 5
193 237 7
193 240 7
193 242 7
193 243 3
193 245 3
193 247 1
193 251 2
193 252 1
193 256 1
193 259 1
193 260 0
193 263 1
193 264 1
193 269 2
193 270 1
193 271 1
193 272 1
193 282 6
193 284 6
193 285 6
193 287 4
193 291 5
193 295 4
193 296 5
193 297 5
193 298 5
193 299 0
193 300 4
193 302 2
193 305 5
193 306 4
193 307 5
193 311 5
193 314 3
194 215 6
194 219 4
194 228 5
194 231 5
194 233 5
194 234 6
194 235 5
194 238 2
194 245 1
194 251 0
194 252 0
194 257 1
194 258 0
194 259 0
194 260 0
194 263 1
194 264 1
194 270 6
194 271 7
194 276 5
194 284 6
194 285 5
194 293 5
194 294 5
194 295 5
194 298 5
194 300 5
194 304 4
194 306 4
194 311 4
194 314 4
194 315 3
195 207 7
195 209 7
195 210 6
195 217 4
195 221 4
195 222 5
195 223 4
195 225 5
195 229 2
195 230 2
195 232 1
195 233 2
195 234 6
195 235 6
195 236 6
195 237 6
195 242 0
195 245 1
195 246 1
195 247 1
195 249 1
195 254 2
195 258 0
195 261 1
195 262 1
195 264 1
195 269 7
195 271 1
195 274 6
195 275 6
195 276 6
195 282 5
195 284 6
195 285 6
195 286 4
195 287 4
195 288 4
195 289 5
195 292 5
195 296 4
195 297 4
195 299 4
195 300 4
195 301 4
195 304 4
195 305 5
195 306 5
195 309 5
195 310 5
195 314 3
196 206 5
196 207 5
196 208 6
196 214 6
196 215 6
196 218 3
196 221 4
196 222 5
196 223 4
196 224 3
196 228 5
196 229 5
196 236 2
196 237 2
196 239 2
196 242 7
196 244 0
196 245 1
196 247 4
196 249 4
196 251 4
196 252 0
196 253 2
196 255 0
196 258 0
196 261 1
196 266 1
196 269 6
196 270 1
196 272 6
196 273 6
196 274 6
196 275 3
196 276 3
196 277 5
196 278 5
196 279 6
196 280 5
196 281 5
196 282 5
196 284 7
196 285 4
196 291 7
196 292 5
196 298 5
196 300 5
196 303 2
196 307 5
196 308 5
196 312 5
197 206 5
197 207 7
197 211 6
197 221 5
197 223 4
197 224 5
197 230 2
197 231 2
197 232 2
197 234 2
197 237 2
197 238 2
197 239 6
197 241 7
197 243 7
197 244 0
197 245 0
197 246 3
197 248 4
197 254 0
197 255 2
197 263 0
197 264 1
197 265 7
197 269 7
197 270 1
197 273 1
197 276 6
197 279 6
197 280 6
197 281 5
197 282 5
197 284 4
197 286 4
197 287 5
197 288 5
197 289 7
197 290 4
197 291 5
197 292 5
197 294 5
197 296 5
197 298 5
197 299 4
197 302 4
197 307 5
197 308 5
198 202 6
198 206 5
198 207 6
198 208 5
198 209 7
198 214 6
198 215 6
198 217 3
198 219 4
198 233 5
198 234 2
198 236 5
198 237 5
198 240 7
198 243 1
198 244 1
198 245 2
198 246 0
198 247 4
198 249 4
198 252 0
198 253 2
198 254 0
198 256 2
198 257 0
198 258 0
198 259 1
198 260 1
198 263 0
198 265 1
198 267 7
198 268 7
198 269 7
198 270 7
198 272 7
198 273 1
198 276 3
198 278 3
198 282 5
198 283 4
198 284 4
198 287 5
198 289 5
198 290 5
198 293 5
198 294 5
198 296 4
198 298 4
198 299 5
198 303 5
198 304 5
198 306 4
198 314 5
198 315 5
199 196 4
199 200 4
199 202 6
199 208 7
199 209 6
199 216 3
199 217 3
199 218 7
199 219 4
199 220 4
199 224 5
199 225 2
199 226 2
199 227 2
199 229 2
199 236 5
199 237 5
199 238 5
199 239 5
199 240 7
199 244 0
199 248 4
199 249 4
199 250 0
199 251 2
199 253 2
199 254 2
199 257 2
199 258 2
199 261 1
199 263 7
199 264 7
199 268 1
199 269 1
199 271 6
199 274 3
199 277 6
199 282 5
199 283 5
199 298 5
199 304 4
200 196 4
200 198 5
200 200 4
200 204 5
200 210 6
200 211 6
200 212 6
200 214 3
200 217 4
200 222 4
200 225 2
200 226 3
200 230 3
200 231 2
200 233 2
200 234 4
200 236 4
200 238 5
200 239 2
200 245 4
200 246 0
200 248 4
200 249 4
200 250 0
200 251 2
200 253 2
200 254 2
200 258 2
200 261 3
200 267 7
200 278 6
200 284 5
200 286 4
200 289 6
200 290 5
200 292 5
200 296 5
200 304 4
200 312 5
200 316 5
200 317 4
201 193 5
201 196 4
201 197 4
201 199 6
201 202 3
201 205 5
201 208 5
201 215 3
201 223 5
201 225 2
201 226 2
201 228 2
201 230 2
201 233 2
201 234 4
201 235 5
201 236 5
201 237 2
201 238 5
201 239 3
201 240 5
201 242 3
201 243 4
201 244 0
201 247 0
201 248 4
201 250 0
201 251 2
201 254 2
201 255 2
201 256 2
201 260 2
201 262 2
201 267 1
201 270 1
201 273 6
201 275 6
201 276 6
201 278 6
201 292 5
201 293 5
201 301 5
201 303 1
201 305 5
201 311 5
201 313 5
201 317 4
202 193 5
202 197 4
202 198 6
202 200 4
202 201 3
202 202 4
202 203 4
202 204 4
202 207 5
202 208 5
202 212 6
202 213 6
202 214 3
202 220 5
202 221 4
202 222 4
202 224 4
202 225 4
202 226 4
202 228 2
202 229 4
202 230 4
202 231 1
202 233 5
202 236 5
202 237 3
202 238 2
202 240 3
202 241 3
202 242 3
202 243 4
202 245 0
202 246 0
202 251 2
202 255 2
202 256 2
202 257 2
202 258 2
202 260 2
202 261 2
202 268 1
202 269 1
202 270 0
202 272 6
202 273 6
202 276 6
202 279 7
202 281 4
202 283 5
202 284 4
202 289 6
202 290 6
202 291 5
202 292 5
202 295 5
202 296 5
202 301 1
202 302 3
202 303 1
202 304 4
202 305 4
202 306 4
202 314 5
202 316 5
203 189 2
203 194 5
203 204 5
203 206 3
203 207 5
203 211 5
203 213 6
203 214 2
203 216 3
203 220 5
203 221 3
203 226 2
203 228 2
203 229 5
203 230 1
203 232 4
203 234 4
203 235 4
203 237 2
203 238 3
203 239 2
203 240 3
203 241 4
203 248 1
203 249 1
203 250 1
203 253 2
203 256 2
203 257 2
203 260 2
203 261 2
203 271 1
203 277 7
203 278 7
203 280 4
203 281 5
203 292 6
203 293 3
203 294 4
203 295 6
203 296 4
203 298 1
203 299 5
203 301 1
203 302 1
203 304 3
204 197 6
204 198 6
204 199 6
204 200 4
204 201 5
204 203 4
204 205 5
204 206 3
204 210 6
204 212 3
204 214 5
204 216 4
204 217 4
204 218 5
204 221 5
204 223 5
204 224 5
204 227 5
204 229 5
204 230 7
204 233 5
204 234 5
204 237 3
204 239 3
204 240 3
204 241 3
204 242 5
204 244 5
204 245 5
204 246 0
204 247 1
204 248 1
204 250 1
204 251 2
204 252 2
204 256 1
204 257 1
204 259 2
204 261 2
204 268 0
204 271 1
204 273 1
204 276 7
204 277 7
204 279 7
204 283 5
204 284 5
204 285 5
204 288 6
204 291 5
204 298 1
204 301 1
204 302 3
204 306 3
204 307 3
204 309 4
204 310 4
204 311 4
204 313 5
205 196 4
205 197 6
205 198 6
205 199 6
205 200 6
205 201 6
205 206 5
205 207 5
205 208 3
205 209 3
205 211 6
205 213 6
205 215 4
205 216 4
205 218 4
205 219 4
205 220 5
205 221 5
205 223 3
205 224 3
205 225 5
205 227 5
205 229 2
205 232 5
205 235 5
205 238 3
205 239 3
205 240 3
205 244 5
205 245 5
205 248 1
205 249 1
205 253 2
205 257 2
205 258 2
205 267 1
205 268 1
205 271 1
205 275 1
205 276 1
205 277 7
205 278 7
205 280 5
205 281 5
205 282 5
205 285 5
205 286 5
205 287 5
205 292 1
205 293 6
205 298 1
205 310 4
205 312 5
205 314 5
205 318 0
205 319 0
205 320 0
206 185 5
206 193 2
206 195 2
206 197 6
206 198 6
206 200 6
206 202 6
206 205 5
206 209 3
206 210 6
206 211 5
206 220 4
206 221 5
206 222 5
206 223 5
206 224 5
206 225 4
206 226 2
206 228 5
206 229 7
206 231 7
206 232 7
206 233 5
206 235 3
206 237 3
206 239 4
206 240 4
206 242 4
206 244 4
206 250 4
206 256 4
206 258 4
206 259 2
206 260 4
206 263 0
206 270 1
206 271 1
206 273 1
206 280 5
206 284 6
206 288 5
206 289 6
206 294 6
206 295 6
206 296 1
206 298 3
206 299 2
206 300 5
206 301 3
206 302 5
206 306 3
206 309 4
206 310 4
206 311 4
206 315 1
206 318 1
206 320 0
206 324 0
207 185 5
207 188 4
207 191 4
207 193 4
207 195 2
207 197 2
207 199 6
207 200 6
207 201 5
207 206 3
207 210 3
207 212 6
207 214 4
207 215 4
207 219 4
207 221 4
207 222 3
207 225 4
207 227 5
207 233 3
207 234 3
207 235 5
207 237 5
207 239 4
207 241 4
207 242 4
207 243 5
207 248 4
207 249 1
207 250 1
207 257 3
207 260 2
207 262 0
207 264 0
207 267 1
207 270 1
207 271 1
207 272 5
207 273 1
207 280 5
207 286 5
207 290 6
207 296 0
207 298 3
207 301 0
207 302 2
207 303 2
207 304 2
207 307 3
207 308 4
207 312 0
207 315 1
207 316 1
207 317 1
207 318 1
207 320 1
207 329 1
208 186 4
208 189 5
208 191 4
208 193 2
208 195 2
208 196 6
208 197 2
208 198 2
208 201 6
208 203 6
208 205 3
208 207 3
208 208 3
208 210 2
208 211 2
208 216 5
208 218 4
208 219 3
208 220 4
208 221 5
208 222 4
208 223 4
208 230 4
208 232 7
208 236 5
208 238 5
208 241 4
208 245 4
208 250 1
208 255 7
208 256 1
208 257 3
208 262 1
208 263 1
208 267 5
208 268 5
208 269 5
208 275 6
208 276 6
208 277 6
208 280 5
208 281 6
208 285 6
208 286 5
208 296 1
208 297 3
208 298 3
208 300 3
208 302 2
208 303 2
208 310 0
208 312 0
208 314 1
208 325 1
208 327 1
208 331 1
209 188 3
209 189 2
209 192 2
209 196 6
209 197 6
209 199 2
209 201 6
209 204 6
209 205 3
209 206 3
209 209 5
209 211 3
209 212 5
209 213 3
209 214 5
209 215 3
209 220 5
209 223 4
209 227 3
209 233 5
209 234 5
209 235 5
209 240 4
209 243 4
209 246 5
209 247 4
209 248 1
209 249 1
209 251 1
209 256 1
209 259 4
209 260 3
209 263 1
209 265 0
209 266 0
209 267 0
209 271 1
209 274 5
209 275 6
209 277 4
209 283 6
209 286 7
209 287 5
209 289 5
209 292 3
209 293 6
209 296 3
209 306 2
209 307 2
209 309 1
209 310 2
209 311 0
209 316 1
209 317 1
209 318 1
209 319 1
209 320 1
209 321 1
209 322 1
209 325 1
209 327 0
209 329 1
210 187 5
210 189 2
210 190 2
210 191 5
210 192 3
210 200 6
210 201 5
210 203 6
210 204 6
210 209 3
210 210 5
210 211 3
210 212 5
210 213 2
210 218 3
210 219 3
210 221 3
210 223 4
210 224 3
210 226 4
210 228 4
210 239 6
210 242 4
210 244 4
210 246 4
210 250 1
210 251 1
210 253 6
210 254 0
210 257 4
210 259 4
210 260 3
210 261 1
210 262 1
210 266 5
210 267 5
210 268 5
210 272 2
210 273 1
210 281 6
210 283 6
210 285 5
210 286 7
210 291 5
210 294 3
210 296 3
210 297 3
210 298 3
210 300 2
210 301 2
210 303 2
210 307 2
210 308 2
210 309 2
210 310 1
210 311 1
210 314 1
210 316 1
210 319 1
210 320 1
210 322 1
210 325 0
210 326 1
210 327 1
210 330 0
210 331 1
210 332 1
210 334 1
211 187 3
211 189 3
211 193 2
211 200 6
211 204 6
211 210 3
211 211 2
211 212 3
211 214 2
211 216 3
211 218 3
211 222 3
211 223 3
211 225 5
211 227 4
211 232 6
211 233 6
211 236 6
211 238 5
211 239 5
211 240 4
211 241 5
211 248 1
211 249 1
211 252 7
211 253 6
211 259 1
211 261 1
211 262 1
211 264 0
211 265 5
211 270 5
211 278 7
211 279 4
211 280 7
211 281 7
211 282 6
211 284 7
211 285 6
211 286 7
211 289 6
211 290 5
211 292 3
211 293 3
211 296 3
211 297 5
211 298 0
211 299 0
211 300 0
211 301 2
211 310 1
211 318 1
211 320 0
211 321 1
211 322 1
211 327 1
211 330 0
211 331 1
211 333 1
212 187 3
212 188 3
212 190 3
212 193 4
212 201 5
212 202 7
212 204 7
212 206 7
212 208 3
212 209 2
212 210 3
212 211 3
212 212 3
212 214 3
212 216 3
212 217 3
212 228 4
212 229 6
212 230 6
212 231 6
212 232 6
212 233 5
212 234 6
212 235 5
212 237 6
212 239 4
212 240 4
212 241 4
212 245 4
212 247 1
212 249 1
212 254 0
212 255 1
212 257 1
212 258 1
212 259 1
212 262 1
212 263 5
212 266 5
212 270 5
212 271 5
212 277 3
212 283 6
212 284 6
212 287 6
212 292 5
212 294 4
212 296 0
212 297 1
212 299 1
212 303 2
212 305 2
212 309 2
212 311 1
212 313 1
212 316 1
212 321 1
212 328 1
212 329 1
212 333 1
213 187 3
213 189 3
213 192 5
213 193 4
213 198 4
213 200 4
213 201 5
213 208 3
213 210 3
213 211 3
213 217 3
213 219 3
213 221 4
213 222 3
213 223 4
213 226 6
213 234 6
213 237 5
213 239 5
213 241 5
213 242 4
213 244 4
213 246 4
213 247 1
213 249 1
213 250 1
213 253 1
213 254 1
213 255 2
213 256 1
213 257 1
213 261 1
213 262 1
213 264 5
213 265 5
213 267 5
213 268 5
213 276 6
213 278 7
213 282 6
213 286 6
213 288 6
213 290 5
213 292 1
213 294 5
213 295 5
213 296 5
213 297 1
213 301 2
213 302 2
213 304 2
213 305 1
213 306 2
213 307 2
213 308 2
213 309 1
213 310 1
213 312 0
213 314 0
213 315 1
213 318 2
213 319 1
213 320 1
213 323 1
213 324 0
213 325 0
213 326 1
213 328 1
213 329 1
213 330 1
213 332 1
214 185 3
214 188 3
214 189 3
214 191 4
214 192 4
214 194 4
214 197 5
214 198 5
214 199 7
214 200 7
214 203 7
214 205 7
214 208 3
214 212 3
214 215 3
214 217 4
214 218 3
214 219 3
214 221 3
214 222 3
214 223 3
214 226 3
214 227 3
214 228 3
214 231 6
214 232 7
214 235 4
214 236 5
214 237 5
214 238 5
214 239 4
214 240 4
214 241 4
214 243 4
214 244 4
214 245 4
214 247 4
214 252 2
214 254 2
214 260 5
214 261 5
214 262 4
214 269 5
214 274 5
214 276 5
214 282 6
214 284 6
214 286 4
214 288 6
214 293 1
214 302 2
214 305 2
214 306 1
214 315 0
214 316 2
214 320 1
214 322 1
214 326 1
214 329 1
214 331 1
215 189 3
215 190 3
215 191 3
215 192 4
215 193 4
215 194 4
215 202 5
215 205 7
215 210 3
215 212 3
215 222 4
215 224 3
215 225 3
215 228 6
215 233 5
215 237 5
215 238 5
215 240 5
215 241 4
215 247 4
215 251 0
215 252 1
215 254 0
215 258 0
215 259 0
215 262 0
215 263 4
215 264 5
215 265 5
215 274 5
215 276 5
215 281 5
215 286 6
215 290 5
215 298 2
215 300 2
215 301 2
215 303 2
215 305 2
215 306 1
215 308 1
215 309 0
215 310 1
215 311 0
215 312 0
215 314 0
215 315 0
215 317 1
215 318 1
215 321 0
215 322 1
215 324 1
215 326 0
216 185 3
216 186 3
216 189 3
216 192 4
216 193 4
216 196 4
216 197 5
216 199 5
216 201 5
216 202 6
216 211 3
216 213 3
216 214 3
216 215 3
216 217 3
216 218 3
216 220 4
216 222 4
216 224 4
216 226 3
216 229 3
216 231 6
216 232 6
216 233 6
216 238 5
216 243 5
216 244 5
216 246 5
216 247 4
216 248 5
216 249 2
216 251 1
216 252 0
216 255 2
216 258 2
216 260 0
216 264 5
216 266 5
216 268 5
216 271 5
216 272 5
216 276 6
216 280 5
216 285 6
216 286 6
216 287 4
216 291 4
216 293 4
216 294 1
216 295 1
216 296 0
216 299 2
216 301 2
216 303 2
216 305 1
216 307 0
216 308 1
216 309 0
216 310 1
216 311 0
216 312 1
216 313 0
216 314 0
216 316 0
216 321 1
216 325 1
216 326 1
216 328 1
216 329 1
216 332 1
217 192 4
217 193 4
217 196 3
217 197 5
217 200 5
217 201 5
217 204 7
217 208 4
217 210 5
217 211 5
217 214 3
217 215 5
217 219 3
217 222 4
217 225 4
217 226 3
217 228 6
217 232 3
217 234 5
217 237 4
217 239 5
217 243 5
217 244 4
217 249 4
217 251 2
217 252 2
217 254 0
217 258 0
217 262 5
217 266 5
217 271 5
217 272 5
217 278 5
217 279 5
217 280 5
217 281 6
217 283 6
217 285 4
217 286 4
217 288 4
217 289 4
217 290 1
217 291 4
217 293 1
217 294 1
217 296 1
217 297 0
217 299 5
217 300 2
217 301 2
217 303 2
217 304 2
217 305 1
217 308 0
217 311 1
217 317 1
217 318 1
217 319 1
217 323 2
217 326 0
217 331 1
217 332 1
218 185 3
218 189 3
218 193 4
218 196 5
218 201 5
218 202 5
218 204 7
218 206 4
218 207 4
218 208 5
218 209 4
218 210 3
218 212 3
218 214 3
218 215 2
218 216 3
218 217 3
218 218 4
218 223 4
218 224 4
218 225 4
218 226 4
218 227 5
218 229 5
218 230 3
218 231 5
218 233 6
218 236 6
218 237 4
218 238 6
218 241 5
218 245 4
218 247 4
218 250 5
218 251 2
218 255 0
218 256 2
218 258 2
218 259 2
218 260 0
218 262 0
218 265 5
218 266 4
218 267 3
218 271 5
218 272 5
218 274 5
218 282 6
218 284 4
218 285 4
218 286 4
218 288 4
218 291 1
218 292 4
218 293 4
218 296 1
218 297 0
218 302 0
218 303 2
218 304 1
218 306 1
218 308 1
218 312 2
218 316 1
218 317 1
218 319 1
218 324 2
218 325 2
218 326 2
219 187 3
219 188 3
219 189 3
219 190 3
219 193 2
219 195 3
219 196 3
219 197 3
219 199 6
219 201 6
219 203 7
219 205 7
219 207 4
219 208 4
219 219 1
219 220 4
219 221 0
219 223 4
219 224 4
219 225 3
219 227 6
219 229 6
219 230 6
219 231 5
219 233 5
219 235 1
219 239 6
219 242 6
219 244 6
219 248 6
219 254 0
219 255 0
219 257 2
219 258 0
219 259 2
219 260 3
219 261 3
219 263 5
219 264 5
219 266 3
219 269 5
219 271 5
219 272 2
219 273 2
219 274 2
219 279 6
219 282 6
219 286 4
219 287 0
219 288 0
219 292 4
219 293 1
219 294 1
219 295 1
219 296 0
219 297 0
219 299 0
219 302 0
219 303 2
219 306 1
219 308 1
219 313 1
219 314 1
219 315 0
219 316 0
219 317 0
219 323 0
219 325 0
219 326 2
220 187 3
220 188 3
220 191 3
220 197 1
220 205 6
220 206 7
220 211 1
220 216 3
220 218 4
220 220 1
220 224 4
220 225 4
220 230 5
220 233 5
220 234 4
220 235 2
220 237 6
220 239 6
220 241 5
220 246 6
220 247 6
220 256 3
220 259 3
220 260 3
220 264 5
220 265 3
220 270 3
220 271 5
220 274 2
220 275 5
220 278 3
220 280 6
220 281 3
220 284 4
220 288 1
220 291 1
220 294 1
220 296 0
220 297 0
220 298 0
220 302 2
220 305 1
220 306 1
220 307 1
220 308 1
220 310 2
220 311 1
220 312 1
220 316 0
220 324 0
220 325 0
221 187 3
221 188 3
221 194 2
221 195 2
221 196 1
221 197 1
221 199 6
221 200 6
221 204 6
221 207 7
221 208 1
221 210 2
221 212 7
221 219 3
221 220 1
221 222 1
221 224 1
221 228 5
221 230 5
221 234 5
221 235 5
221 236 1
221 237 6
221 243 5
221 245 5
221 248 6
221 253 0
221 256 3
221 258 2
221 259 4
221 260 4
221 261 3
221 263 3
221 270 3
221 274 2
221 277 2
221 278 5
221 279 3
221 280 3
221 284 0
221 286 0
221 288 4
221 289 0
221 292 1
221 293 2
221 295 2
221 296 0
221 299 0
221 300 0
221 304 1
221 309 1
221 310 2
221 311 1
221 314 1
221 316 0
221 317 0
221 321 0
221 325 0
222 187 3
222 188 3
222 190 3
222 194 2
222 198 2
222 199 2
222 202 6
222 206 7
222 209 1
222 210 2
222 211 7
222 212 7
222 213 2
222 216 3
222 218 1
222 220 1
222 221 1
222 223 1
222 226 5
222 227 4
222 233 4
222 236 5
222 240 6
222 249 0
222 252 6
222 254 6
222 255 4
222 256 4
222 264 3
222 265 3
222 267 3
222 268 2
222 272 2
222 274 2
222 277 3
222 278 3
222 280 3
222 283 0
222 285 0
222 288 0
222 291 1
222 292 1
222 296 0
222 297 1
222 298 0
222 302 0
222 305 1
222 307 2
222 309 0
222 310 1
222 311 2
222 312 1
222 313 1
222 316 0
222 317 0
222 323 0
222 326 0
223 189 3
223 202 6
223 204 6
223 207 6
223 208 7
223 209 2
223 210 2
223 216 1
223 217 1
223 218 1
223 220 1
223 222 1
223 223 1
223 225 2
223 227 2
223 229 5
223 231 2
223 235 5
223 236 5
223 239 6
223 240 3
223 241 6
223 244 6
223 246 6
223 248 6
223 249 4
223 250 4
223 251 0
223 252 6
223 257 4
223 261 3
223 262 3
223 266 2
223 269 3
223 272 2
223 273 2
223 280 3
223 284 0
223 286 0
223 291 1
223 299 0
223 302 2
223 303 2
223 304 1
223 306 1
223 311 2
223 314 1
223 315 1
223 317 0
223 319 0
223 322 0
223 323 0
223 324 0
223 325 0
224 199 4
224 207 6
224 209 2
224 214 0
224 217 3
224 218 1
224 219 3
224 221 2
224 222 1
224 224 2
224 225 2
224 228 2
224 231 5
224 233 4
224 234 5
224 235 5
224 238 6
224 241 6
224 246 6
224 247 5
224 248 0
224 250 6
224 252 4
224 253 4
224 254 6
224 261 4
224 262 3
224 263 3
224 266 3
224 271 2
224 273 2
224 274 3
224 275 2
224 277 3
224 281 7
224 282 0
224 285 0
224 288 1
224 289 1
224 292 1
224 293 1
224 294 0
224 301 0
224 302 1
224 306 2
224 307 2
224 308 2
224 311 2
224 313 1
224 317 0
224 319 0
224 321 0
224 322 0
224 323 0
224 324 0
224 327 0
225 197 2
225 199 4
225 202 4
225 209 1
225 211 2
225 217 3
225 218 3
225 219 3
225 222 2
225 224 2
225 225 2
225 226 2
225 228 5
225 229 2
225 233 5
225 234 5
225 235 5
225 240 6
225 241 6
225 243 6
225 248 4
225 249 6
225 250 4
225 252 6
225 254 3
225 255 3
225 256 4
225 258 4
225 259 3
225 264 3
225 266 3
225 267 2
225 270 2
225 271 2
225 272 2
225 276 2
225 279 3
225 280 3
225 282 3
225 285 5
225 286 1
225 292 1
225 301 0
225 303 2
225 309 2
225 311 2
225 315 0
225 318 0
225 319 0
225 320 0
225 321 0
225 323 0
225 325 0
226 196 2
226 197 4
226 207 7
226 210 3
226 211 2
226 216 3
226 217 3
226 218 2
226 220 2
226 223 2
226 224 2
226 225 2
226 226 2
226 231 5
226 240 1
226 241 3
226 245 4
226 250 6
226 251 6
226 252 6
226 253 0
226 256 3
226 258 1
226 259 4
226 261 3
226 266 2
226 268 3
226 272 2
226 273 2
226 275 3
226 280 3
226 281 3
226 283 3
226 288 1
226 290 1
226 292 1
226 301 3
226 304 2
226 306 2
226 308 1
226 311 1
226 312 2
226 313 1
226 315 1
226 317 0
226 320 0
226 321 0
226 322 0
226 323 0
226 326 0
226 327 1
227 191 5
227 193 5
227 205 4
227 209 3
227 215 3
227 216 3
227 217 3
227 220 2
227 222 2
227 224 2
227 226 3
227 230 5
227 234 8
227 235 6
227 236 6
227 237 6
227 238 4
227 250 6
227 258 4
227 269 2
227 270 0
227 274 5
227 277 4
227 279 3
227 280 2
227 283 4
227 287 6
227 290 1
227 292 1
227 294 1
227 296 0
227 297 3
227 300 3
227 301 3
227 305 2
227 308 1
227 309 3
227 313 2
227 314 2
227 316 0
227 324 0
227 327 1
228 188 5
228 199 2
228 201 4
228 205 7
228 208 4
228 211 2
228 214 3
228 215 8
228 217 3
228 218 3
228 219 3
228 226 2
228 229 2
228 231 5
228 234 5
228 235 6
228 239 7
228 240 7
228 241 5
228 245 3
228 247 4
228 248 4
228 249 0
228 250 4
228 257 2
228 258 2
228 261 1
228 264 1
228 265 1
228 266 2
228 267 2
228 270 1
228 271 1
228 275 2
228 277 2
228 285 6
228 286 1
228 287 6
228 288 1
228 296 1
228 303 3
228 306 3
228 308 3
228 312 2
228 316 2
228 317 2
228 320 0
228 321 0
228 324 1
229 187 5
229 193 4
229 196 2
229 197 2
229 205 4
229 206 4
229 207 3
229 208 3
229 212 3
229 213 2
229 214 8
229 215 8
229 216 8
229 220 2
229 224 6
229 226 3
229 229 5
229 230 5
229 231 8
229 232 8
229 237 3
229 238 3
229 239 7
229 240 5
229 241 6
229 242 6
229 243 6
229 244 4
229 246 4
229 248 4
229 249 4
229 250 4
229 251 4
229 252 4
229 255 4
229 256 1
229 257 2
229 258 2
229 259 2
229 261 1
229 262 1
229 264 1
229 266 2
229 270 1
229 273 4
229 274 2
229 275 5
229 277 4
229 278 4
229 279 4
229 280 1
229 284 4
229 287 0
229 288 1
229 292 0
229 294 1
229 295 0
229 296 2
229 297 1
229 298 1
229 300 2
229 301 3
229 304 3
229 310 3
229 311 3
229 312 3
229 315 2
229 327 0
230 189 5
230 195 4
230 199 5
230 200 2
230 201 2
230 203 4
230 205 4
230 206 4
230 212 4
230 213 8
230 215 3
230 216 3
230 222 2
230 225 3
230 227 2
230 231 5
230 232 8
230 235 6
230 236 8
230 237 8
230 242 6
230 243 2
230 244 4
230 245 4
230 246 0
230 248 2
230 251 4
230 257 2
230 263 1
230 264 1
230 265 1
230 266 2
230 267 1
230 268 2
230 269 2
230 272 2
230 273 2
230 275 2
230 278 4
230 282 4
230 284 1
230 285 6
230 288 0
230 290 2
230 291 1
230 292 0
230 299 1
230 300 1
230 303 3
230 305 3
230 307 3
230 308 3
230 310 3
230 312 3
230 314 2
230 317 3
230 320 3
230 324 3
230 327 0
231 182 1
231 187 5
231 188 5
231 189 5
231 191 3
231 193 3
231 195 4
231 197 5
231 198 2
231 199 2
231 200 2
231 202 2
231 204 4
231 206 4
231 207 5
231 213 8
231 214 8
231 215 8
231 217 8
231 218 3
231 222 6
231 223 6
231 225 6
231 228 2
231 230 5
231 233 6
231 235 4
231 238 2
231 239 6
231 241 6
231 242 6
231 243 2
231 246 4
231 247 0
231 249 2
231 252 1
231 256 1
231 257 1
231 258 1
231 259 1
231 260 1
231 262 1
231 263 1
231 265 1
231 270 1
231 271 3
231 272 2
231 274 2
231 276 2
231 277 4
231 278 3
231 281 1
231 283 1
231 284 4
231 285 4
231 286 1
231 288 2
231 292 1
231 293 1
231 295 1
231 298 1
231 300 2
231 301 2
231 303 2
231 308 3
231 311 3
231 312 3
231 314 2
231 315 3
231 318 2
231 322 3
231 323 3
231 325 1
231 327 0
231 328 3
231 331 1
232 184 1
232 185 1
232 186 5
232 189 5
232 190 5
232 195 5
232 197 5
232 198 5
232 199 2
232 200 2
232 204 5
232 205 5
232 207 4
232 208 4
232 211 3
232 212 3
232 213 8
232 214 3
232 219 10
232 221 10
232 225 3
232 232 6
232 233 4
232 234 6
232 242 4
232 244 2
232 248 2
232 250 2
232 252 1
232 253 2
232 255 2
232 256 2
232 258 2
232 262 1
232 263 1
232 264 1
232 266 1
232 268 1
232 269 0
232 272 3
232 274 3
232 277 1
232 278 4
232 279 4
232 281 5
232 282 5
232 290 2
232 291 2
232 300 1
232 301 1
232 302 2
232 303 2
232 310 2
232 311 2
232 312 1
232 319 3
232 323 2
232 328 1
232 329 3
232 330 2
232 331 1
233 184 1
233 185 5
233 186 0
233 187 5
233 188 5
233 189 5
233 191 5
233 193 3
233 194 5
233 195 5
233 197 5
233 198 5
233 203 4
233 204 5
233 208 4
233 209 4
233 210 4
233 213 8
233 214 3
233 215 3
233 217 3
233 220 7
233 221 10
233 222 3
233 224 3
233 226 6
233 235 6
233 237 7
233 238 7
233 241 6
233 242 6
233 249 2
233 251 2
233 254 2
233 256 4
233 258 4
233 261 4
233 266 0
233 267 2
233 268 1
233 270 1
233 277 0
233 278 4
233 280 1
233 281 1
233 283 5
233 288 2
233 293 1
233 295 1
233 296 1
233 300 2
233 302 2
233 303 3
233 308 2
233 316 2
233 319 3
233 321 1
233 322 2
233 325 2
233 326 2
233 327 3
233 331 2
234 177 0
234 185 1
234 186 5
234 187 5
234 189 5
234 190 5
234 194 5
234 198 5
234 199 5
234 203 5
234 204 4
234 206 5
234 208 4
234 211 3
234 212 4
234 216 3
234 219 3
234 221 10
234 224 3
234 229 7
234 230 7
234 232 6
234 233 6
234 235 6
234 238 7
234 240 8
234 247 0
234 250 1
234 251 1
234 253 2
234 254 2
234 256 2
234 257 3
234 258 3
234 259 3
234 260 4
234 264 1
234 265 1
234 266 0
234 271 1
234 272 1
234 273 3
234 275 2
234 276 0
234 279 4
234 281 5
234 283 5
234 291 2
234 295 2
234 296 1
234 297 2
234 298 1
234 306 1
234 310 2
234 316 2
234 318 2
234 320 3
234 321 3
234 322 1
234 326 3
234 331 3
234 332 3
235 177 0
235 180 0
235 182 1
235 183 1
235 186 5
235 189 5
235 192 5
235 194 5
235 195 5
235 196 4
235 197 5
235 208 4
235 209 4
235 210 4
235 211 4
235 212 4
235 213 3
235 216 3
235 217 3
235 218 4
235 219 3
235 220 3
235 222 10
235 223 10
235 224 10
235 225 10
235 230 7
235 233 7
235 234 7
235 236 7
235 240 8
235 247 1
235 249 0
235 251 2
235 258 2
235 260 4
235 264 1
235 266 0
235 269 1
235 274 0
235 279 4
235 280 5
235 282 5
235 283 5
235 284 5
235 285 1
235 286 1
235 290 3
235 293 0
235 294 0
235 295 1
235 296 1
235 297 1
235 300 2
235 303 2
235 304 2
235 305 1
235 308 2
235 313 1
235 318 2
235 320 3
235 322 3
235 323 2
235 324 3
235 325 3
235 331 3
235 332 3
235 333 3
236 175 0
236 182 1
236 185 0
236 187 1
236 188 5
236 189 2
236 191 2
236 192 2
236 196 5
236 198 5
236 200 5
236 201 2
236 205 5
236 206 4
236 210 4
236 214 4
236 217 4
236 218 3
236 220 3
236 223 3
236 224 10
236 227 4
236 233 3
236 236 6
236 237 6
236 239 7
236 241 7
236 246 3
236 252 2
236 255 2
236 259 4
236 261 4
236 262 4
236 263 1
236 264 2
236 265 0
236 266 0
236 267 0
236 274 1
236 275 1
236 276 0
236 277 4
236 280 5
236 281 5
236 282 5
236 284 5
236 286 3
236 287 3
236 289 3
236 291 2
236 296 1
236 298 2
236 301 2
236 303 2
236 305 1
236 306 1
236 308 2
236 309 2
236 311 2
236 314 2
236 315 1
236 318 3
236 319 8
236 322 2
236 324 3
236 326 3
236 332 3
236 334 3
237 177 0
237 178 0
237 182 1
237 185 1
237 186 1
237 190 2
237 191 2
237 192 2
237 196 5
237 200 5
237 203 5
237 205 5
237 206 3
237 208 6
237 209 4
237 210 6
237 215 3
237 220 2
237 222 3
237 224 10
237 231 7
237 234 8
237 236 6
237 238 7
237 241 4
237 244 4
237 245 3
237 246 4
237 249 2
237 252 5
237 254 2
237 258 4
237 259 4
237 263 2
237 264 2
237 266 5
237 267 5
237 269 5
237 270 0
237 271 0
237 272 1
237 274 1
237 277 1
237 278 4
237 282 7
237 284 1
237 285 1
237 286 3
237 288 3
237 289 1
237 290 3
237 295 3
237 298 1
237 299 3
237 305 1
237 306 1
237 307 2
237 308 2
237 309 2
237 312 1
237 313 1
237 314 8
237 315 2
237 326 3
237 329 3
237 330 3
237 332 3
237 334 3
238 182 0
238 185 1
238 187 0
238 188 0
238 192 4
238 193 2
238 195 2
238 198 4
238 202 5
238 205 4
238 209 4
238 210 6
238 217 3
238 218 3
238 219 3
238 220 3
238 232 4
238 234 8
238 236 7
238 240 5
238 243 4
238 244 4
238 247 5
238 248 2
238 251 5
238 252 2
238 253 5
238 255 2
238 256 2
238 258 4
238 259 4
238 261 4
238 263 2
238 266 5
238 267 5
238 268 5
238 269 1
238 270 5
238 271 1
238 274 0
238 277 1
238 278 1
238 281 7
238 282 7
238 284 1
238 285 4
238 287 4
238 289 3
238 299 2
238 303 2
238 304 2
238 309 2
238 311 2
238 312 0
238 313 7
238 314 0
238 321 3
238 323 2
238 325 3
238 326 2
238 327 3
238 328 3
238 334 2
239 183 1
239 187 4
239 188 4
239 189 0
239 193 1
239 194 1
239 195 4
239 196 4
239 197 4
239 200 5
239 202 5
239 207 4
239 208 4
239 211 6
239 214 5
239 216 6
239 217 6
239 218 5
239 220 6
239 223 10
239 225 7
239 227 5
239 229 5
239 230 4
239 231 8
239 236 7
239 237 6
239 240 8
239 241 4
239 244 2
239 245 5
239 249 5
239 253 2
239 258 4
239 259 4
239 261 4
239 262 3
239 263 2
239 266 6
239 269 5
239 270 5
239 271 5
239 273 1
239 275 1
239 277 1
239 278 7
239 279 7
239 282 5
239 284 5
239 286 1
239 288 4
239 289 3
239 291 3
239 293 3
239 294 3
239 295 3
239 297 1
239 298 1
239 303 1
239 305 1
239 306 2
239 307 1
239 312 7
239 313 7
239 318 3
239 319 8
239 321 2
239 324 8
239 328 2
240 180 0
240 182 1
240 184 1
240 186 4
240 189 0
240 193 4
240 194 1
240 195 5
240 197 5
240 203 5
240 209 6
240 216 6
240 218 5
240 220 10
240 225 5
240 230 8
240 233 6
240 234 7
240 237 7
240 239 8
240 242 5
240 247 3
240 248 5
240 251 5
240 252 5
240 254 5
240 255 5
240 256 5
240 257 4
240 258 4
240 259 10
240 260 10
240 262 9
240 263 9
240 269 5
240 272 1
240 273 4
240 274 2
240 278 7
240 282 5
240 283 5
240 289 2
240 290 3
240 295 0
240 296 0
240 297 0
240 298 2
240 299 2
240 301 2
240 307 2
240 310 2
240 312 7
240 313 7
240 316 2
240 317 8
240 318 7
240 319 8
240 320 8
240 322 2
240 324 8
240 325 2
240 327 2
240 329 2
241 181 1
241 182 0
241 184 0
241 185 5
241 189 4
241 192 4
241 193 4
241 195 5
241 199 5
241 202 5
241 207 6
241 208 6
241 211 6
241 214 7
241 216 6
241 217 6
241 221 5
241 222 5
241 230 7
241 232 5
241 233 6
241 234 6
241 236 7
241 238 7
241 240 8
241 246 3
241 247 3
241 249 3
241 250 4
241 253 5
241 257 10
241 258 4
241 260 5
241 261 100000
241 263 9
241 264 9
241 266 4
241 267 6
241 268 4
241 271 5
241 272 4
241 273 4
241 278 7
241 279 2
241 280 7
241 281 2
241 288 2
241 291 3
241 297 0
241 299 2
241 300 1
241 301 2
241 302 1
241 303 1
241 304 1
241 305 2
241 311 7
241 313 7
241 316 2
241 320 7
241 321 7
241 322 2
241 323 7
241 326 2
241 327 2
242 174 0
242 180 0
242 181 0
242 183 0
242 191 2
242 197 5
242 198 7
242 200 4
242 201 5
242 203 5
242 208 6
242 211 6
242 214 7
242 215 6
242 216 6
242 220 10
242 224 5
242 225 5
242 226 4
242 227 3
242 229 5
242 230 5
242 232 5
242 234 6
242 235 8
242 236 7
242 240 6
242 247 5
242 249 5
242 252 5
242 253 5
242 254 5
242 257 10
242 258 9
242 260 10
242 261 9
242 263 9
242 265 6
242 266 5
242 272 5
242 273 5
242 278 2
242 279 2
242 287 1
242 290 3
242 292 3
242 294 0
242 297 3
242 304 1
242 305 2
242 306 2
242 309 2
242 311 7
242 313 7
242 314 2
242 316 8
242 317 2
242 320 2
242 321 2
242 322 2
242 325 8
242 328 2
243 179 0
243 180 0
243 181 0
243 182 0
243 183 0
243 185 0
243 188 4
243 190 4
243 195 6
243 196 6
243 197 6
243 199 7
243 201 6
243 204 5
243 207 6
243 217 5
243 221 5
243 222 5
243 223 5
243 224 5
243 225 5
243 227 4
243 228 3
243 230 5
243 232 5
243 238 4
243 239 5
243 240 7
243 241 7
243 242 6
243 246 3
243 251 5
243 252 5
243 253 4
243 256 5
243 257 9
243 258 4
243 261 9
243 264 9
243 265 5
243 266 5
243 269 5
243 273 4
243 274 4
243 275 5
243 278 5
243 279 2
243 285 2
243 286 2
243 287 2
243 288 0
243 291 1
243 292 1
243 295 1
243 296 0
243 297 2
243 298 1
243 299 1
243 302 0
243 303 0
243 304 0
243 306 7
243 308 2
243 310 2
243 312 7
243 314 2
243 315 2
243 317 8
243 318 8
243 320 8
243 323 2
243 326 2
243 330 8
244 177 0
244 180 0
244 181 0
244 182 0
244 189 0
244 190 1
244 191 1
244 193 6
244 195 1
244 197 1
244 198 7
244 199 7
244 201 6
244 202 6
244 203 6
244 204 5
244 205 7
244 207 6
244 208 6
244 209 6
244 210 6
244 211 6
244 212 5
244 213 7
244 216 5
244 221 6
244 224 5
244 225 5
244 228 6
244 229 5
244 233 5
244 235 8
244 238 4
244 239 5
244 240 4
244 241 7
244 243 5
244 254 5
244 256 5
244 262 9
244 268 2
244 269 8
244 270 8
244 271 5
244 272 5
244 274 5
244 275 4
244 278 2
244 280 2
244 283 2
244 284 2
244 291 1
244 292 1
244 294 0
244 295 0
244 296 1
244 297 0
244 302 0
244 303 7
244 305 2
244 306 2
244 309 2
244 314 8
244 316 8
244 318 2
244 322 2
244 323 2
244 326 8
244 328 7
244 329 2
245 172 0
245 177 0
245 182 0
245 185 0
245 188 0
245 198 7
245 199 6
245 201 6
245 205 6
245 206 6
245 208 6
245 211 6
245 214 7
245 215 7
245 217 7
245 220 6
245 221 5
245 223 5
245 225 4
245 226 5
245 227 5
245 234 7
245 235 3
245 237 9
245 241 8
245 246 4
245 248 5
245 249 4
245 250 5
245 252 5
245 254 5
245 258 10
245 259 10
245 261 1
245 262 9
245 264 3
245 268 8
245 270 8
245 271 5
245 273 7
245 274 7
245 275 5
245 278 5
245 280 2
245 287 1
245 289 2
245 292 1
245 295 1
245 296 1
245 299 1
245 301 0
245 303 2
245 304 7
245 311 6
245 313 7
245 317 8
245 320 8
245 321 8
245 323 7
245 324 8
245 329 7
245 332 8
246 171 0
246 174 0
246 182 0
246 183 0
246 185 0
246 190 0
246 192 0
246 194 2
246 198 6
246 199 6
246 200 7
246 203 6
246 206 6
246 214 7
246 217 7
246 218 7
246 220 6
246 221 5
246 222 5
246 224 5
246 230 5
246 232 5
246 233 7
246 236 7
246 237 9
246 240 9
246 246 4
246 249 4
246 251 4
246 252 4
246 253 0
246 256 1
246 257 10
246 259 1
246 260 1
246 261 9
246 262 9
246 268 2
246 273 5
246 275 5
246 284 2
246 287 1
246 291 1
246 292 1
246 294 2
246 295 2
246 296 2
246 297 1
246 299 1
246 301 2
246 302 7
246 303 2
246 309 6
246 315 7
246 316 8
246 317 8
246 319 2
246 322 7
246 324 7
246 325 7
246 329 8
246 330 8
246 332 8
247 172 0
247 175 0
247 176 0
247 177 0
247 181 0
247 186 1
247 189 0
247 192 0
247 193 0
247 194 2
247 195 6
247 197 6
247 200 7
247 201 6
247 202 7
247 204 7
247 205 6
247 208 6
247 209 6
247 211 4
247 213 5
247 214 5
247 215 5
247 216 5
247 218 7
247 220 7
247 224 5
247 225 3
247 229 5
247 230 5
247 231 5
247 238 9
247 239 4
247 240 4
247 244 4
247 245 4
247 248 4
247 249 4
247 250 4
247 251 5
247 253 3
247 254 0
247 256 10
247 257 10
247 258 1
247 260 1
247 262 0
247 265 3
247 266 1
247 267 3
247 268 2
247 269 2
247 271 7
247 272 7
247 274 6
247 275 5
247 286 0
247 295 1
247 301 2
247 303 2
247 310 6
247 313 2
247 316 8
247 317 7
247 323 7
247 324 7
247 329 7
247 330 7
248 170 1
248 172 1
248 180 0
248 182 1
248 185 0
248 186 0
248 191 2
248 193 6
248 195 6
248 200 7
248 202 7
248 204 6
248 205 7
248 206 6
248 210 3
248 212 5
248 213 6
248 214 6
248 216 6
248 221 3
248 222 5
248 223 3
248 224 3
248 226 1
248 227 1
248 228 1
248 230 5
248 231 5
248 234 7
248 235 3
248 239 3
248 244 4
248 247 4
248 248 3
248 249 4
248 251 1
248 257 2
248 259 1
248 261 1
248 262 7
248 263 7
248 265 1
248 266 1
248 267 2
248 271 2
248 272 4
248 274 6
248 275 6
248 276 0
248 277 5
248 278 5
248 285 1
248 286 1
248 287 0
248 292 1
248 296 1
248 297 1
248 300 5
248 311 2
248 312 7
248 314 7
248 318 8
248 322 7
248 324 7
248 326 8
248 331 7
249 173 0
249 175 0
249 177 0
249 178 0
249 180 0
249 188 0
249 189 0
249 190 0
249 191 0
249 192 0
249 193 0
249 195 6
249 196 6
249 201 5
249 203 6
249 205 6
249 206 6
249 207 6
249 211 3
249 216 6
249 221 7
249 227 6
249 228 1
249 229 6
249 230 5
249 231 5
249 233 3
249 234 7
249 240 4
249 246 2
249 247 2
249 248 3
249 249 4
249 254 2
249 260 7
249 261 7
249 262 1
249 263 0
249 264 1
249 265 3
249 272 0
249 274 4
249 275 4
249 278 0
249 285 1
249 287 0
249 288 0
249 289 0
249 292 1
249 293 1
249 306 5
249 308 5
249 311 6
249 312 7
249 315 6
249 317 8
249 318 5
249 325 8
249 328 7
249 329 7
250 172 1
250 176 1
250 179 0
250 182 0
250 185 0
250 187 0
250 190 0
250 191 2
250 195 2
250 207 6
250 209 6
250 213 6
250 214 6
250 215 6
250 217 7
250 218 10
250 220 6
250 221 6
250 222 5
250 226 1
250 227 6
250 229 6
250 233 5
250 235 2
250 240 3
250 241 2
250 244 4
250 247 3
250 251 2
250 254 3
250 256 7
250 260 7
250 261 1
250 262 7
250 265 8
250 270 8
250 271 8
250 272 4
250 277 4
250 282 4
250 284 2
250 292 0
250 293 1
250 294 1
250 295 6
250 296 6
250 297 6
250 298 1
250 306 5
250 308 5
250 309 2
250 314 7
250 315 7
250 317 5
250 321 8
250 322 8
250 325 7
250 326 8
250 328 7
251 176 0
251 178 0
251 179 0
251 180 0
251 182 0
251 191 2
251 192 2
251 194 2
251 195 6
251 198 6
251 199 6
251 201 6
251 205 7
251 207 7
251 209 6
251 211 6
251 214 4
251 215 6
251 216 6
251 221 10
251 226 6
251 229 5
251 230 5
251 233 5
251 235 2
251 238 1
251 241 2
251 242 4
251 244 2
251 245 4
251 248 2
251 251 2
251 252 2
251 253 2
251 255 2
251 256 1
251 257 1
251 262 7
251 269 8
251 270 3
251 281 2
251 282 2
251 285 0
251 291 1
251 292 0
251 294 0
251 296 1
251 298 5
251 299 1
251 305 1
251 306 5
251 308 2
251 309 2
251 310 4
251 312 7
251 315 6
251 316 6
251 317 7
251 321 7
251 322 7
251 325 6
251 326 7
251 327 7
251 328 7
251 331 7
252 173 1
252 176 0
252 178 0
252 179 0
252 181 1
252 193 2
252 198 5
252 201 6
252 204 7
252 208 6
252 209 6
252 210 6
252 214 6
252 217 6
252 218 2
252 219 3
252 220 3
252 221 6
252 222 3
252 224 10
252 226 1
252 229 5
252 231 5
252 236 4
252 237 4
252 238 1
252 239 2
252 242 4
252 244 3
252 247 5
252 248 5
252 252 2
252 253 2
252 255 8
252 260 1
252 263 8
252 264 1
252 267 8
252 270 3
252 271 8
252 275 1
252 276 0
252 278 4
252 279 2
252 280 2
252 281 4
252 283 1
252 284 1
252 285 1
252 289 2
252 292 0
252 296 5
252 297 0
252 299 4
252 300 5
252 301 5
252 304 1
252 305 1
252 306 5
252 307 4
252 308 5
252 309 2
252 310 4
252 311 6
252 312 4
252 313 6
252 314 7
252 320 8
252 321 8
252 324 8
252 328 8
253 176 0
253 177 0
253 179 0
253 180 0
253 182 1
253 185 0
253 187 0
253 189 2
253 190 2
253 191 2
253 196 2
253 198 6
253 200 6
253 202 6
253 210 6
253 212 6
253 215 6
253 216 6
253 217 2
253 218 6
253 220 3
253 221 3
253 224 1
253 225 1
253 226 1
253 231 5
253 233 5
253 234 4
253 236 1
253 238 1
253 239 5
253 241 3
253 243 4
253 246 5
253 249 3
253 250 3
253 251 2
253 252 2
253 253 2
253 256 7
253 257 1
253 258 7
253 260 6
253 263 1
253 264 8
253 265 8
253 269 3
253 271 3
253 272 3
253 273 6
253 275 1
253 276 4
253 279 4
253 281 1
253 282 1
253 283 0
253 284 0
253 286 1
253 287 1
253 289 1
253 290 1
253 297 4
253 298 5
253 299 5
253 300 6
253 301 5
253 304 1
253 309 1
253 312 4
253 314 6
253 316 8
253 317 8
253 320 8
253 322 8
253 324 8
253 326 8
253 327 7
253 328 7
254 174 1
254 179 0
254 183 0
254 184 0
254 185 0
254 187 0
254 188 0
254 190 2
254 192 2
254 194 0
254 195 0
254 196 0
254 200 0
254 204 7
254 208 6
254 209 7
254 214 6
254 215 6
254 219 1
254 221 1
254 222 10
254 223 1
254 224 1
254 225 10
254 226 1
254 229 5
254 230 5
254 234 4
254 238 2
254 240 3
254 241 4
254 242 4
254 243 5
254 244 3
254 245 5
254 254 7
254 257 7
254 259 7
254 260 7
254 262 1
254 263 1
254 269 5
254 270 5
254 275 6
254 276 4
254 278 4
254 280 4
254 283 4
254 286 1
254 289 1
254 290 0
254 294 0
254 296 5
254 297 1
254 306 4
254 308 2
254 311 6
254 312 6
254 314 8
254 320 8
254 324 8
254 327 7
254 329 7
255 172 0
255 175 1
255 176 1
255 177 0
255 178 1
255 179 0
255 181 0
255 182 1
255 183 1
255 185 0
255 187 0
255 188 0
255 190 0
255 191 2
255 192 2
255 195 1
255 198 0
255 199 6
255 201 0
255 203 6
255 206 6
255 210 5
255 211 4
255 214 6
255 215 7
255 216 6
255 218 1
255 219 1
255 222 3
255 226 5
255 232 5
255 233 0
255 238 5
255 240 4
255 243 0
255 244 0
255 245 0
255 250 3
255 257 7
255 259 7
255 260 7
255 264 8
255 265 5
255 268 8
255 270 8
255 271 5
255 272 5
255 275 4
255 279 4
255 281 4
255 282 4
255 284 1
255 285 4
255 286 1
255 287 1
255 290 1
255 292 1
255 293 0
255 296 1
255 299 4
255 301 4
255 303 4
255 304 4
255 305 0
255 306 1
255 310 6
255 312 6
255 313 6
255 314 8
255 315 8
255 318 8
255 321 8
255 325 8
255 328 7
255 329 7
256 175 1
256 176 1
256 177 1
256 186 0
256 187 0
256 188 0
256 190 2
256 191 2
256 192 2
256 197 6
256 198 6
256 199 6
256 200 6
256 201 6
256 206 6
256 208 5
256 209 5
256 212 5
256 213 7
256 214 7
256 215 6
256 222 3
256 225 10
256 228 5
256 233 4
256 234 4
256 235 4
256 236 4
256 237 4
256 238 2
256 240 4
256 248 5
256 251 2
256 254 5
256 256 7
256 257 7
256 258 6
256 259 7
256 260 7
256 261 6
256 264 6
256 268 6
256 270 8
256 274 5
256 276 4
256 277 4
256 278 4
256 279 4
256 281 4
256 284 1
256 286 1
256 288 1
256 290 1
256 291 1
256 294 0
256 297 1
256 298 1
256 300 5
256 305 4
256 306 4
256 311 7
256 313 8
256 315 8
256 327 7
256 328 7
256 330 7
256 332 6
257 173 1
257 175 1
257 176 1
257 178 1
257 179 1
257 190 1
257 192 1
257 194 0
257 197 6
257 198 6
257 200 6
257 203 6
257 218 1
257 219 1
257 223 3
257 226 5
257 228 1
257 231 5
257 234 4
257 238 4
257 239 5
257 240 4
257 244 0
257 246 5
257 250 3
257 251 5
257 254 5
257 255 5
257 256 7
257 258 7
257 259 6
257 260 5
257 265 5
257 270 8
257 271 5
257 274 6
257 276 4
257 277 4
257 278 6
257 279 6
257 280 4
257 284 4
257 286 4
257 290 1
257 292 0
257 293 0
257 300 5
257 301 4
257 303 4
257 305 4
257 306 3
257 310 7
257 311 7
257 312 7
257 314 5
257 316 4
257 317 8
257 318 8
257 319 8
257 320 8
257 321 8
257 322 7
257 327 7
257 328 7
257 330 6
257 331 7
257 332 6
258 166 1
258 171 1
258 174 1
258 175 0
258 178 0
258 192 0
258 193 0
258 194 1
258 197 0
258 199 6
258 201 0
258 202 0
258 204 0
258 206 2
258 208 2
258 209 5
258 211 7
258 212 7
258 215 5
258 218 1
258 219 0
258 223 1
258 226 1
258 227 1
258 230 5
258 231 5
258 238 4
258 250 5
258 255 5
258 257 7
258 258 7
258 259 6
258 261 6
258 264 6
258 265 6
258 268 6
258 273 5
258 275 4
258 276 6
258 284 4
258 286 4
258 287 4
258 289 4
258 291 1
258 295 1
258 296 1
258 297 1
258 298 5
258 299 5
258 300 5
258 302 5
258 304 5
258 306 5
258 307 7
258 312 4
258 322 8
258 325 8
258 327 7
258 329 7
259 170 1
259 173 1
259 177 0
259 181 0
259 184 0
259 189 0
259 192 2
259 196 0
259 197 0
259 198 0
259 199 0
259 201 0
259 203 0
259 204 0
259 205 2
259 210 2
259 211 7
259 212 7
259 217 1
259 220 1
259 221 3
259 223 0
259 224 1
259 225 1
259 226 2
259 229 5
259 230 1
259 236 5
259 238 0
259 239 0
259 241 6
259 245 6
259 247 6
259 249 4
259 253 5
259 254 5
259 255 5
259 256 8
259 258 8
259 260 8
259 261 6
259 262 7
259 264 5
259 268 5
259 272 4
259 276 6
259 278 6
259 282 4
259 285 4
259 290 1
259 296 4
259 299 5
259 300 5
259 302 4
259 303 5
259 304 5
259 305 5
259 309 6
259 314 5
259 315 5
259 317 8
259 322 8
259 323 8
259 326 7
259 327 7
259 328 6
259 329 7
260 177 0
260 181 0
260 182 0
260 185 0
260 193 2
260 194 0
260 195 0
260 196 0
260 197 0
260 205 2
260 207 2
260 210 7
260 211 0
260 218 1
260 220 1
260 221 0
260 222 0
260 223 0
260 224 1
260 226 0
260 227 1
260 228 2
260 229 1
260 231 5
260 234 5
260 235 5
260 238 5
260 240 5
260 241 6
260 245 6
260 250 3
260 255 8
260 259 7
260 260 7
260 262 7
260 263 7
260 265 7
260 266 5
260 268 5
260 269 4
260 270 8
260 272 4
260 273 5
260 281 5
260 282 4
260 285 4
260 288 4
260 294 5
260 300 5
260 307 6
260 308 6
260 312 4
260 313 5
260 315 8
260 317 8
260 321 8
260 323 7
260 324 8
260 326 7
260 328 7
260 330 5
260 332 5
261 170 0
261 173 1
261 176 0
261 177 0
261 184 0
261 185 1
261 188 0
261 193 2
261 195 1
261 197 0
261 199 0
261 200 1
261 202 0
261 207 2
261 210 1
261 211 6
261 212 7
261 213 7
261 214 7
261 219 1
261 223 3
261 224 1
261 225 1
261 226 1
261 227 1
261 229 5
261 233 5
261 238 5
261 240 5
261 242 5
261 245 6
261 246 0
261 249 3
261 257 8
261 258 8
261 261 6
261 263 7
261 264 7
261 266 4
261 268 5
261 269 5
261 271 5
261 273 5
261 275 6
261 276 6
261 277 4
261 278 6
261 279 5
261 281 6
261 283 5
261 286 4
261 290 5
261 294 0
261 296 4
261 297 0
261 298 5
261 307 6
261 308 6
261 312 5
261 313 4
261 319 7
261 320 8
261 326 8
261 330 7
261 333 5
261 334 7
261 336 7
262 170 0
262 171 0
262 176 0
262 178 0
262 180 1
262 183 1
262 184 0
262 186 0
262 191 2
262 194 0
262 196 0
262 197 0
262 199 0
262 200 0
262 208 2
262 210 1
262 211 1
262 212 1
262 214 1
262 217 0
262 221 3
262 222 1
262 223 1
262 224 1
262 225 2
262 228 2
262 229 2
262 235 4
262 238 6
262 241 5
262 243 6
262 246 5
262 247 5
262 248 3
262 251 1
262 259 6
262 261 7
262 264 7
262 266 3
262 272 6
262 277 4
262 280 5
262 281 5
262 283 5
262 285 4
262 287 4
262 290 8
262 291 5
262 292 4
262 293 5
262 294 4
262 296 0
262 298 0
262 302 5
262 308 6
262 313 4
262 315 8
262 319 8
262 320 8
262 321 8
262 322 7
262 326 6
262 330 6
262 332 5
262 333 7
262 334 7
262 336 8
263 168 0
263 169 1
263 170 0
263 171 0
263 179 1
263 187 0
263 188 0
263 189 0
263 190 0
263 191 2
263 193 2
263 194 0
263 195 0
263 196 0
263 198 0
263 203 0
263 205 2
263 206 2
263 207 1
263 208 1
263 209 1
263 210 1
263 212 1
263 213 1
263 214 1
263 218 0
263 219 1
263 220 1
263 221 1
263 222 1
263 223 1
263 227 2
263 228 0
263 232 5
263 233 5
263 235 6
263 237 5
263 238 5
263 240 6
263 241 5
263 243 5
263 248 4
263 249 5
263 250 5
263 253 5
263 259 6
263 260 6
263 263 7
263 264 7
263 265 2
263 267 4
263 269 5
263 270 5
263 271 5
263 272 5
263 273 6
263 276 6
263 277 6
263 278 4
263 281 6
263 282 5
263 283 5
263 285 4
263 286 4
263 287 9
263 291 0
263 294 5
263 295 1
263 297 1
263 298 5
263 299 1
263 300 5
263 301 5
263 303 5
263 304 5
263 305 5
263 307 6
263 308 6
263 309 6
263 312 5
263 313 6
263 316 5
263 319 7
263 323 2
263 327 2
263 328 6
263 332 6
263 333 8
263 335 7
263 336 5
264 164 1
264 165 1
264 171 1
264 172 1
264 173 1
264 174 1
264 177 2
264 181 1
264 186 0
264 189 0
264 190 0
264 191 0
264 193 0
264 197 0
264 200 0
264 205 2
264 207 2
264 208 0
264 209 2
264 210 1
264 214 0
264 215 1
264 216 1
264 217 0
264 220 3
264 224 2
264 226 2
264 228 2
264 229 0
264 235 5
264 241 4
264 242 5
264 248 4
264 249 4
264 256 7
264 260 7
264 264 7
264 265 4
264 267 4
264 268 5
264 270 5
264 271 5
264 273 6
264 274 6
264 276 7
264 279 6
264 283 5
264 284 6
264 285 6
264 288 9
264 289 5
264 291 5
264 292 0
264 295 1
264 299 1
264 305 5
264 306 5
264 308 5
264 309 2
264 320 5
264 322 8
264 323 2
264 329 5
264 330 5
264 332 7
265 167 1
265 171 1
265 172 1
265 174 1
265 175 1
265 176 2
265 178 1
265 179 0
265 180 0
265 181 0
265 182 0
265 186 1
265 189 1
265 194 0
265 197 2
265 200 0
265 201 0
265 206 0
265 207 0
265 210 0
265 211 0
265 212 1
265 213 1
265 214 1
265 215 1
265 216 1
265 218 1
265 223 1
265 224 0
265 225 1
265 229 0
265 231 0
265 238 5
265 240 6
265 244 4
265 246 4
265 247 4
265 252 4
265 253 1
265 260 6
265 261 6
265 262 7
265 264 7
265 268 4
265 275 7
265 277 6
265 278 7
265 279 6
265 281 5
265 284 6
265 285 6
265 286 6
265 289 5
265 290 0
265 291 5
265 296 1
265 298 1
265 300 1
265 306 5
265 307 5
265 308 2
265 309 2
265 310 2
265 311 6
265 312 6
265 316 6
265 318 6
265 320 5
265 322 5
265 333 5
265 336 8
266 171 1
266 173 0
266 175 1
266 178 2
266 179 1
266 182 0
266 183 0
266 184 0
266 185 0
266 187 0
266 190 0
266 194 0
266 196 0
266 210 2
266 212 1
266 216 2
266 219 2
266 222 0
266 223 1
266 225 0
266 226 0
266 230 0
266 232 0
266 234 5
266 237 6
266 238 6
266 239 6
266 240 6
266 250 8
266 252 1
266 255 3
266 256 1
266 257 3
266 260 5
266 264 6
266 267 5
266 270 6
266 273 4
266 274 6
266 275 7
266 276 6
266 284 6
266 286 9
266 287 6
266 288 9
266 291 3
266 295 6
266 297 2
266 301 5
266 302 5
266 303 5
266 304 6
266 305 6
266 308 2
266 313 6
266 314 6
266 316 6
266 318 5
266 319 4
266 320 5
266 321 5
266 329 6
266 332 6
266 334 8
266 335 8
266 336 8
267 163 1
267 172 1
267 173 0
267 175 1
267 177 1
267 179 1
267 180 1
267 181 0
267 182 0
267 183 0
267 184 0
267 187 0
267 188 2
267 193 0
267 194 0
267 197 0
267 201 0
267 203 1
267 204 1
267 205 1
267 211 1
267 216 2
267 218 2
267 220 0
267 223 2
267 225 1
267 232 0
267 233 0
267 235 6
267 236 5
267 239 6
267 240 6
267 244 3
267 246 8
267 248 5
267 250 8
267 251 1
267 252 1
267 253 1
267 255 1
267 257 5
267 258 5
267 261 6
267 262 5
267 263 4
267 265 6
267 266 6
267 270 6
267 271 4
267 273 6
267 274 7
267 275 6
267 278 6
267 279 7
267 281 6
267 282 6
267 283 6
267 286 6
267 288 6
267 289 3
267 291 6
267 292 3
267 299 3
267 301 5
267 302 5
267 303 5
267 305 2
267 306 5
267 310 6
267 312 5
267 313 5
267 314 6
267 317 5
267 319 5
267 320 5
267 322 5
267 329 6
267 330 6
267 332 5
267 333 5
267 334 8
267 335 8
268 168 1
268 173 0
268 174 0
268 176 0
268 179 0
268 183 0
268 186 0
268 193 0
268 196 0
268 198 0
268 200 0
268 204 0
268 206 1
268 207 1
268 208 0
268 210 0
268 215 0
268 217 0
268 218 0
268 219 0
268 220 0
268 222 0
268 224 0
268 226 0
268 228 2
268 230 0
268 232 0
268 235 5
268 236 6
268 237 5
268 239 6
268 242 6
268 243 1
268 244 1
268 247 8
268 251 5
268 253 1
268 255 5
268 258 5
268 261 5
268 264 4
268 266 6
268 272 6
268 274 6
268 276 7
268 277 7
268 278 4
268 281 6
268 283 6
268 284 6
268 286 6
268 287 5
268 288 6
268 292 3
268 293 9
268 294 3
268 295 5
268 299 3
268 302 5
268 303 2
268 305 2
268 313 5
268 316 5
268 317 5
268 319 5
268 321 5
268 322 5
268 323 5
268 326 6
268 327 6
268 331 6
268 332 6
269 170 1
269 173 0
269 174 0
269 175 1
269 177 0
269 183 1
269 184 0
269 186 0
269 187 0
269 192 0
269 195 0
269 196 0
269 197 0
269 199 0
269 202 0
269 205 0
269 206 1
269 214 0
269 221 0
269 228 2
269 229 4
269 232 0
269 233 0
269 236 2
269 237 6
269 238 6
269 240 6
269 243 1
269 245 4
269 249 8
269 250 1
269 256 5
269 258 5
269 259 5
269 261 7
269 264 6
269 266 6
269 268 5
269 273 6
269 274 6
269 275 6
269 277 6
269 280 5
269 281 6
269 283 6
269 286 5
269 288 5
269 289 6
269 291 9
269 294 3
269 298 3
269 299 2
269 300 2
269 301 5
269 303 2
269 304 6
269 305 2
269 306 2
269 307 1
269 309 6
269 314 5
269 315 5
269 316 5
269 319 5
269 322 5
269 328 6
269 329 6
269 330 6
270 174 0
270 177 0
270 178 2
270 185 0
270 187 0
270 196 0
270 198 0
270 199 0
270 203 2
270 205 0
270 206 0
270 207 0
270 211 0
270 214 0
270 215 0
270 217 0
270 219 0
270 220 0
270 222 0
270 226 0
270 228 4
270 229 2
270 230 2
270 231 2
270 232 2
270 234 4
270 237 2
270 247 2
270 249 5
270 250 3
270 251 3
270 252 4
270 255 5
270 256 5
270 261 3
270 262 6
270 264 6
270 265 8
270 266 8
270 269 5
270 270 8
270 271 3
270 272 6
270 273 3
270 281 6
270 283 6
270 284 4
270 287 5
270 291 9
270 292 3
270 294 3
270 296 2
270 297 2
270 298 2
270 299 2
270 301 2
270 305 1
270 307 1
270 308 1
270 312 6
270 314 5
270 318 6
270 319 5
270 323 6
270 326 7
270 328 5
270 329 7
270 330 7
270 332 6
271 172 2
271 173 2
271 179 1
271 180 1
271 182 1
271 183 2
271 185 2
271 186 2
271 187 0
271 188 0
271 189 0
271 192 0
271 196 0
271 197 0
271 199 0
271 200 0
271 201 2
271 204 0
271 205 0
271 206 0
271 207 0
271 209 0
271 211 0
271 215 0
271 218 0
271 220 2
271 222 2
271 224 0
271 225 0
271 226 0
271 227 2
271 228 4
271 233 0
271 234 4
271 235 2
271 236 1
271 239 1
271 240 1
271 243 1
271 244 1
271 246 2
271 247 4
271 252 3
271 253 4
271 255 4
271 258 1
271 259 2
271 267 8
271 268 8
271 270 7
271 271 7
271 275 6
271 278 7
271 280 5
271 284 5
271 285 4
271 287 5
271 289 8
271 293 7
271 294 9
271 295 9
271 298 2
271 302 2
271 304 6
271 305 0
271 306 0
271 309 0
271 312 6
271 313 5
271 314 5
271 316 5
271 322 6
271 327 5
271 331 5
272 173 2
272 177 1
272 178 1
272 180 1
272 185 1
272 186 2
272 187 0
272 188 0
272 189 0
272 190 0
272 200 0
272 201 0
272 203 2
272 204 2
272 207 0
272 212 4
272 213 0
272 217 2
272 218 2
272 219 2
272 220 2
272 222 2
272 225 0
272 226 2
272 227 0
272 228 2
272 231 0
272 232 2
272 233 2
272 235 4
272 236 2
272 237 2
272 238 0
272 239 0
272 240 3
272 242 1
272 247 2
272 250 5
272 251 5
272 259 1
272 261 2
272 263 1
272 264 6
272 265 8
272 266 6
272 270 7
272 271 3
272 272 7
272 274 5
272 275 5
272 276 7
272 278 5
272 280 5
272 281 5
272 283 5
272 285 5
272 286 5
272 287 6
272 292 8
272 294 7
272 299 2
272 300 2
272 303 2
272 306 6
272 310 6
272 312 6
272 318 6
272 319 5
272 320 5
272 322 7
272 323 7
272 326 7
272 331 5
273 171 2
273 172 2
273 173 2
273 174 2
273 179 1
273 184 1
273 185 1
273 186 0
273 187 1
273 192 1
273 193 1
273 200 0
273 201 2
273 203 0
273 204 0
273 207 0
273 209 0
273 211 0
273 212 4
273 218 2
273 219 2
273 221 2
273 224 0
273 228 0
273 230 0
273 231 0
273 237 2
273 240 3
273 243 1
273 245 1
273 247 4
273 250 4
273 251 5
273 254 4
273 255 6
273 257 6
273 259 2
273 262 6
273 263 6
273 269 7
273 272 3
273 273 3
273 278 7
273 279 5
273 280 5
273 281 4
273 284 5
273 286 5
273 289 8
273 293 8
273 297 2
273 298 3
273 301 2
273 302 2
273 306 5
273 310 5
273 311 6
273 312 6
273 315 5
273 316 5
273 318 5
273 320 5
273 321 6
273 331 5
274 171 2
274 172 2
274 175 2
274 176 2
274 184 0
274 185 1
274 187 0
274 189 0
274 194 1
274 195 0
274 196 0
274 199 0
274 200 0
274 201 0
274 203 0
274 206 0
274 207 0
274 217 0
274 220 2
274 221 2
274 222 0
274 226 0
274 229 0
274 230 1
274 231 0
274 236 2
274 237 2
274 240 1
274 245 3
274 246 2
274 251 5
274 252 5
274 254 5
274 257 6
274 258 2
274 259 2
274 260 1
274 262 2
274 266 8
274 267 6
274 268 6
274 271 7
274 275 7
274 276 7
274 282 5
274 283 3
274 284 3
274 285 2
274 286 5
274 288 7
274 289 7
274 291 8
274 292 7
274 301 2
274 303 5
274 304 8
274 305 4
274 307 5
274 310 5
274 311 6
274 312 6
274 313 6
274 314 6
274 315 5
274 316 4
274 317 7
274 318 6
274 322 6
274 324 7
274 330 5
274 332 5
274 333 5
275 173 2
275 174 2
275 176 2
275 183 0
275 184 0
275 186 1
275 187 0
275 188 1
275 189 1
275 192 1
275 195 0
275 198 0
275 200 0
275 210 0
275 211 4
275 212 0
275 217 0
275 219 0
275 220 2
275 222 0
275 223 0
275 228 0
275 229 0
275 231 0
275 239 2
275 240 1
275 241 3
275 245 3
275 246 3
275 247 3
275 250 5
275 252 4
275 253 5
275 254 4
275 256 4
275 258 6
275 259 2
275 261 2
275 263 2
275 268 3
275 269 5
275 273 7
275 274 3
275 276 7
275 278 5
275 284 8
275 285 2
275 286 8
275 287 8
275 289 7
275 290 8
275 293 3
275 294 8
275 295 8
275 296 8
275 297 2
275 302 9
275 303 5
275 304 9
275 306 7
275 307 7
275 308 7
275 310 5
275 311 6
275 313 5
275 316 6
275 318 4
275 321 6
275 329 4
275 332 6
276 170 2
276 171 2
276 172 2
276 173 2
276 174 2
276 182 1
276 184 3
276 188 1
276 189 0
276 190 1
276 193 0
276 194 0
276 196 0
276 199 0
276 200 0
276 206 0
276 207 0
276 208 0
276 213 3
276 216 2
276 217 0
276 222 0
276 224 0
276 225 6
276 229 6
276 232 2
276 233 2
276 242 3
276 244 3
276 245 3
276 246 1
276 247 1
276 249 6
276 256 6
276 258 2
276 261 5
276 262 2
276 263 2
276 264 6
276 266 2
276 268 6
276 271 3
276 272 3
276 275 7
276 276 7
276 277 7
276 279 4
276 284 3
276 285 2
276 288 8
276 299 9
276 301 9
276 303 5
276 305 5
276 307 5
276 308 9
276 310 5
276 311 6
276 312 6
276 316 8
276 319 8
276 321 6
276 323 5
276 330 4
276 331 6
276 332 4
276 333 4
277 172 2
277 174 2
277 176 2
277 178 2
277 185 3
277 188 0
277 189 1
277 192 0
277 194 0
277 197 0
277 198 0
277 201 0
277 202 0
277 203 4
277 205 0
277 210 0
277 213 3
277 216 2
277 218 0
277 227 6
277 228 6
277 230 5
277 235 4
277 236 4
277 237 4
277 238 3
277 246 3
277 251 5
277 255 6
277 257 2
277 259 2
277 260 5
277 261 1
277 264 6
277 267 3
277 274 7
277 277 7
277 279 5
277 283 2
277 287 7
277 289 8
277 291 9
277 292 8
277 295 3
277 296 8
277 298 9
277 299 9
277 302 5
277 304 5
277 305 5
277 306 5
277 307 5
277 309 5
277 311 5
277 313 6
277 314 6
277 317 6
277 318 6
277 323 5
277 329 4
277 331 6
277 333 6
278 170 2
278 174 2
278 175 2
278 177 2
278 179 0
278 181 1
278 182 3
278 184 3
278 185 3
278 186 3
278 189 0
278 190 0
278 192 0
278 193 0
278 198 0
278 204 0
278 210 0
278 211 3
278 215 3
278 216 3
278 223 0
278 224 0
278 225 0
278 230 5
278 231 5
278 233 7
278 236 5
278 237 5
278 239 3
278 240 6
278 242 3
278 245 3
278 247 6
278 248 6
278 250 5
278 254 5
278 256 6
278 257 5
278 259 5
278 260 2
278 263 2
278 268 3
278 270 3
278 273 7
278 276 4
278 279 7
278 285 2
278 288 7
278 289 8
278 292 9
278 293 9
278 295 7
278 296 9
278 298 9
278 306 9
278 308 9
278 311 4
278 316 6
278 317 8
278 318 8
278 321 7
278 322 7
278 324 7
278 325 5
278 327 8
278 328 8
278 332 6
278 333 6
279 170 2
279 173 2
279 175 1
279 181 1
279 185 3
279 187 0
279 192 0
279 195 0
279 197 0
279 200 1
279 207 0
279 212 3
279 213 3
279 215 3
279 216 3
279 219 1
279 221 4
279 224 0
279 227 6
279 228 5
279 230 5
279 231 5
279 233 0
279 234 0
279 235 5
279 236 0
279 237 5
279 238 3
279 241 3
279 249 5
279 251 5
279 256 6
279 257 5
279 258 6
279 264 2
279 266 6
279 267 6
279 268 4
279 271 3
279 277 4
279 280 3
279 281 2
279 288 8
279 290 9
279 301 7
279 302 5
279 306 5
279 307 9
279 308 5
279 309 6
279 313 6
279 315 6
279 316 6
279 318 6
279 319 8
279 321 7
279 324 7
279 325 5
279 326 6
279 331 8
279 332 8
280 172 2
280 174 2
280 175 1
280 179 1
280 183 2
280 184 3
280 197 4
280 199 4
280 204 4
280 206 0
280 211 3
280 215 3
280 216 2
280 217 3
280 221 3
280 222 4
280 223 3
280 224 0
280 226 0
280 227 0
280 228 0
280 229 5
280 230 5
280 231 7
280 233 6
280 238 4
280 239 6
280 241 2
280 242 6
280 244 2
280 245 3
280 248 5
280 251 6
280 253 4
280 254 6
280 255 6
280 258 6
280 259 6
280 266 6
280 267 6
280 268 6
280 269 3
280 270 6
280 271 3
280 275 4
280 276 7
280 280 2
280 289 8
280 298 8
280 301 9
280 304 9
280 305 7
280 307 5
280 309 6
280 310 6
280 313 6
280 316 6
280 318 6
280 319 7
280 321 7
280 322 7
280 323 7
280 324 7
280 326 7
281 180 2
281 183 2
281 187 3
281 189 0
281 190 0
281 191 0
281 193 0
281 194 0
281 195 3
281 198 4
281 201 4
281 203 4
281 206 4
281 210 3
281 211 3
281 214 3
281 216 3
281 217 3
281 219 3
281 220 1
281 223 4
281 225 3
281 226 0
281 227 0
281 228 4
281 229 0
281 231 0
281 232 0
281 233 0
281 234 7
281 235 0
281 236 0
281 237 7
281 241 5
281 243 2
281 244 2
281 245 6
281 246 6
281 247 6
281 249 6
281 253 6
281 257 6
281 258 5
281 259 6
281 263 4
281 264 4
281 271 4
281 272 7
281 273 4
281 274 4
281 275 4
281 277 2
281 278 6
281 281 1
281 287 4
281 298 9
281 300 9
281 302 9
281 303 7
281 304 7
281 306 6
281 307 5
281 309 6
281 312 3
281 313 6
281 315 6
281 317 8
281 319 6
281 322 7
281 323 7
281 324 7
281 326 7
282 173 2
282 174 2
282 179 2
282 181 2
282 182 3
282 187 2
282 188 2
282 189 0
282 190 0
282 192 3
282 194 0
282 198 4
282 199 4
282 201 4
282 204 2
282 205 1
282 209 2
282 215 3
282 221 3
282 227 4
282 228 4
282 232 7
282 233 0
282 234 0
282 235 0
282 236 7
282 240 4
282 241 5
282 242 5
282 243 4
282 244 6
282 245 6
282 246 6
282 249 5
282 260 6
282 264 6
282 268 3
282 269 3
282 270 3
282 274 4
282 276 2
282 277 2
282 280 1
282 283 9
282 286 4
282 288 3
282 289 3
282 292 9
282 296 8
282 299 9
282 300 4
282 304 9
282 305 7
282 308 6
282 310 6
282 311 6
282 318 5
282 320 5
282 325 8
282 327 7
283 174 2
283 185 3
283 188 2
283 190 3
283 196 4
283 197 4
283 198 4
283 199 1
283 202 4
283 206 4
283 208 3
283 209 2
283 210 3
283 211 3
283 215 3
283 216 3
283 218 3
283 226 0
283 227 4
283 229 4
283 236 4
283 237 4
283 239 7
283 240 4
283 242 6
283 243 6
283 246 6
283 247 6
283 248 6
283 249 5
283 254 6
283 255 5
283 256 5
283 260 6
283 263 4
283 269 4
283 271 4
283 274 4
283 277 1
283 281 1
283 286 3
283 293 8
283 294 8
283 296 9
283 297 8
283 299 9
283 300 9
283 302 9
283 303 7
283 304 7
283 305 7
283 306 6
283 310 6
283 313 6
283 315 6
283 316 8
283 317 8
283 318 6
283 320 8
283 321 8
283 324 8
283 327 7
284 176 3
284 177 2
284 178 3
284 181 3
284 182 3
284 184 3
284 187 2
284 192 3
284 193 1
284 195 1
284 196 1
284 198 1
284 199 1
284 205 4
284 206 1
284 208 3
284 210 2
284 211 2
284 212 4
284 215 3
284 219 2
284 224 3
284 229 3
284 233 0
284 235 7
284 237 4
284 239 4
284 241 6
284 243 6
284 246 6
284 248 6
284 251 6
284 252 6
284 255 5
284 256 5
284 257 5
284 258 5
284 263 3
284 265 6
284 266 3
284 269 4
284 270 4
284 271 4
284 272 4
284 275 4
284 276 1
284 277 3
284 278 2
284 280 4
284 282 9
284 283 9
284 284 4
284 286 4
284 287 3
284 289 8
284 292 8
284 294 3
284 295 8
284 296 9
284 297 9
284 305 9
284 310 6
284 312 7
284 313 6
284 315 6
284 319 6
284 322 8
284 323 6
284 326 7
284 328 7
285 182 3
285 184 3
285 186 3
285 187 3
285 188 2
285 191 1
285 192 1
285 194 2
285 206 1
285 207 3
285 210 4
285 211 3
285 212 4
285 213 4
285 214 4
285 216 3
285 217 2
285 218 3
285 219 3
285 220 3
285 224 4
285 225 4
285 226 4
285 231 3
285 234 0
285 235 7
285 237 4
285 239 4
285 241 4
285 242 3
285 246 4
285 249 6
285 256 5
285 257 5
285 258 6
285 262 5
285 263 6
285 264 6
285 267 3
285 270 4
285 271 4
285 274 4
285 277 1
285 281 3
285 283 4
285 284 9
285 285 4
285 292 8
285 294 8
285 295 2
285 298 9
285 299 9
285 303 9
285 304 9
285 306 8
285 311 9
285 312 7
285 316 6
285 317 6
285 318 6
285 324 6
286 176 3
286 177 3
286 180 3
286 181 3
286 182 3
286 185 3
286 186 2
286 188 3
286 189 2
286 190 2
286 191 1
286 192 2
286 193 1
286 194 3
286 198 1
286 199 1
286 202 2
286 204 1
286 207 4
286 212 4
286 215 2
286 216 4
286 219 3
286 220 3
286 222 4
286 227 4
286 228 1
286 232 0
286 233 0
286 234 7
286 237 7
286 239 4
286 242 4
286 245 4
286 246 4
286 247 6
286 248 6
286 258 4
286 262 5
286 263 6
286 265 6
286 267 3
286 269 4
286 270 4
286 271 4
286 272 4
286 273 4
286 274 4
286 275 5
286 277 5
286 278 5
286 282 3
286 283 9
286 284 3
286 288 8
286 289 8
286 291 3
286 292 3
286 294 3
286 300 8
286 301 9
286 302 9
286 303 9
286 307 7
286 309 9
286 311 7
286 313 7
286 314 7
286 317 7
286 318 5
286 319 6
287 175 3
287 177 3
287 179 0
287 180 3
287 182 3
287 183 3
287 184 3
287 185 1
287 191 1
287 193 1
287 195 3
287 196 1
287 198 1
287 203 2
287 204 1
287 207 4
287 217 3
287 220 3
287 222 2
287 223 4
287 228 1
287 229 2
287 230 3
287 233 0
287 237 8
287 238 7
287 242 4
287 244 4
287 245 5
287 246 5
287 249 6
287 250 4
287 251 6
287 253 4
287 254 4
287 255 4
287 256 5
287 258 4
287 261 6
287 262 5
287 263 5
287 266 6
287 267 6
287 268 6
287 271 3
287 278 5
287 281 3
287 282 4
287 283 3
287 284 3
287 288 4
287 290 3
287 291 3
287 304 9
287 305 9
287 306 8
287 307 7
287 308 7
287 310 7
287 311 9
287 313 8
287 315 8
287 317 6
287 320 6
287 323 6
288 177 3
288 181 3
288 184 3
288 186 3
288 190 2
288 193 3
288 205 1
288 206 3
288 207 1
288 210 3
288 211 3
288 212 3
288 213 3
288 216 3
288 217 3
288 222 4
288 224 6
288 225 6
288 227 2
288 234 7
288 238 9
288 240 4
288 241 6
288 242 4
288 252 4
288 253 6
288 255 4
288 256 5
288 257 4
288 261 6
288 266 6
288 267 6
288 268 6
288 269 4
288 273 4
288 274 5
288 276 4
288 278 5
288 280 3
288 281 3
288 287 3
288 293 2
288 294 9
288 295 3
288 298 8
288 301 8
288 302 8
288 303 8
288 304 8
288 305 8
288 309 7
288 310 9
288 311 9
288 312 7
288 313 7
288 314 8
288 315 8
288 317 7
288 319 6
288 320 6
288 321 6
288 322 6
289 176 3
289 177 3
289 181 3
289 184 3
289 187 1
289 188 2
289 190 4
289 192 1
289 193 3
289 200 1
289 203 2
289 206 3
289 208 3
289 209 3
289 210 3
289 211 3
289 212 3
289 213 3
289 215 3
289 216 3
289 217 2
289 218 2
289 219 3
289 222 6
289 223 6
289 230 1
289 232 2
289 234 2
289 240 9
289 246 5
289 253 4
289 254 5
289 259 6
289 261 6
289 263 7
289 264 6
289 266 6
289 267 6
289 270 7
289 272 7
289 274 4
289 278 5
289 279 5
289 284 3
289 286 3
289 290 2
289 291 2
289 292 9
289 294 9
289 295 9
289 296 3
289 298 7
289 300 8
289 302 9
289 304 8
289 307 8
289 308 8
289 311 9
289 318 5
289 319 5
289 322 6
289 323 6
290 176 1
290 179 3
290 185 3
290 186 3
290 187 3
290 188 3
290 189 2
290 192 4
290 199 0
290 202 4
290 206 3
290 210 3
290 212 3
290 214 2
290 215 3
290 219 4
290 220 6
290 224 4
290 226 6
290 229 1
290 230 1
290 232 2
290 233 2
290 235 8
290 237 9
290 240 7
290 246 5
290 247 6
290 249 3
290 250 3
290 252 4
290 262 6
290 266 6
290 270 7
290 272 4
290 274 5
290 279 5
290 280 3
290 281 3
290 283 3
290 285 2
290 288 3
290 289 3
290 292 9
290 295 9
290 299 8
290 301 9
290 302 8
290 306 8
290 307 8
290 308 8
290 310 8
290 312 8
290 313 8
290 315 8
290 317 8
290 319 5
290 325 6
291 175 1
291 179 3
291 182 0
291 183 3
291 185 2
291 187 3
291 189 4
291 190 4
291 191 4
291 192 4
291 193 4
291 194 4
291 198 1
291 199 1
291 202 4
291 205 1
291 206 3
291 210 3
291 211 3
291 212 3
291 213 3
291 217 3
291 218 2
291 224 4
291 226 4
291 227 4
291 236 9
291 245 5
291 247 4
291 253 7
291 255 5
291 257 7
291 259 6
291 260 5
291 261 6
291 264 7
291 265 7
291 266 7
291 267 7
291 270 4
291 271 4
291 273 4
291 274 4
291 275 5
291 276 4
291 277 4
291 282 5
291 288 1
291 295 9
291 299 8
291 301 8
291 304 8
291 307 8
291 308 8
291 309 8
291 313 8
291 314 8
291 315 8
291 323 5
292 173 0
292 176 1
292 179 3
292 181 3
292 182 3
292 183 3
292 184 3
292 186 3
292 192 4
292 194 4
292 195 1
292 196 4
292 201 3
292 204 1
292 205 1
292 207 3
292 208 3
292 210 3
292 214 2
292 215 2
292 217 4
292 218 3
292 219 2
292 225 4
292 227 4
292 228 4
292 235 9
292 236 9
292 237 9
292 238 9
292 239 9
292 241 7
292 243 4
292 245 5
292 246 4
292 250 3
292 252 3
292 255 7
292 256 7
292 257 5
292 259 5
292 260 7
292 262 5
292 273 4
292 276 5
292 277 5
292 278 3
292 279 5
292 281 2
292 283 2
292 286 1
292 287 3
292 289 2
292 290 1
292 291 2
292 295 9
292 296 3
292 298 3
292 300 7
292 301 7
292 308 8
292 310 8
292 311 8
292 312 8
292 314 8
292 316 7
292 317 8
292 318 8
292 319 8
292 320 8
292 323 8
293 178 3
293 183 3
293 184 1
293 185 3
293 186 2
293 191 4
293 192 4
293 197 1
293 198 0
293 199 0
293 200 1
293 202 3
293 205 1
293 206 1
293 207 1
293 208 3
293 209 1
293 210 3
293 213 4
293 214 4
293 216 4
293 218 3
293 219 4
293 221 4
293 225 1
293 229 1
293 231 1
293 232 1
293 233 1
293 234 9
293 239 9
293 240 5
293 244 3
293 245 5
293 246 5
293 249 4
293 252 3
293 253 5
293 254 7
293 258 7
293 261 5
293 262 5
293 263 5
293 264 7
293 265 7
293 268 7
293 274 6
293 275 6
293 277 4
293 279 5
293 284 4
293 285 4
293 286 1
293 287 3
293 288 1
293 289 3
293 290 3
293 292 3
293 294 9
293 296 6
293 300 7
293 301 8
293 302 7
293 303 6
293 304 8
293 305 8
293 309 8
293 312 8
293 313 8
293 315 8
293 316 8
293 321 8
293 322 8
293 324 8
294 181 2
294 182 3
294 184 1
294 185 2
294 186 2
294 192 4
294 194 1
294 198 0
294 199 0
294 208 3
294 212 2
294 216 4
294 218 2
294 222 2
294 225 2
294 229 2
294 230 2
294 231 2
294 232 2
294 233 0
294 234 9
294 236 9
294 243 3
294 244 3
294 245 5
294 248 4
294 249 4
294 250 4
294 251 3
294 255 3
294 259 0
294 260 0
294 262 5
294 263 4
294 265 4
294 269 7
294 274 6
294 275 4
294 276 4
294 277 4
294 280 5
294 288 3
294 291 2
294 294 3
294 299 5
294 301 8
294 302 6
294 305 7
294 307 8
294 309 8
294 314 8
294 318 8
294 319 8
294 321 8
294 323 8
295 180 3
295 181 3
295 182 2
295 186 2
295 187 2
295 188 3
295 192 0
295 194 0
295 196 0
295 197 0
295 205 3
295 206 3
295 211 3
295 212 2
295 213 2
295 215 2
295 216 4
295 217 0
295 221 2
295 222 2
295 224 2
295 226 1
295 228 1
295 229 1
295 230 2
295 233 1
295 235 8
295 245 9
295 246 9
295 247 9
295 249 4
295 251 3
295 255 4
295 258 7
295 259 7
295 267 7
295 269 5
295 270 7
295 273 4
295 276 4
295 280 5
295 283 1
295 285 1
295 286 3
295 290 2
295 291 3
295 293 3
295 294 3
295 296 2
295 298 1
295 300 7
295 304 8
295 306 8
295 307 8
295 309 8
295 310 7
295 311 8
295 312 8
295 313 8
295 314 8
295 315 8
295 317 8
295 319 8
295 322 8
296 181 1
296 184 3
296 187 3
296 188 3
296 189 3
296 190 4
296 196 4
296 198 0
296 202 4
296 207 3
296 210 3
296 211 3
296 215 2
296 216 4
296 217 4
296 219 2
296 221 2
296 224 2
296 225 2
296 226 2
296 227 1
296 228 1
296 231 1
296 233 9
296 234 9
296 239 6
296 246 9
296 247 5
296 249 4
296 252 4
296 253 4
296 258 4
296 265 4
296 268 5
296 270 6
296 275 4
296 278 4
296 279 4
296 280 1
296 281 1
296 282 0
296 285 1
296 290 1
296 292 3
296 293 3
296 295 2
296 298 5
296 300 7
296 302 6
296 303 8
296 304 8
296 305 8
296 306 8
296 310 8
296 312 8
296 314 8
296 315 8
296 316 8
297 181 1
297 182 3
297 183 3
297 186 3
297 188 2
297 190 2
297 197 1
297 199 4
297 200 4
297 204 3
297 206 1
297 207 0
297 210 4
297 211 2
297 213 2
297 214 2
297 218 4
297 219 0
297 221 0
297 224 2
297 225 2
297 226 1
297 227 1
297 233 9
297 234 8
297 238 8
297 239 9
297 245 9
297 247 9
297 248 9
297 253 3
297 254 9
297 255 4
297 256 7
297 258 6
297 260 0
297 261 0
297 263 0
297 264 0
297 265 3
297 266 5
297 268 6
297 270 6
297 272 6
297 273 6
297 275 4
297 276 4
297 280 4
297 281 4
297 286 2
297 302 6
297 303 6
297 304 8
297 306 9
297 309 8
297 310 8
297 313 8
297 314 8
297 317 8
298 184 3
298 185 2
298 187 4
298 188 2
298 189 4
298 190 2
298 191 2
298 193 3
298 195 1
298 196 1
298 198 4
298 200 1
298 202 4
298 203 1
298 205 0
298 208 3
298 212 2
298 216 2
298 222 0
298 223 2
298 228 8
298 234 9
298 240 8
298 241 8
298 247 9
298 250 9
298 252 4
298 253 3
298 254 3
298 255 3
298 256 4
298 257 6
298 258 4
298 259 4
298 261 3
298 262 0
298 264 3
298 265 5
298 267 5
298 268 5
298 271 6
298 274 6
298 275 3
298 276 4
298 282 2
298 284 5
298 285 5
298 286 2
298 287 2
298 293 3
298 295 1
298 296 2
298 299 8
298 304 9
298 306 8
298 308 9
298 312 8
298 313 8
298 317 8
298 321 8
299 182 1
299 184 3
299 187 4
299 196 0
299 198 4
299 199 1
299 200 4
299 202 1
299 208 3
299 211 2
299 213 2
299 216 1
299 219 1
299 222 0
299 223 2
299 224 0
299 228 8
299 233 8
299 235 9
299 236 8
299 238 9
299 240 8
299 242 9
299 243 8
299 244 8
299 245 9
299 248 9
299 251 9
299 255 6
299 256 6
299 257 6
299 265 5
299 266 5
299 267 5
299 270 6
299 271 6
299 279 4
299 280 4
299 281 5
299 282 5
299 283 5
299 284 2
299 287 2
299 289 2
299 291 1
299 292 3
299 293 2
299 296 2
299 297 8
299 299 8
299 300 0
299 303 0
299 304 0
299 305 7
299 306 8
299 312 8
299 316 8
300 180 1
300 183 3
300 184 3
300 185 3
300 187 4
300 188 4
300 189 2
300 190 2
300 191 4
300 193 4
300 195 1
300 197 0
300 198 4
300 202 0
300 203 1
300 207 3
300 208 4
300 209 4
300 218 2
300 220 2
300 226 5
300 233 9
300 234 8
300 237 9
300 238 9
300 239 7
300 240 7
300 247 8
300 249 9
300 250 9
300 251 9
300 253 0
300 254 6
300 255 6
300 257 4
300 262 5
300 266 5
300 268 5
300 270 6
300 271 6
300 273 6
300 274 4
300 275 4
300 276 4
300 280 4
300 282 2
300 290 1
300 292 1
300 293 2
300 295 1
300 296 2
300 298 8
300 300 8
300 301 0
300 303 0
300 306 8
300 307 8
300 308 8
300 314 6
301 183 1
301 185 3
301 186 4
301 188 3
301 191 2
301 192 4
301 194 1
301 199 3
301 202 3
301 203 3
301 206 3
301 208 3
301 209 2
301 210 3
301 212 3
301 216 1
301 227 2
301 228 5
301 236 8
301 237 8
301 238 8
301 239 7
301 241 9
301 242 8
301 250 9
301 251 0
301 252 0
301 257 6
301 264 4
301 270 6
301 271 6
301 272 6
301 274 4
301 275 4
301 276 4
301 281 1
301 283 3
301 286 2
301 287 1
301 288 1
301 295 1
301 297 8
301 298 1
301 300 2
301 301 2
301 302 0
301 303 0
301 305 2
301 307 8
301 308 8
302 184 4
302 185 3
302 186 3
302 187 4
302 188 2
302 189 4
302 199 0
302 201 0
302 203 0
302 212 1
302 214 1
302 216 1
302 226 5
302 228 5
302 229 4
302 230 4
302 231 6
302 234 8
302 235 9
302 236 8
302 238 8
302 239 7
302 249 0
302 252 0
302 253 0
302 256 4
302 257 6
302 261 5
302 268 5
302 269 5
302 273 1
302 275 1
302 277 1
302 278 3
302 279 3
302 284 3
302 285 5
302 287 1
302 290 1
302 292 2
302 293 1
302 294 2
302 297 1
302 298 2
302 299 2
302 301 0
302 304 0
302 305 2
302 313 6
303 184 4
303 185 3
303 186 3
303 187 4
303 188 2
303 190 4
303 191 3
303 192 3
303 193 0
303 196 3
303 198 3
303 201 0
303 202 3
303 205 4
303 206 4
303 209 2
303 210 4
303 211 4
303 214 1
303 217 1
303 218 1
303 219 2
303 221 2
303 223 2
303 225 2
303 227 2
303 228 5
303 231 6
303 235 9
303 236 9
303 237 9
303 242 6
303 243 6
303 244 6
303 245 6
303 253 0
303 262 4
303 264 5
303 265 5
303 266 5
303 267 5
303 270 5
303 271 5
303 275 1
303 277 1
303 278 3
303 279 3
303 280 3
303 284 1
303 285 5
303 287 0
303 288 1
303 292 2
303 293 2
303 294 2
303 298 2
303 300 2
303 301 2
303 305 2
303 312 2
304 183 4
304 191 3
304 192 4
304 195 0
304 198 0
304 200 3
304 201 3
304 202 0
304 203 3
304 205 0
304 206 2
304 208 4
304 211 4
304 213 1
304 214 1
304 218 0
304 220 1
304 224 6
304 227 6
304 228 6
304 229 6
304 230 6
304 233 3
304 234 4
304 237 7
304 239 7
304 244 8
304 250 0
304 253 7
304 255 7
304 261 4
304 269 3
304 275 1
304 277 3
304 278 3
304 279 3
304 282 3
304 285 0
304 286 1
304 287 1
304 292 2
304 294 2
304 295 1
304 296 2
304 297 2
304 299 2
304 302 0
304 303 1
304 306 1
304 315 3
305 186 3
305 187 4
305 188 4
305 189 4
305 190 3
305 194 3
305 197 0
305 198 0
305 201 0
305 204 4
305 208 4
305 211 3
305 213 4
305 214 4
305 215 2
305 216 2
305 221 2
305 224 2
305 225 5
305 226 5
305 227 6
305 229 6
305 235 3
305 236 7
305 237 7
305 238 7
305 239 8
305 240 8
305 241 8
305 242 8
305 249 0
305 250 0
305 251 0
305 252 7
305 253 7
305 254 7
305 255 7
305 262 4
305 266 5
305 267 2
305 269 5
305 275 1
305 278 3
305 279 3
305 280 0
305 283 0
305 284 5
305 288 0
305 292 0
305 296 2
305 300 2
305 304 1
305 306 2
305 312 3
306 185 2
306 187 4
306 194 3
306 199 0
306 200 0
306 201 3
306 202 3
306 206 2
306 210 3
306 217 3
306 218 2
306 219 1
306 222 2
306 226 5
306 229 6
306 236 5
306 240 8
306 242 8
306 243 8
306 244 6
306 248 7
306 249 0
306 251 0
306 252 7
306 257 3
306 259 4
306 260 4
306 261 5
306 265 6
306 266 2
306 270 6
306 271 4
306 272 6
306 273 0
306 276 1
306 279 3
306 282 0
306 288 1
306 289 1
306 290 1
306 293 0
306 295 1
306 300 1
306 302 1
306 308 1
306 313 3
307 191 3
307 192 3
307 193 3
307 195 0
307 201 3
307 202 3
307 203 3
307 204 3
307 206 2
307 208 4
307 209 3
307 214 2
307 217 2
307 220 2
307 221 2
307 223 5
307 227 6
307 228 6
307 235 7
307 236 5
307 237 6
307 244 6
307 245 7
307 246 6
307 249 7
307 250 7
307 251 7
307 253 7
307 256 5
307 257 5
307 261 5
307 264 6
307 265 6
307 267 1
307 270 6
307 272 6
307 273 1
307 276 0
307 280 0
307 282 0
307 283 0
307 284 0
307 285 5
307 286 5
307 287 0
307 288 0
307 294 2
307 296 2
307 297 2
307 298 2
307 300 1
307 301 1
307 302 1
307 304 0
307 305 0
307 307 3
308 192 3
308 194 0
308 197 0
308 200 0
308 201 3
308 203 0
308 204 3
308 205 2
308 206 2
308 208 3
308 209 0
308 211 0
308 213 3
308 215 2
308 216 2
308 217 2
308 218 2
308 219 3
308 222 2
308 224 2
308 225 6
308 227 6
308 232 6
308 235 5
308 236 5
308 242 6
308 243 7
308 244 6
308 247 7
308 251 7
308 252 0
308 253 0
308 254 8
308 259 5
308 265 2
308 266 2
308 269 0
308 272 1
308 275 0
308 281 0
308 282 0
308 286 0
308 289 1
308 290 2
308 296 2
308 302 1
308 303 1
308 307 1
308 309 3
308 312 3
309 195 0
309 199 0
309 200 0
309 203 3
309 204 3
309 205 0
309 206 0
309 209 3
309 210 0
309 211 0
309 212 0
309 216 2
309 220 2
309 228 6
309 232 4
309 235 5
309 236 5
309 237 5
309 241 7
309 242 6
309 244 6
309 250 7
309 251 7
309 252 7
309 255 6
309 261 6
309 263 6
309 265 1
309 266 1
309 269 0
309 270 1
309 271 1
309 272 5
309 275 1
309 276 1
309 279 5
309 285 5
309 296 3
309 297 2
309 298 2
309 301 1
309 308 3
309 311 3
310 196 0
310 199 0
310 204 0
310 211 0
310 217 2
310 221 2
310 222 2
310 224 5
310 226 5
310 227 6
310 230 6
310 231 6
310 232 6
310 233 4
310 234 5
310 235 5
310 238 5
310 241 7
310 242 6
310 243 6
310 244 6
310 251 7
310 252 8
310 254 6
310 255 8
310 256 6
310 264 6
310 265 2
310 268 2
310 269 1
310 270 0
310 275 1
310 278 6
310 279 6
310 283 0
310 290 2
310 292 2
310 294 3
310 295 3
310 296 2
310 297 2
310 300 3
310 303 3
310 305 1
310 310 3
311 200 0
311 204 0
311 205 0
311 209 0
311 211 0
311 214 3
311 219 2
311 220 2
311 222 3
311 229 5
311 230 7
311 233 7
311 234 7
311 235 7
311 236 5
311 237 5
311 239 5
311 241 5
311 245 7
311 249 5
311 251 7
311 263 6
311 265 2
311 266 4
311 269 5
311 271 6
311 273 5
311 274 4
311 281 0
311 283 0
311 285 0
311 289 3
311 290 3
311 292 3
311 294 3
311 296 2
311 297 3
311 298 3
311 302 3
311 303 3
311 304 3
311 305 1
311 306 3
312 201 3
312 210 0
312 213 1
312 216 2
312 220 2
312 222 5
312 232 7
312 233 7
312 234 7
312 235 7
312 237 5
312 243 6
312 244 6
312 248 5
312 250 5
312 251 7
312 253 8
312 254 8
312 255 4
312 258 6
312 259 6
312 262 4
312 263 3
312 265 4
312 266 4
312 268 4
312 270 6
312 273 5
312 274 4
312 278 7
312 279 7
312 285 0
312 286 4
312 287 3
312 288 3
312 290 3
312 291 2
312 292 2
312 293 2
312 295 3
312 296 2
312 299 2
312 302 2
312 303 2
312 304 3
312 308 3
312 309 3
312 310 3
313 207 4
313 216 6
313 218 2
313 219 2
313 223 5
313 225 6
313 226 4
313 231 8
313 235 7
313 236 7
313 239 5
313 241 5
313 248 4
313 250 4
313 251 5
313 257 6
313 259 7
313 260 4
313 261 6
313 262 4
313 267 4
313 269 5
313 271 6
313 273 5
313 276 0
313 277 0
313 280 8
313 281 7
313 284 3
313 287 3
313 288 3
313 290 2
313 292 3
313 294 3
313 297 3
313 298 2
313 300 2
313 301 2
313 305 2
313 306 3
313 308 3
313 309 3
313 310 3
314 218 2
314 220 2
314 222 5
314 229 7
314 230 4
314 231 4
314 233 7
314 235 7
314 236 7
314 237 7
314 239 4
314 240 5
314 241 5
314 243 5
314 248 5
314 249 5
314 251 3
314 254 4
314 255 5
314 261 3
314 262 3
314 265 4
314 266 3
314 270 5
314 271 5
314 272 5
314 273 5
314 276 7
314 278 7
314 279 3
314 280 3
314 282 8
314 283 8
314 286 3
314 290 3
314 296 3
314 297 2
314 302 2
314 303 2
314 304 3
314 307 3
314 308 3
314 309 3
314 310 3
315 212 3
315 215 1
315 218 5
315 220 5
315 222 5
315 224 5
315 225 5
315 226 6
315 227 7
315 232 8
315 237 7
315 238 8
315 241 5
315 242 5
315 243 5
315 244 5
315 245 5
315 247 6
315 248 6
315 251 5
315 254 4
315 255 4
315 256 5
315 257 4
315 258 4
315 259 4
315 266 4
315 268 7
315 270 7
315 271 6
315 278 7
315 281 3
315 283 7
315 286 3
315 288 3
315 289 3
315 291 2
315 295 2
315 300 2
315 304 3
315 307 3
315 309 3
316 212 4
316 213 4
316 214 4
316 216 1
316 221 5
316 222 5
316 224 5
316 225 3
316 228 6
316 229 7
316 236 8
316 238 8
316 241 5
316 242 4
316 243 5
316 245 5
316 248 5
316 250 5
316 253 6
316 255 5
316 257 5
316 258 4
316 262 2
316 265 4
316 267 6
316 268 7
316 275 7
316 284 3
316 286 3
316 289 3
316 290 3
316 291 2
316 293 2
316 296 3
316 298 3
316 300 3
316 301 3
316 304 3
316 305 3
316 307 3
317 208 4
317 212 4
317 214 1
317 217 3
317 219 5
317 224 3
317 227 5
317 233 6
317 236 6
317 239 6
317 240 4
317 242 5
317 243 5
317 244 5
317 248 7
317 249 6
317 250 5
317 253 6
317 255 4
317 259 5
317 260 4
317 265 4
317 267 6
317 268 4
317 269 7
317 270 4
317 272 7
317 273 7
317 274 7
317 277 7
317 279 7
317 285 7
317 288 3
317 289 3
317 296 3
317 297 3
317 298 3
317 299 3
317 304 3
317 305 3
317 307 3
317 308 3
318 206 4
318 214 3
318 216 3
318 219 5
318 220 5
318 221 5
318 222 2
318 223 3
318 224 3
318 225 3
318 226 5
318 227 7
318 229 7
318 233 6
318 235 6
318 239 6
318 241 5
318 242 6
318 244 5
318 245 5
318 249 6
318 250 6
318 251 5
318 254 5
318 256 4
318 257 5
318 259 5
318 262 4
318 266 4
318 268 4
318 270 4
318 271 4
318 273 7
318 274 6
318 277 4
318 284 6
318 298 2
318 299 3
318 301 3
318 303 3
319 201 4
319 203 4
319 205 4
319 208 3
319 211 3
319 216 3
319 218 4
319 221 2
319 222 3
319 224 2
319 228 7
319 229 7
319 230 7
319 231 6
319 235 6
319 236 4
319 237 6
319 243 4
319 244 6
319 245 5
319 264 7
319 265 6
319 266 7
319 268 7
319 269 4
319 271 4
319 273 4
319 274 4
319 276 4
319 277 5
319 285 3
319 287 3
319 298 3
319 299 3
319 302 3
319 303 3
319 304 3
319 308 3
320 204 4
320 205 4
320 206 4
320 208 3
320 211 4
320 212 4
320 217 4
320 218 4
320 219 4
320 224 7
320 226 7
320 229 6
320 232 6
320 234 6
320 235 6
320 236 4
320 237 6
320 239 6
320 241 5
320 245 6
320 249 7
320 250 7
320 252 4
320 253 5
320 255 5
320 259 4
320 263 4
320 264 4
320 265 4
320 269 4
320 270 4
320 272 4
320 274 4
320 275 5
320 276 4
320 279 5
320 285 3
320 299 3
321 209 3
321 214 3
321 215 3
321 217 4
321 218 4
321 219 4
321 227 4
321 228 6
321 229 7
321 231 6
321 236 5
321 241 6
321 243 5
321 244 6
321 245 6
321 246 7
321 248 4
321 251 4
321 252 5
321 253 4
321 257 4
321 261 5
321 263 5
321 266 4
321 267 7
321 268 7
321 269 4
321 270 4
321 271 4
321 273 4
321 277 5
321 300 2
322 204 4
322 206 4
322 209 3
322 210 3
322 211 3
322 212 3
322 213 4
322 214 3
322 216 3
322 218 4
322 226 7
322 227 6
322 228 4
322 229 5
322 231 5
322 236 6
322 238 4
322 239 4
322 240 3
322 242 7
322 243 5
322 244 7
322 248 7
322 250 5
322 252 4
322 253 5
322 255 4
322 258 4
322 260 3
322 261 5
322 264 3
322 265 4
322 268 4
322 269 4
322 272 4
322 276 5
322 278 5
322 279 5
322 280 5
322 283 5
322 302 2
323 206 4
323 207 4
323 209 3
323 218 4
323 229 7
323 233 6
323 234 6
323 239 4
323 241 6
323 243 4
323 244 4
323 247 4
323 250 6
323 251 5
323 252 5
323 254 5
323 258 3
323 260 3
323 261 4
323 267 4
323 269 4
323 270 4
323 271 4
323 273 4
323 275 5
323 281 5
323 282 5
323 283 5
324 215 3
324 217 4
324 220 4
324 221 4
324 227 7
324 231 6
324 233 6
324 234 6
324 235 5
324 242 5
324 245 4
324 248 6
324 249 7
324 250 4
324 251 6
324 252 5
324 257 6
324 260 3
324 261 4
324 262 4
324 264 3
324 272 4
324 273 4
324 275 5
324 277 5
324 282 5
324 283 5
325 216 4
325 220 4
325 228 6
325 230 5
325 231 7
325 232 6
325 233 7
325 234 6
325 235 6
325 242 5
325 244 5
325 248 6
325 249 7
325 251 6
325 253 6
325 254 6
325 258 3
325 260 3
325 261 5
325 264 4
325 266 4
325 267 4
325 268 4
325 269 4
325 273 4
325 277 5
325 278 5
325 280 5
325 282 5
325 283 5
326 214 4
326 216 4
326 219 4
326 220 8
326 221 5
326 224 5
326 226 5
326 227 5
326 228 6
326 229 6
326 232 6
326 233 7
326 235 7
326 236 4
326 237 4
326 238 6
326 239 6
326 242 4
326 243 6
326 246 6
326 249 7
326 252 6
326 253 6
326 255 6
326 256 6
326 257 5
326 258 5
326 260 5
326 265 4
326 268 4
326 269 4
326 271 4
326 274 5
326 275 5
326 279 5
326 282 5
326 283 5
326 285 5
327 214 2
327 218 2
327 220 4
327 221 4
327 222 8
327 224 7
327 225 7
327 226 5
327 227 5
327 228 6
327 231 7
327 232 6
327 233 7
327 235 4
327 236 7
327 237 6
327 239 6
327 240 6
327 241 7
327 242 4
327 243 6
327 245 6
327 253 6
327 254 7
327 255 6
327 259 5
327 260 6
327 262 6
327 264 3
327 265 4
327 268 5
327 273 5
327 275 5
327 281 5
327 282 5
328 212 4
328 214 2
328 216 4
328 217 3
328 221 4
328 222 7
328 223 8
328 224 7
328 226 5
328 229 7
328 230 7
328 231 6
328 232 6
328 233 7
328 234 7
328 235 7
328 237 4
328 240 6
328 241 6
328 243 6
328 246 6
328 247 6
328 248 6
328 249 6
328 250 6
328 251 6
328 252 5
328 259 5
328 260 4
328 264 4
328 265 3
328 268 5
328 269 5
328 271 4
328 273 4
328 274 5
328 276 5
328 277 5
328 278 5
328 279 5
328 281 5
328 285 5
329 216 2
329 217 2
329 219 4
329 221 8
329 224 7
329 225 6
329 226 5
329 229 7
329 230 6
329 231 7
329 239 6
329 240 6
329 241 6
329 246 6
329 248 7
329 250 7
329 251 6
329 252 5
329 253 6
329 257 6
329 259 5
329 260 6
329 263 6
329 264 4
329 265 4
329 269 4
329 272 4
329 275 4
329 277 5
329 278 5
330 220 7
330 224 7
330 225 5
330 226 5
330 228 7
330 231 7
330 232 6
330 233 7
330 238 6
330 239 6
330 243 7
330 244 6
330 248 7
330 251 6
330 255 5
330 263 6
330 269 5
330 273 4
330 278 5
331 216 2
331 217 3
331 218 7
331 219 3
331 221 7
331 222 7
331 225 7
331 228 7
331 231 7
331 232 7
331 234 6
331 235 6
331 237 6
331 238 6
331 239 5
331 245 4
331 247 6
331 250 7
331 254 6
331 255 6
331 262 6
331 264 6
331 266 5
331 272 5
331 273 4
331 274 4
332 218 7
332 219 7
332 220 7
332 222 5
332 223 5
332 224 7
332 226 7
332 227 7
332 228 7
332 235 6
332 238 5
332 239 5
332 240 5
332 242 6
332 244 4
332 245 4
332 248 5
332 253 5
332 254 6
332 255 6
332 257 6
332 258 6
332 259 6
332 262 6
332 263 6
332 264 6
332 265 6
332 266 6
332 274 4
333 218 8
333 219 8
333 220 7
333 221 7
333 222 7
333 223 7
333 225 7
333 226 7
333 232 6
333 237 6
333 240 6
333 245 4
333 247 6
333 248 5
333 250 6
333 253 6
333 254 6
333 256 6
333 259 6
333 260 6
333 261 6
333 266 6
333 272 5
333 274 4
333 275 5
334 219 7
334 222 8
334 229 6
334 230 6
334 232 7
334 239 5
334 240 6
334 243 7
334 245 6
334 249 6
334 252 3
334 253 6
334 257 6
334 258 6
334 260 6
334 261 6
334 262 6
334 264 6
334 265 6
334 269 5
334 271 5
334 273 5
334 275 5
334 276 3
335 221 8
335 224 8
335 225 7
335 227 6
335 238 6
335 240 6
335 242 6
335 243 6
335 244 7
335 245 7
335 248 5
335 251 6
335 252 6
335 254 6
335 255 6
335 256 6
335 258 5
335 260 6
335 265 4
335 272 5
335 273 5
336 222 7
336 224 7
336 225 7
336 229 6
336 232 6
336 238 7
336 239 7
336 243 7
336 244 7
336 247 6
336 248 5
336 249 6
336 250 3
336 251 6
336 253 5
336 258 6
336 259 5
336 260 6
336 267 5
336 272 4
336 273 5
337 221 8
337 226 7
337 230 6
337 231 6
337 240 7
337 243 7
337 244 7
337 245 7
337 247 7
337 249 6
337 251 4
337 252 4
337 253 4
337 257 6
337 261 5
337 273 5
338 222 7
338 225 8
338 232 7
338 235 7
338 236 7
338 238 7
338 244 7
338 246 7
338 249 6
338 255 5
338 260 5
338 261 5
338 262 5
338 271 5
338 272 4
338 273 4
338 274 4
338 275 4
339 218 8
339 221 8
339 227 4
339 229 4
339 230 7
339 231 7
339 232 7
339 235 7
339 236 6
339 237 7
339 240 7
339 242 7
339 244 7
339 246 7
339 250 5
339 251 4
339 260 5
340 220 8
340 221 8
340 223 8
340 224 8
340 225 8
340 226 6
340 228 6
340 229 4
340 233 7
340 234 7
340 237 7
340 238 7
340 240 7
340 241 7
340 245 7
340 246 6
340 250 6
340 251 5
340 258 6
340 262 5
340 263 5
341 220 8
341 221 8
341 222 8
341 224 8
341 229 7
341 232 7
341 241 7
341 243 3
341 244 7
341 246 7
341 248 7
341 249 6
341 250 4
341 252 6
341 253 4
341 257 6
341 261 5
342 219 7
342 221 8
342 224 8
342 225 8
342 227 8
342 228 6
342 233 6
342 234 6
342 235 6
342 237 6
342 241 7
342 244 5
342 245 5
342 246 4
342 247 6
342 250 6
342 251 6
343 218 7
343 225 6
343 227 7
343 231 6
343 232 6
343 234 6
343 235 6
343 237 7
343 239 7
343 243 5
343 246 4
343 247 4
343 248 4
343 249 4
343 250 4
344 218 7
344 219 7
344 220 7
344 221 8
344 224 7
344 227 5
344 232 6
344 237 7
344 238 7
344 241 7
344 242 7
344 243 5
344 244 4
344 247 4
345 224 7
345 225 7
345 226 7
345 231 6
345 232 6
345 236 6
345 237 7
345 241 5
345 244 4
346 224 7
346 233 6
346 235 5
346 236 5
346 244 4
346 246 5
347 239 7
347 241 5
347 242 7
347 243 7
347 244 5
347 248 5
347 249 5
348 236 5
348 237 5
348 240 5
348 242 5
348 243 5
348 245 5
348 247 5
348 249 5
349 238 5
349 239 5
349 246 5
349 249 5
