512
240 256 9
241 251 10
241 252 9
241 253 9
241 254 9
241 255 9
241 256 9
241 258 9
241 259 9
241 260 9
242 249 10
242 251 9
242 253 9
242 254 9
242 255 9
242 256 9
242 257 9
242 258 9
242 259 7
242 260 7
242 261 7
243 248 9
243 250 9
243 251 10
243 252 9
243 253 9
243 254 9
243 255 9
243 256 9
243 257 9
243 258 9
243 259 7
243 260 9
243 261 9
243 262 9
244 249 9
244 250 9
244 251 9
244 252 9
244 253 10
244 254 9
244 255 9
244 256 9
244 257 8
244 258 9
244 259 9
244 262 8
244 263 6
245 251 9
245 252 9
245 253 9
245 254 9
245 255 8
245 256 9
245 257 9
245 259 7
245 261 9
245 263 9
245 264 9
245 265 8
246 247 10
246 248 10
246 249 10
246 250 10
246 251 10
246 252 10
246 253 10
246 254 10
246 255 10
246 256 9
246 257 8
246 258 8
246 259 8
246 261 7
246 265 9
247 245 10
247 246 10
247 248 10
247 250 10
247 254 9
247 255 9
247 256 9
247 257 9
247 258 9
247 259 9
247 261 8
247 262 8
247 263 8
247 266 9
247 268 9
248 245 10
248 246 10
248 247 10
248 248 10
248 249 10
248 250 10
248 252 10
248 254 10
248 255 9
248 256 9
248 257 8
248 258 9
248 259 9
248 261 7
248 262 9
248 263 9
248 264 9
248 267 9
249 244 10
249 245 9
249 250 10
249 254 10
249 255 9
249 256 9
249 257 9
249 258 8
249 259 8
249 262 8
249 263 9
249 264 9
249 265 9
249 267 9
250 247 10
250 248 10
250 250 10
250 251 10
250 252 10
250 253 10
250 254 10
250 255 9
250 256 9
250 257 9
250 258 8
250 259 8
250 260 8
250 262 8
250 263 8
250 264 9
250 265 9
251 244 10
251 246 10
251 247 10
251 248 10
251 250 10
251 251 10
251 252 10
251 253 100000
251 254 10
251 255 100000
251 256 10
251 262 8
251 263 8
251 264 9
251 265 9
251 266 9
251 268 9
252 242 10
252 243 10
252 244 10
252 247 10
252 248 10
252 250 10
252 251 10
252 252 10
252 253 100000
252 254 100000
252 255 100000
252 256 10
252 257 100000
252 258 100000
252 259 9
252 260 9
252 261 9
252 262 9
252 263 9
252 264 9
252 265 9
252 266 9
252 268 9
253 242 10
253 243 10
253 244 10
253 245 10
253 250 10
253 251 10
253 252 100000
253 253 100000
253 254 100000
253 255 100000
253 256 100000
253 258 100000
253 260 8
253 261 9
253 262 9
253 263 9
253 264 9
253 265 9
253 266 8
253 268 10
254 241 10
254 242 10
254 243 10
254 244 10
254 245 10
254 246 10
254 247 10
254 248 10
254 249 10
254 250 10
254 251 10
254 252 10
254 253 10
254 254 100000
254 255 9
254 256 100000
254 257 10
254 258 9
254 259 100000
254 260 8
254 264 9
254 265 9
254 266 9
254 268 10
255 242 10
255 243 10
255 244 10
255 250 10
255 251 10
255 252 10
255 253 10
255 254 100000
255 255 100000
255 256 100000
255 257 100000
255 258 10
255 260 100000
255 262 8
255 264 9
255 265 9
255 266 9
255 268 10
256 242 10
256 243 10
256 244 10
256 246 10
256 247 9
256 248 9
256 250 10
256 251 10
256 252 10
256 253 100000
256 254 100000
256 255 100000
256 256 10
256 257 100000
256 258 100000
256 260 10
256 264 8
256 268 10
257 242 10
257 243 10
257 246 8
257 247 8
257 248 10
257 254 100000
257 255 100000
257 258 100000
257 259 100000
257 260 100000
257 261 10
257 262 10
257 263 10
257 264 10
257 266 8
258 243 9
258 245 10
258 246 9
258 247 9
258 248 10
258 249 10
258 250 10
258 251 10
258 252 100000
258 253 100000
258 254 100000
258 255 100000
258 256 100000
258 257 100000
258 258 100000
258 259 100000
258 264 10
258 266 10
259 243 9
259 245 9
259 246 9
259 247 9
259 248 9
259 249 9
259 250 10
259 251 100000
259 252 10
259 254 100000
259 255 100000
259 256 100000
259 257 100000
259 258 100000
259 259 10
259 261 10
259 262 10
259 264 10
259 266 10
260 243 9
260 246 9
260 247 9
260 248 9
260 249 10
260 250 10
260 251 10
260 252 100000
260 253 100000
260 254 10
260 255 10
260 256 10
260 257 100000
260 258 100000
260 259 100000
260 261 100000
260 264 10
260 266 9
261 244 9
261 246 9
261 247 9
261 248 9
261 249 9
261 250 9
261 251 9
261 252 10
261 253 100000
261 254 100000
261 256 100000
261 257 100000
261 258 100000
261 259 100000
261 260 100000
261 261 10
261 262 10
261 263 10
261 266 10
262 244 10
262 246 10
262 247 10
262 248 9
262 249 10
262 250 10
262 251 10
262 252 10
262 253 10
262 254 100000
262 255 100000
262 256 100000
262 257 10
262 258 100000
262 259 10
262 260 100000
262 261 10
262 262 9
262 265 10
262 266 10
263 244 10
263 247 10
263 248 10
263 249 10
263 250 10
263 251 10
263 252 10
263 253 100000
263 254 10
263 255 10
263 256 100000
263 259 100000
263 260 100000
263 261 100000
263 262 100000
263 264 10
263 265 10
264 244 10
264 245 10
264 250 10
264 251 10
264 252 10
264 253 10
264 254 10
264 255 100000
264 256 100000
264 258 10
265 247 10
265 248 10
265 249 8
265 250 9
265 252 8
265 255 10
265 256 10
265 258 10
265 259 10
265 260 10
265 261 10
265 262 10
266 249 9
266 252 9
266 253 8
266 255 10
266 258 10
267 249 9
267 250 9
267 251 9
267 252 10
267 253 10
267 257 10
267 258 9
268 252 10
268 253 10
268 254 10
268 255 10
268 256 10
