512
242 251 10
242 252 10
242 253 9
243 255 9
243 261 9
244 246 9
244 253 9
244 254 9
244 260 9
244 262 9
244 263 9
244 264 9
245 253 10
245 255 9
245 256 9
245 259 9
245 260 9
245 261 9
245 262 9
245 264 9
245 266 9
246 246 10
246 247 10
246 252 10
246 253 9
246 254 9
246 255 9
246 258 9
246 261 9
246 262 9
247 247 10
247 248 10
247 252 10
247 256 9
247 260 9
247 262 9
247 263 9
248 245 10
248 247 9
248 248 10
248 250 10
248 251 9
248 252 9
248 255 9
248 256 9
248 258 9
248 259 9
248 260 9
248 264 9
248 265 9
249 244 10
249 246 10
249 247 10
249 248 10
249 249 10
249 250 10
249 253 10
249 255 9
249 256 9
249 257 10
249 258 100000
249 259 8
249 265 9
250 250 10
250 254 9
250 258 10
250 262 9
250 265 9
251 247 10
251 253 10
251 254 10
251 255 10
251 258 9
251 259 10
251 260 9
251 263 9
252 246 8
252 247 8
252 249 8
252 252 10
252 253 10
252 255 10
252 258 9
252 264 9
253 249 8
253 250 10
253 252 10
253 263 9
253 266 7
254 242 8
254 247 8
254 249 8
254 250 10
254 255 8
254 260 8
254 261 9
254 264 9
254 265 9
255 250 8
255 251 8
255 253 10
255 254 10
255 258 9
255 260 9
255 261 9
255 262 9
256 239 8
256 249 9
256 255 8
256 261 9
256 262 9
256 264 9
257 241 8
257 247 8
257 249 9
257 250 8
257 254 8
257 260 9
257 263 9
257 264 9
258 240 8
258 243 8
258 246 8
258 248 7
258 249 7
258 254 8
258 259 8
259 243 8
259 247 8
259 248 8
259 249 9
259 250 7
259 252 8
259 254 8
259 256 9
259 258 9
259 260 8
260 242 8
260 249 7
260 251 9
260 252 9
260 253 9
260 254 9
260 259 8
261 238 8
261 253 9
261 258 8
262 238 8
262 254 9
262 256 7
263 241 8
263 243 8
263 244 8
263 246 8
263 248 8
264 243 8
264 248 8
264 254 9
265 252 9
265 254 9
265 256 9
266 241 8
268 254 9
269 252 8
269 253 9
269 255 9
269 258 9
270 256 9
270 258 9
270 259 8
271 253 9
271 255 9
272 252 9
272 253 9
272 258 9
