512
201 251 7
201 252 7
201 253 7
201 254 7
201 255 7
201 256 7
201 257 7
201 258 6
201 260 7
202 249 7
202 250 7
202 251 7
202 254 7
202 255 7
202 256 7
202 258 7
202 259 7
202 262 7
202 263 7
203 246 7
203 247 8
203 248 8
203 249 7
203 250 7
203 251 7
203 252 7
203 253 7
203 254 7
203 255 7
203 256 7
203 257 7
203 258 7
203 259 6
203 260 7
203 261 7
203 262 7
203 263 7
203 264 7
203 265 7
204 245 8
204 249 7
204 250 8
204 251 7
204 258 7
204 259 7
204 266 7
204 267 7
204 268 7
204 269 7
204 270 5
204 271 7
204 272 5
205 242 8
205 244 7
205 247 8
205 249 8
205 250 8
205 251 7
205 253 7
205 254 7
205 255 7
205 256 6
205 258 7
205 259 7
205 261 7
205 262 7
205 263 7
205 264 7
205 267 7
205 268 7
205 271 5
205 272 5
206 241 8
206 242 8
206 246 7
206 247 8
206 249 7
206 250 8
206 251 8
206 258 6
206 259 7
206 261 7
206 262 7
206 263 7
206 264 7
206 265 6
206 267 7
206 268 7
206 269 7
206 270 7
206 271 5
206 272 5
206 273 7
206 277 7
207 234 8
207 235 8
207 236 8
207 238 8
207 241 8
207 244 8
207 245 7
207 246 8
207 247 7
207 249 8
207 250 8
207 251 8
207 252 8
207 253 7
207 254 7
207 255 7
207 256 7
207 257 7
207 258 7
207 259 7
207 261 7
207 262 7
207 263 7
207 264 7
207 265 7
207 267 7
207 268 6
207 269 6
207 270 6
207 274 5
207 276 7
207 277 7
207 278 7
207 279 7
207 280 7
208 233 8
208 234 8
208 235 8
208 236 8
208 237 8
208 238 7
208 240 7
208 243 8
208 244 8
208 245 8
208 246 8
208 249 8
208 250 8
208 252 8
208 254 7
208 255 8
208 256 7
208 257 7
208 258 7
208 259 7
208 264 7
208 265 7
208 267 7
208 268 7
208 269 7
208 270 6
208 271 6
208 272 6
208 273 7
208 274 7
208 275 7
208 276 7
208 277 7
208 278 7
208 279 7
208 280 6
208 281 7
209 231 8
209 232 8
209 233 8
209 234 8
209 235 8
209 236 8
209 237 8
209 238 8
209 239 8
209 240 7
209 242 7
209 243 7
209 244 8
209 245 7
209 246 7
209 248 8
209 249 8
209 250 8
209 251 8
209 252 8
209 253 8
209 254 8
209 255 8
209 256 8
209 258 7
209 259 6
209 260 6
209 261 7
209 262 7
209 264 7
209 265 7
209 267 7
209 268 6
209 269 6
209 270 6
209 271 7
209 272 7
209 273 7
209 274 7
209 275 7
209 276 7
209 277 7
209 278 7
209 279 7
209 280 7
209 281 7
210 228 8
210 229 8
210 230 7
210 231 7
210 232 7
210 233 7
210 234 7
210 235 8
210 236 8
210 237 8
210 238 8
210 239 7
210 240 7
210 242 7
210 243 7
210 244 8
210 248 6
210 249 8
210 250 8
210 256 7
210 257 7
210 258 7
210 259 7
210 260 7
210 261 7
210 262 7
210 264 7
210 265 7
210 268 7
210 270 7
210 271 7
210 272 7
210 273 7
210 274 7
210 275 7
210 276 7
210 277 7
210 278 7
210 279 6
210 280 6
210 281 6
210 282 7
211 226 8
211 227 8
211 228 8
211 229 8
211 230 8
211 235 7
211 236 8
211 237 8
211 238 8
211 239 8
211 240 8
211 242 7
211 243 7
211 244 7
211 246 7
211 247 7
211 248 7
211 249 7
211 250 8
211 252 7
211 253 7
211 254 8
211 256 8
211 257 8
211 258 7
211 259 7
211 260 7
211 261 8
211 262 8
211 264 8
211 265 8
211 266 8
211 268 7
211 269 7
211 270 6
211 271 6
211 272 6
211 273 7
211 274 7
211 275 7
211 276 7
211 277 7
211 278 7
211 279 6
211 280 7
211 282 6
212 225 8
212 230 8
212 232 8
212 233 8
212 236 8
212 238 8
212 240 6
212 242 7
212 243 7
212 244 7
212 246 7
212 248 8
212 256 8
212 257 8
212 258 8
212 259 8
212 260 8
212 261 6
212 262 6
212 265 7
212 266 7
212 269 7
212 270 7
212 273 7
212 274 7
212 275 7
212 276 7
212 278 6
212 280 7
212 281 6
212 282 7
213 223 8
213 224 8
213 227 8
213 228 8
213 230 8
213 231 7
213 232 8
213 233 8
213 234 8
213 236 8
213 237 8
213 238 8
213 239 7
213 240 7
213 242 7
213 243 7
213 244 6
213 246 7
213 248 8
213 250 6
213 251 8
213 253 8
213 254 8
213 255 7
213 256 7
213 257 8
213 258 8
213 259 8
213 260 8
213 261 8
213 262 7
213 263 7
213 265 8
213 266 8
213 267 7
213 269 6
213 270 7
213 271 7
213 272 7
213 273 7
213 274 7
213 275 7
213 276 7
213 277 7
213 278 7
213 279 5
213 280 6
213 281 6
213 282 7
213 284 6
214 222 8
214 226 8
214 227 8
214 228 8
214 232 8
214 236 8
214 237 7
214 238 8
214 239 8
214 240 8
214 242 7
214 243 7
214 244 7
214 246 8
214 248 8
214 250 6
214 251 6
214 253 8
214 254 8
214 255 8
214 256 8
214 260 8
214 261 7
214 262 7
214 263 8
214 265 7
214 266 7
214 267 7
214 274 6
214 275 7
214 276 7
214 277 7
214 278 7
214 279 7
215 221 8
215 222 8
215 224 8
215 225 8
215 226 8
215 227 8
215 228 8
215 229 8
215 230 8
215 231 8
215 232 8
215 234 8
215 235 8
215 236 8
215 237 7
215 238 7
215 239 7
215 240 8
215 244 7
215 246 7
215 248 7
215 250 5
215 251 5
215 253 6
215 254 8
215 255 8
215 256 8
215 258 8
215 260 8
215 261 7
215 262 7
215 263 7
215 265 6
215 266 6
215 267 6
215 268 6
215 269 7
215 270 7
215 271 7
215 272 6
215 274 7
215 275 7
215 276 7
215 277 7
215 278 7
215 279 7
215 281 6
215 282 6
215 284 5
215 285 5
216 222 8
216 226 8
216 227 8
216 228 8
216 229 8
216 230 8
216 231 8
216 232 8
216 234 8
216 235 8
216 236 8
216 237 8
216 238 8
216 239 8
216 240 7
216 241 6
216 242 7
216 244 6
216 246 7
216 247 7
216 248 7
216 250 7
216 251 7
216 253 5
216 254 8
216 255 8
216 256 8
216 258 8
216 261 8
216 262 8
216 263 7
216 265 6
216 266 6
216 267 6
216 268 6
216 269 7
216 270 7
216 271 7
216 272 7
216 277 6
216 278 6
216 279 6
216 282 6
216 284 6
216 285 5
217 221 8
217 222 8
217 223 8
217 224 8
217 226 8
217 227 8
217 228 8
217 229 8
217 230 8
217 231 8
217 232 8
217 234 8
217 235 8
217 236 8
217 237 8
217 238 8
217 240 8
217 242 7
217 246 7
217 248 8
217 253 7
217 254 8
217 255 8
217 256 7
217 258 8
217 259 8
217 261 8
217 262 7
217 263 8
217 265 8
217 266 8
217 267 7
217 268 7
217 269 7
217 270 7
217 271 7
217 272 6
217 273 6
217 274 7
217 275 7
217 277 6
217 278 6
217 279 6
217 280 6
217 284 5
217 285 5
218 219 7
218 220 8
218 221 8
218 222 8
218 226 8
218 227 8
218 228 8
218 229 8
218 230 8
218 231 8
218 232 8
218 234 8
218 235 8
218 236 8
218 237 8
218 238 8
218 239 8
218 240 8
218 241 6
218 242 8
218 243 7
218 244 6
218 245 7
218 246 7
218 247 6
218 248 5
218 249 7
218 250 7
218 251 8
218 252 8
218 253 8
218 254 7
218 255 7
218 256 8
218 261 7
218 262 8
218 263 8
218 265 6
218 266 5
218 267 6
218 268 7
218 269 7
218 270 7
218 274 6
218 275 6
218 277 6
218 280 6
218 281 6
218 282 6
218 283 6
218 284 6
219 218 7
219 224 8
219 230 8
219 231 8
219 232 8
219 234 8
219 236 8
219 237 8
219 238 8
219 239 8
219 240 8
219 241 6
219 242 7
219 254 8
219 259 8
219 260 7
219 261 7
219 263 5
219 269 7
219 270 7
219 272 7
219 274 7
219 275 7
219 277 6
219 278 8
219 279 8
219 280 7
219 281 8
219 282 6
219 283 8
219 284 8
219 285 8
219 286 8
219 287 8
219 288 8
220 218 7
220 220 8
220 221 7
220 222 8
220 223 8
220 224 8
220 226 8
220 227 8
220 228 8
220 230 8
220 231 8
220 232 8
220 234 8
220 235 8
220 236 8
220 237 8
220 238 8
220 239 8
220 240 8
220 241 8
220 242 7
220 244 5
220 245 7
220 246 7
220 247 8
220 248 7
220 249 8
220 250 8
220 251 8
220 252 8
220 254 8
220 256 8
220 257 8
220 259 8
220 260 8
220 261 8
220 262 8
220 263 8
220 264 6
220 265 8
220 266 6
220 267 6
220 269 7
220 270 7
220 277 7
220 278 6
220 279 6
220 280 6
220 281 8
220 282 6
220 283 6
220 284 6
220 286 8
220 287 8
220 288 8
220 289 8
221 218 7
221 221 8
221 222 8
221 223 8
221 224 8
221 226 8
221 228 8
221 234 8
221 236 8
221 237 8
221 238 8
221 239 7
221 240 8
221 241 6
221 242 6
221 254 7
221 259 8
221 260 8
221 261 8
221 265 7
221 267 7
221 269 7
221 270 7
221 271 7
221 272 7
221 273 7
221 275 7
221 276 7
221 277 7
221 278 7
221 279 7
221 280 8
221 281 8
221 282 7
221 283 8
221 284 8
221 285 8
221 286 8
221 287 8
221 288 8
221 289 8
221 290 8
221 291 8
222 215 8
222 216 7
222 217 8
222 218 8
222 219 8
222 226 8
222 228 8
222 229 8
222 230 8
222 231 8
222 232 8
222 233 8
222 234 8
222 235 7
222 236 7
222 237 7
222 238 7
222 239 8
222 240 8
222 241 8
222 242 8
222 243 8
222 244 8
222 245 8
222 246 7
222 247 7
222 248 7
222 249 7
222 250 7
222 251 7
222 252 5
222 253 8
222 254 8
222 255 7
222 256 7
222 257 8
222 258 8
222 259 8
222 260 8
222 261 7
222 263 8
222 265 8
222 266 7
222 267 7
222 269 6
222 270 7
222 271 7
222 275 7
222 276 7
222 277 7
222 278 8
222 279 6
222 280 8
222 281 8
222 282 8
222 283 8
222 284 8
222 285 8
222 286 8
222 287 8
222 288 8
222 292 7
222 293 8
223 216 7
223 217 8
223 219 8
223 220 8
223 221 8
223 222 8
223 223 8
223 224 8
223 225 8
223 226 8
223 227 8
223 228 8
223 230 8
223 231 7
223 232 8
223 239 7
223 240 7
223 242 8
223 243 8
223 244 8
223 245 8
223 246 6
223 247 8
223 248 6
223 249 7
223 250 7
223 251 7
223 252 7
223 253 7
223 254 8
223 255 8
223 256 8
223 257 8
223 259 8
223 260 8
223 261 8
223 263 8
223 265 7
223 269 5
223 270 6
223 271 7
223 273 7
223 274 7
223 275 7
223 276 7
223 277 7
223 278 8
223 279 7
223 280 8
223 281 8
223 282 5
223 285 8
223 286 8
223 287 8
223 288 8
223 290 8
223 292 8
223 293 8
223 294 8
224 216 8
224 218 8
224 219 8
224 220 8
224 221 8
224 224 8
224 225 8
224 226 8
224 227 8
224 228 8
224 230 8
224 231 8
224 232 8
224 234 7
224 235 7
224 236 7
224 237 8
224 239 8
224 240 8
224 241 8
224 242 8
224 243 8
224 244 8
224 245 8
224 246 7
224 247 8
224 248 7
224 249 6
224 250 7
224 251 7
224 252 7
224 253 7
224 254 5
224 255 8
224 256 8
224 257 7
224 259 8
224 260 8
224 261 8
224 265 8
224 266 7
224 267 5
224 268 7
224 269 6
224 270 6
224 271 6
224 273 7
224 274 7
224 275 7
224 278 5
224 279 7
224 281 6
224 283 8
224 285 6
224 286 7
224 287 8
224 288 8
224 290 8
224 295 8
225 215 8
225 216 8
225 218 8
225 219 8
225 220 8
225 221 8
225 223 8
225 224 8
225 225 7
225 226 8
225 227 8
225 228 7
225 229 7
225 230 8
225 231 7
225 232 7
225 239 8
225 242 8
225 243 8
225 244 8
225 245 8
225 246 7
225 247 6
225 249 7
225 250 7
225 251 7
225 252 7
225 253 7
225 254 7
225 255 7
225 256 8
225 257 8
225 259 8
225 260 8
225 261 8
225 262 8
225 263 8
225 264 8
225 265 8
225 267 7
225 268 7
225 269 7
225 270 7
225 271 7
225 273 7
225 274 6
225 275 6
225 276 7
225 277 6
225 278 6
225 279 5
225 280 7
225 281 7
225 283 8
225 285 8
225 286 8
225 287 7
225 288 8
225 290 8
225 291 8
225 292 8
225 293 8
226 214 8
226 216 8
226 217 8
226 218 8
226 219 8
226 220 8
226 221 8
226 224 8
226 225 8
226 226 8
226 228 8
226 230 7
226 231 7
226 232 8
226 233 8
226 234 8
226 235 8
226 236 8
226 237 7
226 238 7
226 239 7
226 240 8
226 241 8
226 242 8
226 243 8
226 244 8
226 245 8
226 246 8
226 247 7
226 248 8
226 249 8
226 250 7
226 251 8
226 252 7
226 253 6
226 254 7
226 255 7
226 256 6
226 257 7
226 258 8
226 259 7
226 260 8
226 261 7
226 263 8
226 265 7
226 269 6
226 270 6
226 271 6
226 273 7
226 275 7
226 277 7
226 279 7
226 280 6
226 281 8
226 285 8
226 286 8
226 287 8
226 288 8
226 290 8
226 291 8
226 292 8
226 293 8
226 294 8
226 296 8
227 215 8
227 216 8
227 217 9
227 218 9
227 222 8
227 224 8
227 225 8
227 226 8
227 227 8
227 228 8
227 229 8
227 230 8
227 231 8
227 232 7
227 233 7
227 234 7
227 235 8
227 236 8
227 237 8
227 238 8
227 239 8
227 240 7
227 241 8
227 242 8
227 243 8
227 244 8
227 245 7
227 247 7
227 249 8
227 250 6
227 252 6
227 254 8
227 255 8
227 256 8
227 257 8
227 258 8
227 259 8
227 260 8
227 261 8
227 262 8
227 263 8
227 264 5
227 265 5
227 266 5
227 267 8
227 269 6
227 270 6
227 271 6
227 273 6
227 274 7
227 275 7
227 276 7
227 277 7
227 278 6
227 279 6
227 280 6
227 281 6
227 282 6
227 283 6
227 284 8
227 285 8
227 286 7
227 287 7
227 288 8
227 290 8
227 291 8
227 292 8
227 293 8
227 294 8
227 296 8
228 213 9
228 214 8
228 215 8
228 216 9
228 217 9
228 218 8
228 220 9
228 222 7
228 224 8
228 225 8
228 226 8
228 227 8
228 228 7
228 232 8
228 233 8
228 234 8
228 235 8
228 236 8
228 237 7
228 238 8
228 239 7
228 240 7
228 241 7
228 242 7
228 243 8
228 244 8
228 245 8
228 246 8
228 247 8
228 248 7
228 249 7
228 250 7
228 251 8
228 252 8
228 253 8
228 254 8
228 255 7
228 256 7
228 257 8
228 258 8
228 259 8
228 265 8
228 266 7
228 267 8
228 269 7
228 270 6
228 271 6
228 279 7
228 280 8
228 281 7
228 283 8
228 284 8
228 285 8
228 287 8
228 288 7
228 290 8
228 291 8
228 292 8
228 293 8
228 294 8
228 297 7
229 212 9
229 215 9
229 217 9
229 220 8
229 222 8
229 224 9
229 225 8
229 226 8
229 227 8
229 228 8
229 230 8
229 232 8
229 233 8
229 234 8
229 238 7
229 241 8
229 243 8
229 247 8
229 248 8
229 249 8
229 256 6
229 257 8
229 258 8
229 259 8
229 261 8
229 262 8
229 263 8
229 265 7
229 266 7
229 267 7
229 269 7
229 270 7
229 271 7
229 272 7
229 273 6
229 274 6
229 275 6
229 276 6
229 277 7
229 279 6
229 280 6
229 281 7
229 282 6
229 283 6
229 284 8
229 285 8
229 286 7
229 287 7
229 288 7
229 293 8
229 294 8
229 295 7
229 297 7
230 212 9
230 213 9
230 214 9
230 215 9
230 216 9
230 217 9
230 219 9
230 220 9
230 222 8
230 224 9
230 228 8
230 232 7
230 233 8
230 234 8
230 236 7
230 238 8
230 239 8
230 240 8
230 241 8
230 242 8
230 243 8
230 244 8
230 245 8
230 246 8
230 247 8
230 248 8
230 249 8
230 251 8
230 252 8
230 253 8
230 254 8
230 256 5
230 257 8
230 258 8
230 259 8
230 265 6
230 266 7
230 267 7
230 269 7
230 270 7
230 271 7
230 272 7
230 273 7
230 274 7
230 275 7
230 276 7
230 277 5
230 283 8
230 284 8
230 285 8
230 286 8
230 287 8
230 288 8
230 289 8
230 290 7
230 291 7
230 293 7
230 297 7
231 209 8
231 211 9
231 212 9
231 213 9
231 214 8
231 215 9
231 219 8
231 220 8
231 222 9
231 224 9
231 226 8
231 228 8
231 229 8
231 230 8
231 231 8
231 232 8
231 234 7
231 236 8
231 241 7
231 242 7
231 243 6
231 249 8
231 251 8
231 252 8
231 253 8
231 254 8
231 256 8
231 257 7
231 258 7
231 259 7
231 260 7
231 261 6
231 262 7
231 263 8
231 264 6
231 265 5
231 269 7
231 276 7
231 277 7
231 278 7
231 279 6
231 280 8
231 281 6
231 283 6
231 284 8
231 285 8
231 286 8
231 287 8
231 289 7
231 291 7
231 295 7
231 296 7
231 297 7
232 209 8
232 211 8
232 215 9
232 217 9
232 222 8
232 223 9
232 224 9
232 226 9
232 232 9
232 234 9
232 236 8
232 237 8
232 238 8
232 239 8
232 241 8
232 242 8
232 243 7
232 245 8
232 246 8
232 247 8
232 249 8
232 253 8
232 254 8
232 256 8
232 257 9
232 258 7
232 259 9
232 263 7
232 264 7
232 265 6
232 267 6
232 268 7
232 269 8
232 271 7
232 272 7
232 273 7
232 274 7
232 281 8
232 283 6
232 284 8
232 285 8
232 286 8
232 287 8
232 288 8
232 289 8
232 290 8
232 291 8
232 292 8
232 293 8
232 294 8
232 295 8
232 297 8
232 299 8
233 209 9
233 210 8
233 211 8
233 213 9
233 215 9
233 217 8
233 219 8
233 220 9
233 221 9
233 222 9
233 224 9
233 226 8
233 227 8
233 228 8
233 229 8
233 230 8
233 232 7
233 234 9
233 236 8
233 237 9
233 238 8
233 239 8
233 245 8
233 249 8
233 250 8
233 251 8
233 253 8
233 254 8
233 256 9
233 257 7
233 258 7
233 259 7
233 261 8
233 263 9
233 264 7
233 265 7
233 269 6
233 271 5
233 274 7
233 275 7
233 276 7
233 277 7
233 278 7
233 279 6
233 283 8
233 284 8
233 285 8
233 286 8
233 287 8
233 288 8
233 293 8
233 294 7
233 295 7
233 296 8
233 297 6
233 298 8
233 299 8
234 209 8
234 210 8
234 211 8
234 212 8
234 213 9
234 215 9
234 217 8
234 219 8
234 220 8
234 221 9
234 222 9
234 223 9
234 224 9
234 226 9
234 227 9
234 228 8
234 229 8
234 230 8
234 232 7
234 234 9
234 237 9
234 238 8
234 239 8
234 240 8
234 241 7
234 242 8
234 243 8
234 244 8
234 245 8
234 247 8
234 248 7
234 249 8
234 251 8
234 253 9
234 254 9
234 257 9
234 263 8
234 264 8
234 265 8
234 266 7
234 267 8
234 269 5
234 271 8
234 272 7
234 273 7
234 274 7
234 275 7
234 276 7
234 277 7
234 278 9
234 279 7
234 280 6
234 281 7
234 282 6
234 283 7
234 284 8
234 285 8
234 286 8
234 287 8
234 288 8
234 290 8
234 291 8
234 293 7
234 294 7
234 295 7
234 297 8
234 298 8
234 299 8
235 209 9
235 210 8
235 211 9
235 213 9
235 215 9
235 217 9
235 219 8
235 220 9
235 221 8
235 222 9
235 224 8
235 232 8
235 233 9
235 234 8
235 235 9
235 237 8
235 238 8
235 239 8
235 240 7
235 241 8
235 242 8
235 243 8
235 247 8
235 248 6
235 249 6
235 251 7
235 253 6
235 254 5
235 255 6
235 257 8
235 259 9
235 261 9
235 262 8
235 263 8
235 264 8
235 265 8
235 266 6
235 267 6
235 269 6
235 273 6
235 274 7
235 275 9
235 276 7
235 277 7
235 278 7
235 279 7
235 281 8
235 282 8
235 283 8
235 284 7
235 285 7
235 286 7
235 288 7
235 295 7
235 296 6
235 297 8
235 299 8
236 209 9
236 210 7
236 211 8
236 213 9
236 215 9
236 217 9
236 219 8
236 220 9
236 221 9
236 222 9
236 223 9
236 224 9
236 225 9
236 226 9
236 227 9
236 228 9
236 229 9
236 230 9
236 231 8
236 232 8
236 233 8
236 234 8
236 235 8
236 237 9
236 238 7
236 239 7
236 240 8
236 241 7
236 242 7
236 243 8
236 245 8
236 246 8
236 247 8
236 248 8
236 249 7
236 250 7
236 251 7
236 253 9
236 254 9
236 255 6
236 259 9
236 261 9
236 262 9
236 263 9
236 264 7
236 265 9
236 266 8
236 267 7
236 269 7
236 270 6
236 271 6
236 273 7
236 274 8
236 275 8
236 276 5
236 277 9
236 278 9
236 279 9
236 281 7
236 282 8
236 283 8
236 284 7
236 285 8
236 286 7
236 287 8
236 288 8
236 289 8
236 290 8
236 291 8
236 293 8
236 295 7
236 296 8
236 297 8
236 298 8
236 299 8
236 300 7
237 207 9
237 209 9
237 210 9
237 211 8
237 215 9
237 217 9
237 219 9
237 220 9
237 221 9
237 222 9
237 224 9
237 225 9
237 226 9
237 227 9
237 228 9
237 229 9
237 230 9
237 231 9
237 232 9
237 233 9
237 234 9
237 235 8
237 237 8
237 238 8
237 239 8
237 240 7
237 241 6
237 242 8
237 243 9
237 245 8
237 246 7
237 247 8
237 248 8
237 249 7
237 250 7
237 251 7
237 253 7
237 254 7
237 255 5
237 256 5
237 257 8
237 261 9
237 262 6
237 263 7
237 265 9
237 267 6
237 273 6
237 274 9
237 275 9
237 276 9
237 277 7
237 278 7
237 279 9
237 280 7
237 281 7
237 282 8
237 283 8
237 284 8
237 285 8
237 286 7
237 293 8
237 295 8
237 296 6
237 297 8
237 298 8
237 300 8
238 207 9
238 208 9
238 209 9
238 210 9
238 211 9
238 212 9
238 213 9
238 214 9
238 215 9
238 217 9
238 219 9
238 220 9
238 221 9
238 222 9
238 223 9
238 224 9
238 225 9
238 226 9
238 227 9
238 228 9
238 229 9
238 230 9
238 231 9
238 232 9
238 233 9
238 234 9
238 235 9
238 245 8
238 246 7
238 247 7
238 248 7
238 249 8
238 250 8
238 251 7
238 253 7
238 254 7
238 255 7
238 259 8
238 260 7
238 261 6
238 262 8
238 263 6
238 264 8
238 265 8
238 266 8
238 267 7
238 268 8
238 269 8
238 270 8
238 271 7
238 272 7
238 273 7
238 274 6
238 275 6
238 276 7
238 283 8
238 285 8
238 286 8
238 288 7
238 289 8
238 290 8
238 291 7
238 292 8
238 293 8
238 295 8
238 296 8
238 297 8
238 298 8
238 299 8
238 300 8
238 301 7
239 207 9
239 208 10
239 209 9
239 210 9
239 211 9
239 212 9
239 213 9
239 214 9
239 215 9
239 221 9
239 223 9
239 224 9
239 225 9
239 226 9
239 227 9
239 228 9
239 229 9
239 230 8
239 231 9
239 232 9
239 233 9
239 234 9
239 235 9
239 236 9
239 237 9
239 238 9
239 239 9
239 240 9
239 241 6
239 242 6
239 243 9
239 244 8
239 245 8
239 246 7
239 247 7
239 248 8
239 250 8
239 251 7
239 253 7
239 254 7
239 255 6
239 257 7
239 258 8
239 259 7
239 261 6
239 263 6
239 264 9
239 265 9
239 266 7
239 267 7
239 268 7
239 269 7
239 270 8
239 271 7
239 272 7
239 273 7
239 274 7
239 275 7
239 276 7
239 278 7
239 279 7
239 280 7
239 281 8
239 283 7
239 284 8
239 285 8
239 286 8
239 288 7
239 289 7
239 290 7
239 291 7
239 292 8
239 293 8
239 295 8
239 296 7
239 297 7
239 298 8
239 299 8
239 300 7
239 301 8
239 302 8
240 207 10
240 208 10
240 209 9
240 210 9
240 211 9
240 212 9
240 213 9
240 214 9
240 215 9
240 216 9
240 217 9
240 219 9
240 221 9
240 223 9
240 224 9
240 225 9
240 226 9
240 227 9
240 228 9
240 229 8
240 230 8
240 231 9
240 233 9
240 234 9
240 235 9
240 237 8
240 241 7
240 243 7
240 244 9
240 245 9
240 246 8
240 247 8
240 248 8
240 249 7
240 250 7
240 251 8
240 253 6
240 254 6
240 255 6
240 257 8
240 258 8
240 259 8
240 260 8
240 261 8
240 262 8
240 263 8
240 264 8
240 265 8
240 266 7
240 267 9
240 268 7
240 269 7
240 270 6
240 271 7
240 272 7
240 273 7
240 274 7
240 275 6
240 276 6
240 280 8
240 281 7
240 283 8
240 295 8
240 296 7
240 297 7
240 298 7
240 299 8
240 302 6
240 303 7
241 207 10
241 214 9
241 215 10
241 216 10
241 217 9
241 219 9
241 221 9
241 222 7
241 223 8
241 225 8
241 227 8
241 228 9
241 229 9
241 230 9
241 231 9
241 232 8
241 233 8
241 234 7
241 235 9
241 236 8
241 237 9
241 239 7
241 241 7
241 242 7
241 243 8
241 244 8
241 245 8
241 246 7
241 247 7
241 248 7
241 249 7
241 250 8
241 251 6
241 257 7
241 258 8
241 259 8
241 260 8
241 261 7
241 262 8
241 263 8
241 267 7
241 269 6
241 270 6
241 271 6
241 272 8
241 273 7
241 274 7
241 275 7
241 276 7
241 277 7
241 278 7
241 280 8
241 281 8
241 283 8
241 285 6
241 287 8
241 288 8
241 289 8
241 290 8
241 291 8
241 292 7
241 293 8
241 294 8
241 295 8
241 296 7
241 297 7
241 298 7
241 299 8
241 301 7
241 303 8
242 207 9
242 209 9
242 210 9
242 211 10
242 212 9
242 214 9
242 215 9
242 216 9
242 217 9
242 219 9
242 223 9
242 224 9
242 225 9
242 226 9
242 227 9
242 229 9
242 231 9
242 232 9
242 233 9
242 241 7
242 244 7
242 245 6
242 246 6
242 247 6
242 248 7
242 249 7
242 250 7
242 251 7
242 252 6
242 253 6
242 254 6
242 255 6
242 256 7
242 257 7
242 258 7
242 259 7
242 260 8
242 261 8
242 262 7
242 263 7
242 265 8
242 267 8
242 268 7
242 269 7
242 270 8
242 271 8
242 276 6
242 278 8
242 280 8
242 281 8
242 285 6
242 287 7
242 289 8
242 290 8
242 291 8
242 293 8
242 294 8
242 295 8
242 296 6
242 297 7
242 298 8
242 299 8
242 301 7
242 303 7
243 206 10
243 207 9
243 209 10
243 210 9
243 211 10
243 212 9
243 214 9
243 215 10
243 216 10
243 217 9
243 219 9
243 220 10
243 221 10
243 223 8
243 227 9
243 228 8
243 229 9
243 230 10
243 231 9
243 232 9
243 233 9
243 235 8
243 236 9
243 238 8
243 239 7
243 240 8
243 241 8
243 242 7
243 243 8
243 244 7
243 245 8
243 246 7
243 247 7
243 248 7
243 249 7
243 250 7
243 251 8
243 252 7
243 254 7
243 255 9
243 256 9
243 257 7
243 258 6
243 261 8
243 262 8
243 263 8
243 267 8
243 268 6
243 269 7
243 270 8
243 271 8
243 273 7
243 274 7
243 276 7
243 277 8
243 278 7
243 280 7
243 281 7
243 282 8
243 283 8
243 284 7
243 285 7
243 287 8
243 288 7
243 289 8
243 291 8
243 293 7
243 294 8
243 295 8
243 296 7
243 297 7
243 298 6
243 299 7
243 303 8
244 207 10
244 209 10
244 210 10
244 211 9
244 212 10
244 219 10
244 223 10
244 225 10
244 227 9
244 228 9
244 229 8
244 230 10
244 231 9
244 232 9
244 233 9
244 235 8
244 236 7
244 238 9
244 243 7
244 244 7
244 245 7
244 246 7
244 247 8
244 249 8
244 250 8
244 251 7
244 252 7
244 253 7
244 254 7
244 255 7
244 256 7
244 257 7
244 259 8
244 261 7
244 262 7
244 263 8
244 264 8
244 265 8
244 266 8
244 267 8
244 268 6
244 269 7
244 270 6
244 271 8
244 276 7
244 277 5
244 278 7
244 285 7
244 287 7
244 288 7
244 289 7
244 291 7
244 293 7
244 294 7
244 295 8
244 296 6
244 297 6
244 302 6
244 303 7
244 304 6
245 207 10
245 211 8
245 212 10
245 213 9
245 214 10
245 215 9
245 216 9
245 217 8
245 218 9
245 219 10
245 221 10
245 222 9
245 223 10
245 225 9
245 227 9
245 228 8
245 229 8
245 230 10
245 231 9
245 232 10
245 233 9
245 235 8
245 236 8
245 238 8
245 240 9
245 241 8
245 242 9
245 244 7
245 245 8
245 246 8
245 247 8
245 248 8
245 249 8
245 250 8
245 251 8
245 252 8
245 253 7
245 254 8
245 255 9
245 256 9
245 257 9
245 259 8
245 261 100000
245 265 8
245 267 8
245 268 6
245 269 8
245 270 7
245 271 7
245 272 8
245 273 8
245 274 8
245 275 8
245 276 8
245 277 7
245 278 7
245 279 7
245 280 7
245 281 6
245 282 6
245 283 7
245 285 8
245 287 8
245 288 7
245 289 7
245 291 7
245 293 7
245 297 7
245 299 8
245 300 8
245 302 8
245 303 6
245 304 6
246 207 8
246 208 10
246 209 10
246 221 9
246 222 10
246 223 10
246 227 9
246 228 9
246 229 9
246 230 10
246 231 10
246 232 9
246 233 8
246 235 9
246 236 9
246 238 8
246 240 9
246 241 9
246 242 9
246 244 8
246 245 8
246 246 8
246 247 8
246 248 8
246 249 8
246 250 100000
246 252 7
246 254 7
246 255 7
246 256 7
246 257 7
246 258 100000
246 259 100000
246 260 100000
246 261 6
246 262 10
246 263 7
246 264 7
246 265 8
246 266 7
246 267 7
246 268 6
246 270 7
246 272 7
246 274 8
246 278 5
246 281 8
246 285 8
246 287 6
246 288 7
246 289 7
246 290 7
246 291 7
246 292 7
246 293 7
246 295 7
246 297 7
246 302 8
246 303 8
246 304 7
247 207 8
247 211 10
247 212 8
247 213 10
247 214 8
247 215 9
247 216 9
247 217 10
247 218 10
247 219 10
247 220 8
247 221 10
247 222 8
247 223 9
247 224 9
247 225 9
247 226 9
247 227 9
247 228 10
247 229 10
247 230 9
247 231 9
247 232 9
247 233 10
247 238 9
247 244 9
247 245 8
247 246 8
247 247 8
247 248 8
247 249 8
247 250 8
247 251 100000
247 252 100000
247 254 100000
247 255 9
247 256 9
247 257 9
247 259 100000
247 260 100000
247 261 100000
247 264 8
247 265 7
247 266 7
247 267 7
247 268 7
247 269 7
247 270 6
247 271 7
247 272 8
247 273 9
247 274 7
247 276 6
247 278 5
247 279 8
247 280 6
247 281 6
247 282 6
247 283 7
247 284 5
247 285 7
247 287 8
247 289 7
247 291 8
247 293 6
247 297 7
247 298 7
247 299 7
247 300 8
247 301 8
247 302 8
247 303 7
247 304 7
247 306 8
248 207 8
248 209 8
248 211 8
248 212 8
248 213 8
248 214 8
248 215 9
248 217 9
248 218 7
248 219 8
248 220 10
248 221 10
248 222 10
248 223 10
248 224 9
248 225 9
248 226 9
248 227 9
248 231 9
248 232 9
248 233 9
248 234 9
248 235 9
248 236 9
248 237 8
248 238 8
248 239 9
248 240 9
248 241 9
248 242 8
248 248 8
248 249 100000
248 250 8
248 251 100000
248 252 100000
248 253 100000
248 254 100000
248 255 100000
248 257 9
248 258 100000
248 259 100000
248 260 100000
248 261 100000
248 262 100000
248 264 10
248 265 7
248 266 7
248 270 7
248 278 6
248 279 6
248 281 6
248 283 7
248 284 7
248 285 7
248 289 8
248 291 8
248 292 7
248 293 8
248 294 7
248 295 7
248 296 7
248 297 7
248 302 8
248 303 8
248 304 8
249 206 8
249 207 8
249 209 8
249 211 8
249 212 10
249 213 10
249 214 10
249 215 8
249 216 8
249 217 8
249 218 7
249 219 8
249 220 7
249 221 10
249 222 10
249 223 10
249 224 10
249 225 9
249 226 9
249 227 9
249 229 9
249 231 10
249 232 10
249 234 9
249 235 9
249 236 9
249 237 7
249 238 8
249 239 8
249 244 9
249 245 9
249 246 8
249 248 8
249 249 100000
249 250 100000
249 252 100000
249 254 100000
249 255 100000
249 256 100000
249 257 100000
249 258 99999
249 259 100000
249 261 100000
249 262 100000
249 263 100000
249 264 8
249 265 10
249 266 7
249 268 7
249 270 6
249 272 6
249 273 6
249 274 7
249 276 9
249 277 7
249 278 7
249 279 6
249 280 8
249 281 8
249 283 7
249 284 7
249 285 7
249 286 7
249 287 8
249 291 8
249 293 7
249 294 7
249 295 7
249 296 7
249 297 8
249 299 8
249 300 8
249 302 7
249 303 8
249 304 8
249 306 8
250 206 10
250 207 8
250 212 8
250 213 8
250 214 8
250 215 8
250 216 8
250 217 8
250 218 8
250 219 8
250 220 8
250 221 10
250 227 8
250 229 9
250 231 10
250 232 10
250 233 9
250 234 10
250 235 9
250 236 9
250 237 9
250 238 8
250 239 7
250 241 8
250 242 9
250 243 9
250 244 9
250 245 9
250 246 8
250 247 100000
250 249 100000
250 250 100000
250 251 10
250 252 100000
250 253 10
250 254 100000
250 255 100000
250 256 100000
250 257 10
250 258 100000
250 259 10
250 260 100000
250 261 10
250 262 100000
250 263 100000
250 264 100000
250 265 8
250 266 6
250 270 9
250 272 9
250 276 7
250 278 8
250 280 8
250 281 8
250 284 8
250 285 8
250 286 8
250 287 8
250 289 8
250 290 6
250 291 6
250 292 8
250 293 8
250 294 7
250 295 7
250 296 7
250 297 7
250 302 8
250 303 8
250 304 7
250 305 8
250 306 8
251 206 10
251 207 10
251 208 10
251 209 10
251 210 10
251 211 8
251 212 8
251 213 8
251 214 8
251 215 8
251 216 8
251 217 8
251 219 8
251 220 8
251 221 8
251 223 7
251 224 8
251 225 7
251 227 10
251 231 10
251 233 9
251 235 9
251 236 9
251 237 8
251 241 8
251 242 9
251 243 8
251 244 100000
251 245 100000
251 246 100000
251 247 100000
251 248 100000
251 249 100000
251 251 100000
251 252 100000
251 253 100000
251 255 100000
251 256 100000
251 257 100000
251 258 100000
251 259 100000
251 261 100000
251 262 100000
251 263 100000
251 264 100000
251 265 10
251 266 6
251 267 6
251 268 6
251 269 7
251 270 7
251 274 9
251 275 7
251 276 6
251 278 7
251 279 8
251 280 8
251 281 7
251 282 8
251 284 8
251 285 7
251 286 8
251 287 8
251 289 7
251 291 8
251 296 7
251 297 7
251 298 7
251 299 7
251 300 7
251 301 7
251 302 7
251 306 8
252 206 10
252 207 10
252 208 10
252 209 10
252 210 9
252 212 8
252 213 8
252 214 8
252 215 8
252 216 8
252 217 8
252 218 8
252 219 8
252 220 7
252 221 8
252 223 7
252 224 8
252 225 7
252 227 9
252 228 8
252 229 8
252 230 7
252 231 10
252 232 7
252 233 10
252 234 9
252 235 9
252 236 10
252 237 10
252 239 6
252 240 10
252 241 10
252 242 10
252 243 8
252 244 9
252 245 10
252 246 100000
252 247 100000
252 249 100000
252 251 100000
252 252 10
252 253 100000
252 254 100000
252 255 100000
252 256 10
252 257 100000
252 258 100000
252 259 100000
252 260 100000
252 261 9
252 262 100000
252 263 10
252 264 100000
252 265 100000
252 268 9
252 269 9
252 270 9
252 271 8
252 272 9
252 273 8
252 274 6
252 276 7
252 278 7
252 279 7
252 280 8
252 281 7
252 282 8
252 284 8
252 285 8
252 286 7
252 287 5
252 289 8
252 290 8
252 291 8
252 293 6
252 294 7
252 296 8
252 298 8
252 299 8
252 300 7
252 302 8
252 304 8
252 306 8
253 206 9
253 207 9
253 208 10
253 209 10
253 210 10
253 211 10
253 212 10
253 213 8
253 214 8
253 219 8
253 223 9
253 227 8
253 234 8
253 235 10
253 236 9
253 237 10
253 244 7
253 245 7
253 246 10
253 247 100000
253 248 100000
253 249 10
253 250 100000
253 251 100000
253 252 100000
253 253 100000
253 254 100000
253 255 100000
253 256 100000
253 257 100000
253 258 100000
253 259 100000
253 260 100000
253 261 100000
253 263 100000
253 264 100000
253 265 100000
253 266 10
253 272 8
253 273 8
253 274 8
253 275 6
253 276 6
253 277 7
253 278 6
253 279 7
253 280 7
253 282 7
253 291 8
253 296 7
253 297 7
253 298 7
253 299 7
253 300 8
253 301 7
253 302 7
253 304 8
253 306 8
253 307 7
254 206 10
254 207 10
254 208 10
254 209 8
254 210 9
254 211 8
254 212 10
254 216 10
254 217 10
254 219 8
254 221 9
254 222 9
254 223 9
254 225 9
254 226 9
254 227 9
254 229 10
254 230 7
254 231 7
254 232 7
254 234 7
254 235 7
254 236 9
254 237 10
254 238 9
254 239 10
254 240 8
254 241 8
254 242 8
254 244 8
254 245 9
254 246 10
254 247 100000
254 248 100000
254 249 100000
254 250 100000
254 251 9
254 252 100000
254 253 10
254 254 100000
254 255 9
254 256 100000
254 257 10
254 258 100000
254 259 100000
254 260 99999
254 261 100000
254 262 100000
254 263 100000
254 264 100000
254 265 100000
254 266 100000
254 267 100000
254 268 9
254 269 9
254 270 9
254 272 9
254 274 8
254 278 7
254 279 7
254 280 7
254 281 7
254 282 7
254 283 7
254 284 7
254 285 7
254 286 8
254 287 8
254 289 7
254 291 8
254 292 8
254 293 8
254 294 7
254 295 7
254 296 7
254 297 7
254 298 7
254 300 8
254 301 7
254 302 8
254 306 8
255 205 10
255 210 8
255 211 9
255 212 9
255 214 10
255 215 10
255 216 8
255 217 8
255 221 9
255 225 10
255 227 9
255 229 10
255 230 10
255 231 6
255 234 8
255 235 10
255 239 6
255 240 8
255 241 9
255 242 8
255 244 9
255 245 9
255 246 9
255 247 100000
255 248 10
255 249 100000
255 250 100000
255 251 100000
255 252 100000
255 253 100000
255 254 100000
255 255 100000
255 256 100000
255 257 100000
255 258 10
255 259 100000
255 260 100000
255 261 99999
255 262 100000
255 263 100000
255 264 10
255 265 100000
255 266 100000
255 267 100000
255 268 99999
255 269 100000
255 272 9
255 273 9
255 274 8
255 276 7
255 278 7
255 279 7
255 280 8
255 282 6
255 284 7
255 289 7
255 291 8
255 292 7
255 293 7
255 294 7
255 296 6
255 297 6
255 298 6
255 299 8
255 300 7
255 301 7
255 302 7
255 303 7
255 304 7
255 305 8
255 306 7
255 307 7
256 205 10
256 207 10
256 208 10
256 210 8
256 211 8
256 212 8
256 214 8
256 215 8
256 216 8
256 217 8
256 218 8
256 219 9
256 220 9
256 221 9
256 223 8
256 224 9
256 225 10
256 226 8
256 227 8
256 229 10
256 230 10
256 231 8
256 233 6
256 234 9
256 235 9
256 237 9
256 239 10
256 240 8
256 241 8
256 242 8
256 244 8
256 245 7
256 246 9
256 248 100000
256 249 100000
256 250 10
256 251 100000
256 252 10
256 253 100000
256 254 100000
256 255 100000
256 256 100000
256 257 100000
256 258 100000
256 259 10
256 260 100000
256 261 100000
256 262 100000
256 263 100000
256 264 100000
256 266 100000
256 267 100000
256 268 100000
256 269 99999
256 270 100000
256 271 10
256 272 9
256 273 9
256 274 7
256 276 7
256 278 8
256 279 8
256 280 8
256 281 7
256 282 6
256 283 6
256 284 7
256 286 8
256 287 7
256 288 8
256 289 8
256 291 7
256 292 7
256 293 8
256 294 8
256 295 8
256 296 8
256 297 8
256 298 6
256 300 7
256 301 7
256 302 7
256 303 7
256 305 7
256 307 6
257 205 10
257 207 8
257 208 8
257 210 10
257 212 10
257 218 8
257 219 8
257 220 9
257 221 9
257 223 9
257 224 8
257 225 10
257 226 10
257 227 10
257 233 8
257 235 9
257 239 9
257 240 9
257 241 9
257 242 9
257 244 100000
257 245 100000
257 246 100000
257 247 100000
257 248 10
257 249 100000
257 250 100000
257 251 100000
257 252 100000
257 253 9
257 254 100000
257 255 100000
257 256 100000
257 257 10
257 258 100000
257 259 100000
257 260 100000
257 261 100000
257 262 100000
257 263 100000
257 264 100000
257 265 100000
257 266 10
257 267 100000
257 268 100000
257 269 100000
257 271 9
257 272 9
257 273 9
257 274 9
257 278 8
257 279 7
257 280 7
257 281 7
257 282 7
257 283 6
257 284 7
257 291 8
257 292 8
257 293 8
257 294 7
257 295 7
257 296 8
257 297 8
257 298 8
257 299 6
257 300 8
257 301 6
257 302 7
257 303 7
257 304 7
257 305 7
257 306 7
257 307 7
258 205 10
258 207 10
258 208 10
258 210 10
258 211 8
258 212 8
258 213 10
258 214 10
258 215 10
258 216 8
258 218 10
258 219 9
258 220 9
258 221 9
258 223 9
258 224 9
258 225 9
258 226 9
258 227 8
258 228 10
258 229 10
258 230 10
258 231 10
258 232 10
258 233 10
258 234 10
258 235 8
258 236 9
258 237 9
258 238 10
258 239 10
258 240 10
258 241 10
258 242 10
258 244 100000
258 245 100000
258 246 100000
258 248 100000
258 249 100000
258 250 10
258 251 100000
258 252 100000
258 253 100000
258 254 100000
258 255 100000
258 256 100000
258 257 100000
258 258 100000
258 259 100000
258 260 100000
258 261 10
258 262 100000
258 263 10
258 264 100000
258 265 100000
258 266 100000
258 267 100000
258 268 100000
258 269 100000
258 270 100000
258 272 10
258 273 9
258 274 9
258 275 9
258 276 9
258 277 7
258 278 7
258 279 8
258 280 8
258 281 8
258 282 7
258 283 7
258 284 6
258 285 6
258 286 7
258 287 7
258 288 7
258 289 8
258 290 7
258 291 6
258 292 6
258 293 7
258 294 7
258 295 7
258 296 7
258 297 7
258 298 8
258 299 8
258 300 8
258 301 8
258 302 7
258 303 7
258 304 7
258 305 7
258 306 7
258 307 7
259 205 10
259 207 10
259 208 10
259 210 10
259 211 10
259 212 10
259 213 10
259 214 10
259 215 10
259 216 9
259 220 9
259 224 8
259 225 8
259 226 8
259 227 9
259 229 10
259 230 8
259 231 8
259 232 8
259 233 8
259 234 9
259 235 7
259 242 8
259 244 100000
259 246 100000
259 247 100000
259 248 100000
259 249 100000
259 250 100000
259 251 100000
259 252 100000
259 253 100000
259 254 100000
259 255 100000
259 256 100000
259 257 100000
259 258 100000
259 259 10
259 260 100000
259 261 100000
259 262 100000
259 263 100000
259 264 100000
259 265 100000
259 266 10
259 267 100000
259 268 100000
259 269 10
259 270 100000
259 271 100000
259 272 9
259 274 9
259 279 7
259 280 7
259 281 8
259 282 7
259 283 7
259 284 7
259 288 7
259 289 7
259 290 7
259 291 8
259 292 8
259 293 8
259 294 8
259 295 7
259 296 8
259 297 7
259 298 8
259 299 7
259 300 7
259 301 8
259 302 7
259 303 6
259 304 7
259 305 7
259 306 7
259 307 7
260 205 10
260 207 10
260 208 10
260 210 8
260 211 10
260 212 10
260 213 10
260 214 9
260 215 9
260 216 9
260 217 10
260 218 10
260 220 9
260 222 8
260 223 9
260 224 9
260 225 9
260 226 9
260 227 9
260 228 8
260 229 8
260 230 10
260 231 10
260 232 10
260 233 10
260 234 9
260 235 10
260 237 8
260 238 7
260 239 8
260 240 7
260 242 10
260 243 10
260 244 8
260 246 100000
260 247 10
260 248 100000
260 249 100000
260 250 100000
260 251 100000
260 252 100000
260 253 100000
260 254 100000
260 255 100000
260 256 10
260 257 100000
260 258 100000
260 259 100000
260 260 100000
260 261 100000
260 262 10
260 263 100000
260 264 100000
260 265 100000
260 266 100000
260 267 100000
260 268 100000
260 269 100000
260 270 100000
260 271 100000
260 272 10
260 273 10
260 274 9
260 276 9
260 277 9
260 279 7
260 280 7
260 281 8
260 282 7
260 284 7
260 286 7
260 288 8
260 289 7
260 290 7
260 291 7
260 292 7
260 293 7
260 294 7
260 295 8
260 296 7
260 297 7
260 298 8
260 299 8
260 300 8
260 301 8
260 302 8
260 303 8
260 304 6
260 305 7
261 205 10
261 207 10
261 208 10
261 210 10
261 211 10
261 212 10
261 213 10
261 214 10
261 215 10
261 216 9
261 217 9
261 218 10
261 220 9
261 222 10
261 223 10
261 224 8
261 225 8
261 226 8
261 227 8
261 231 9
261 232 9
261 233 9
261 234 7
261 235 7
261 237 10
261 238 7
261 239 7
261 240 7
261 242 7
261 243 100000
261 244 10
261 246 100000
261 247 100000
261 248 100000
261 249 100000
261 250 10
261 251 100000
261 252 10
261 253 100000
261 254 100000
261 255 100000
261 256 100000
261 257 100000
261 258 100000
261 259 100000
261 260 100000
261 261 100000
261 262 100000
261 263 100000
261 264 100000
261 265 100000
261 266 100000
261 267 10
261 268 10
261 269 100000
261 270 10
261 271 100000
261 274 8
261 279 7
261 281 8
261 282 9
261 283 9
261 284 9
261 286 7
261 288 7
261 289 7
261 290 7
261 292 7
261 293 6
261 294 7
261 295 6
261 296 8
261 297 7
261 298 7
261 299 7
261 300 7
261 301 8
261 302 8
261 303 7
261 304 7
262 205 10
262 207 10
262 208 10
262 213 10
262 214 9
262 215 10
262 216 9
262 217 9
262 218 10
262 220 10
262 222 9
262 223 8
262 224 8
262 225 10
262 226 8
262 227 10
262 229 9
262 231 9
262 232 10
262 233 10
262 234 8
262 235 9
262 242 7
262 243 7
262 244 100000
262 245 100000
262 246 100000
262 248 100000
262 249 100000
262 250 100000
262 251 100000
262 252 100000
262 253 100000
262 254 100000
262 255 100000
262 256 100000
262 257 10
262 258 100000
262 259 100000
262 260 100000
262 261 100000
262 262 100000
262 263 10
262 264 100000
262 265 100000
262 266 100000
262 267 100000
262 268 100000
262 269 100000
262 270 100000
262 271 100000
262 272 10
262 274 6
262 275 8
262 276 8
262 277 9
262 278 9
262 279 8
262 280 8
262 281 8
262 282 8
262 283 8
262 284 8
262 288 8
262 289 7
262 290 6
262 291 7
262 292 7
262 296 7
262 297 7
262 298 7
262 299 8
262 300 8
262 301 9
262 302 8
262 303 9
263 208 10
263 209 10
263 210 10
263 211 9
263 213 10
263 214 10
263 215 10
263 216 10
263 217 10
263 218 10
263 222 10
263 223 10
263 224 10
263 225 10
263 227 9
263 229 10
263 231 8
263 232 9
263 233 9
263 234 9
263 235 8
263 236 10
263 237 10
263 238 8
263 239 10
263 240 8
263 241 8
263 242 8
263 243 7
263 244 7
263 245 100000
263 246 100000
263 247 100000
263 248 10
263 249 100000
263 250 100000
263 251 10
263 252 10
263 253 100000
263 254 10
263 255 100000
263 256 100000
263 257 100000
263 259 100000
263 260 100000
263 261 100000
263 262 100000
263 263 100000
263 264 100000
263 265 100000
263 266 10
263 267 100000
263 268 10
263 269 100000
263 270 100000
263 271 100000
263 272 100000
263 273 100000
263 274 8
263 275 100000
263 276 7
263 277 7
263 284 8
263 285 7
263 286 7
263 287 7
263 288 8
263 290 7
263 291 8
263 292 8
263 294 7
263 296 8
263 297 8
263 298 7
263 299 8
263 300 8
263 301 8
263 302 8
263 303 8
263 305 9
264 206 10
264 208 10
264 209 10
264 210 10
264 211 10
264 213 10
264 214 10
264 215 10
264 216 10
264 217 10
264 218 10
264 219 10
264 220 10
264 221 9
264 222 10
264 223 10
264 224 10
264 225 10
264 226 9
264 227 9
264 231 8
264 232 7
264 233 7
264 234 9
264 235 9
264 236 8
264 237 8
264 238 8
264 241 100000
264 242 100000
264 244 100000
264 246 100000
264 247 100000
264 248 100000
264 249 100000
264 250 100000
264 251 100000
264 252 100000
264 253 100000
264 254 100000
264 255 100000
264 256 100000
264 257 100000
264 258 100000
264 259 100000
264 260 100000
264 261 100000
264 262 100000
264 263 100000
264 264 100000
264 265 100000
264 266 100000
264 267 100000
264 268 100000
264 269 100000
264 270 100000
264 271 100000
264 272 100000
264 274 100000
264 275 100000
264 276 10
264 277 7
264 279 8
264 280 8
264 281 8
264 282 8
264 286 9
264 288 7
264 289 7
264 290 7
264 291 8
264 292 8
264 294 7
264 296 8
264 297 7
264 298 7
264 299 8
264 300 8
264 301 8
264 302 9
264 303 9
264 305 9
265 213 10
265 214 10
265 215 10
265 216 10
265 217 10
265 218 10
265 219 10
265 220 9
265 221 10
265 222 10
265 223 10
265 224 10
265 225 10
265 226 8
265 227 10
265 228 10
265 229 10
265 230 9
265 231 10
265 233 9
265 234 8
265 235 8
265 236 8
265 237 9
265 238 8
265 240 10
265 241 100000
265 242 10
265 243 100000
265 244 100000
265 245 100000
265 246 100000
265 247 100000
265 248 100000
265 249 100000
265 250 10
265 251 100000
265 252 100000
265 253 100000
265 254 100000
265 255 100000
265 256 100000
265 257 100000
265 258 100000
265 259 100000
265 260 10
265 261 100000
265 262 10
265 263 100000
265 264 100000
265 265 100000
265 266 100000
265 267 10
265 268 100000
265 269 100000
265 270 100000
265 272 100000
265 273 100000
265 274 10
265 275 100000
265 276 10
265 279 8
265 280 8
265 281 8
265 282 8
265 283 8
265 284 8
265 286 8
265 287 8
265 288 8
265 296 8
265 297 9
265 298 8
265 299 9
265 300 8
265 301 9
265 302 9
265 303 9
265 304 9
265 305 9
266 207 10
266 208 10
266 209 10
266 210 10
266 211 10
266 212 10
266 213 9
266 214 10
266 215 10
266 216 10
266 218 9
266 219 10
266 220 10
266 221 10
266 222 9
266 223 9
266 224 9
266 225 9
266 226 9
266 227 8
266 228 10
266 229 10
266 231 6
266 232 10
266 233 10
266 234 8
266 235 8
266 236 8
266 237 8
266 238 6
266 242 100000
266 243 100000
266 244 10
266 245 100000
266 246 10
266 247 100000
266 248 10
266 249 10
266 250 100000
266 251 8
266 252 100000
266 253 100000
266 254 100000
266 255 100000
266 256 100000
266 257 100000
266 258 10
266 259 100000
266 260 100000
266 261 100000
266 262 100000
266 263 100000
266 264 100000
266 265 100000
266 266 100000
266 267 100000
266 268 100000
266 269 100000
266 270 100000
266 271 100000
266 272 10
266 273 100000
266 274 100000
266 275 10
266 276 10
266 278 6
266 279 8
266 280 8
266 281 8
266 282 8
266 283 8
266 284 8
266 286 9
266 288 8
266 290 8
266 291 8
266 293 8
266 294 7
266 295 7
266 296 6
266 297 8
266 298 7
266 299 8
266 300 7
266 301 8
266 305 9
267 208 8
267 209 8
267 210 9
267 211 9
267 213 8
267 214 8
267 215 8
267 216 8
267 217 8
267 218 8
267 219 10
267 220 10
267 221 10
267 222 10
267 223 9
267 224 9
267 225 10
267 226 10
267 227 10
267 228 9
267 229 10
267 230 10
267 231 10
267 232 10
267 233 10
267 234 10
267 235 10
267 236 8
267 237 10
267 238 8
267 239 8
267 240 8
267 241 7
267 243 100000
267 244 100000
267 245 100000
267 246 100000
267 247 100000
267 248 100000
267 249 100000
267 250 100000
267 251 100000
267 252 10
267 253 100000
267 254 100000
267 255 10
267 256 100000
267 257 100000
267 258 10
267 259 100000
267 260 100000
267 261 10
267 262 100000
267 263 100000
267 264 100000
267 265 100000
267 266 100000
267 267 100000
267 268 10
267 269 100000
267 270 100000
267 271 100000
267 272 100000
267 273 100000
267 274 100000
267 275 100000
267 278 9
267 279 6
267 280 8
267 281 8
267 282 8
267 283 7
267 284 7
267 286 5
267 287 8
267 288 8
267 293 8
267 295 8
267 296 8
267 297 8
267 298 8
267 299 9
267 300 9
267 301 9
267 303 9
267 305 9
268 209 9
268 210 8
268 211 9
268 212 8
268 213 9
268 214 9
268 215 9
268 219 8
268 220 9
268 221 9
268 222 10
268 223 9
268 224 9
268 225 9
268 226 10
268 227 10
268 228 8
268 229 8
268 230 10
268 231 6
268 232 6
268 233 6
268 234 5
268 235 9
268 236 10
268 237 9
268 238 8
268 239 10
268 241 7
268 242 100000
268 243 100000
268 245 100000
268 246 100000
268 247 100000
268 248 100000
268 249 100000
268 250 100000
268 251 10
268 252 100000
268 253 100000
268 254 100000
268 255 99999
268 256 100000
268 257 100000
268 258 100000
268 259 100000
268 260 100000
268 261 100000
268 262 100000
268 263 100000
268 264 100000
268 265 100000
268 266 10
268 267 100000
268 268 100000
268 269 100000
268 270 10
268 271 100000
268 272 100000
268 273 100000
268 274 100000
268 275 100000
268 276 100000
268 277 9
268 278 9
268 279 8
268 280 8
268 281 8
268 282 8
268 283 9
268 284 9
268 288 7
268 289 7
268 290 7
268 291 8
268 292 8
268 293 8
268 294 8
268 295 8
268 296 8
268 297 8
268 298 8
268 299 8
268 300 8
268 301 8
268 305 9
269 209 10
269 210 8
269 211 8
269 212 8
269 213 8
269 214 8
269 215 8
269 217 10
269 222 9
269 223 9
269 224 9
269 225 10
269 229 10
269 230 10
269 231 8
269 232 10
269 233 10
269 235 8
269 237 8
269 238 8
269 239 8
269 240 8
269 241 10
269 243 100000
269 245 10
269 246 100000
269 247 10
269 248 100000
269 249 100000
269 250 100000
269 251 100000
269 252 10
269 253 100000
269 254 99999
269 255 100000
269 256 99999
269 257 100000
269 258 100000
269 259 100000
269 260 100000
269 261 100000
269 262 100000
269 263 10
269 264 100000
269 265 100000
269 266 10
269 267 100000
269 268 100000
269 269 100000
269 270 100000
269 271 100000
269 272 100000
269 273 10
269 274 100000
269 275 100000
269 276 100000
269 277 10
269 278 9
269 282 7
269 283 7
269 284 7
269 285 7
269 286 8
269 288 8
269 289 8
269 290 8
269 291 8
269 292 7
269 296 8
269 297 8
269 298 8
269 299 10
269 301 9
269 302 9
269 303 9
269 304 9
270 210 10
270 211 10
270 212 8
270 213 10
270 214 10
270 215 8
270 218 10
270 219 10
270 220 9
270 222 10
270 223 9
270 224 9
270 225 10
270 227 10
270 229 10
270 230 7
270 231 7
270 232 10
270 233 8
270 234 8
270 235 8
270 236 10
270 237 8
270 238 10
270 239 10
270 240 8
270 243 10
270 245 100000
270 247 100000
270 248 100000
270 249 100000
270 250 100000
270 251 10
270 252 10
270 253 99999
270 254 10
270 255 99999
270 256 99999
270 257 99999
270 258 10
270 259 100000
270 260 100000
270 261 100000
270 262 100000
270 263 100000
270 264 100000
270 265 100000
270 266 100000
270 267 100000
270 269 100000
270 270 100000
270 271 100000
270 272 100000
270 273 100000
270 274 100000
270 275 10
270 276 100000
270 277 9
270 278 8
270 280 9
270 282 8
270 283 8
270 284 9
270 285 8
270 286 9
270 288 8
270 289 8
270 290 8
270 291 8
270 292 8
270 294 9
270 296 8
270 297 8
270 298 8
270 299 8
270 300 8
270 301 9
270 302 7
270 303 8
270 304 9
271 208 10
271 210 10
271 211 10
271 212 10
271 213 9
271 214 9
271 215 9
271 216 9
271 218 10
271 219 10
271 220 10
271 227 8
271 230 7
271 235 10
271 236 10
271 237 8
271 238 8
271 239 8
271 240 10
271 242 10
271 243 100000
271 244 100000
271 245 100000
271 246 100000
271 247 100000
271 248 10
271 249 99999
271 250 99999
271 251 99999
271 252 99999
271 253 99999
271 254 99999
271 256 99999
271 258 99999
271 260 100000
271 261 100000
271 262 100000
271 263 100000
271 264 100000
271 265 100000
271 266 100000
271 267 100000
271 268 100000
271 269 10
271 270 100000
271 271 100000
271 272 100000
271 273 10
271 274 10
271 275 10
271 280 8
271 284 8
271 288 8
271 292 10
271 296 7
271 302 9
271 303 9
272 210 10
272 211 10
272 215 10
272 218 7
272 219 10
272 220 9
272 221 10
272 222 10
272 223 8
272 224 8
272 225 8
272 226 10
272 227 7
272 228 10
272 230 9
272 232 8
272 233 9
272 235 7
272 236 10
272 237 10
272 238 10
272 239 7
272 240 10
272 242 10
272 243 10
272 248 99999
272 249 99999
272 250 99999
272 251 99999
272 252 99999
272 253 99999
272 254 10
272 255 99999
272 256 99999
272 257 99998
272 258 99998
272 259 99999
272 260 100000
272 261 100000
272 262 100000
272 263 100000
272 264 100000
272 265 100000
272 266 100000
272 267 100000
272 268 100000
272 269 10
272 271 100000
272 272 100000
272 273 100000
272 274 100000
272 275 100000
272 277 9
272 278 10
272 279 8
272 280 8
272 281 9
272 282 9
272 284 7
272 286 8
272 287 8
272 288 8
272 290 8
272 292 8
272 293 10
272 294 10
272 295 10
272 296 9
272 298 10
272 299 10
272 300 10
272 302 9
272 303 8
272 304 10
273 210 9
273 211 10
273 213 10
273 215 10
273 217 8
273 218 7
273 219 7
273 220 7
273 221 8
273 222 8
273 223 8
273 232 10
273 233 9
273 235 9
273 236 10
273 237 10
273 238 10
273 239 10
273 240 10
273 242 10
273 243 10
273 245 7
273 246 10
273 247 10
273 248 99999
273 249 10
273 250 10
273 251 99999
273 252 99999
273 253 99999
273 254 99999
273 256 99999
273 257 99999
273 258 99998
273 259 99998
273 260 99999
273 261 100000
273 262 100000
273 263 10
273 264 100000
273 265 10
273 266 100000
273 267 100000
273 268 100000
273 269 100000
273 271 100000
273 272 100000
273 273 100000
273 274 100000
273 275 100000
273 277 9
273 282 7
273 284 8
273 286 7
273 287 8
273 288 8
273 290 8
273 292 8
273 293 9
273 294 10
273 295 10
273 296 9
273 298 9
273 299 9
273 300 10
273 302 10
273 303 9
274 210 10
274 211 10
274 217 8
274 218 8
274 219 8
274 220 8
274 221 8
274 222 8
274 223 8
274 225 10
274 226 8
274 227 8
274 228 8
274 229 7
274 231 9
274 232 9
274 233 9
274 237 10
274 238 10
274 239 10
274 240 10
274 242 7
274 243 7
274 245 10
274 246 99999
274 247 99999
274 248 99999
274 252 10
274 253 99999
274 254 99999
274 255 99999
274 256 99999
274 258 99999
274 259 99998
274 260 99998
274 261 10
274 262 100000
274 263 100000
274 264 100000
274 265 100000
274 266 100000
274 267 100000
274 268 10
274 269 100000
274 270 100000
274 271 100000
274 272 100000
274 274 100000
274 275 100000
274 277 10
274 279 10
274 280 10
274 282 8
274 286 8
274 287 8
274 288 8
274 292 8
274 293 9
274 294 9
274 296 10
274 302 10
274 303 10
274 304 10
275 210 10
275 211 9
275 212 10
275 213 10
275 215 9
275 216 8
275 217 10
275 218 8
275 225 8
275 227 10
275 229 9
275 231 9
275 232 8
275 233 8
275 234 9
275 235 7
275 237 10
275 238 10
275 239 10
275 240 10
275 242 6
275 243 7
275 245 7
275 246 99999
275 247 99999
275 248 10
275 249 99999
275 250 99999
275 251 99999
275 252 99999
275 253 99999
275 255 99999
275 256 99999
275 257 99999
275 258 10
275 259 99999
275 260 99998
275 261 99998
275 262 100000
275 263 10
275 264 10
275 265 100000
275 266 100000
275 267 100000
275 268 100000
275 269 100000
275 270 100000
275 271 100000
275 272 10
275 273 100000
275 274 10
275 275 100000
275 276 100000
275 277 10
275 282 10
275 283 7
275 284 8
275 285 7
275 286 7
275 287 9
275 288 9
275 289 9
275 290 8
275 292 8
275 293 10
275 294 10
275 295 10
275 296 10
275 297 10
275 298 10
275 299 10
275 300 8
275 301 10
276 210 8
276 211 8
276 212 8
276 213 8
276 215 8
276 216 8
276 217 10
276 218 8
276 220 8
276 221 8
276 222 8
276 223 9
276 224 10
276 225 10
276 226 9
276 227 10
276 228 9
276 229 9
276 231 9
276 232 8
276 233 9
276 234 9
276 235 9
276 238 8
276 239 8
276 240 10
276 245 7
276 246 99999
276 247 99999
276 248 99999
276 250 99999
276 251 99999
276 252 99999
276 253 99999
276 254 99999
276 255 10
276 256 99999
276 257 99999
276 258 99999
276 260 99999
276 262 99998
276 264 100000
276 265 100000
276 266 100000
276 267 100000
276 268 100000
276 269 100000
276 270 100000
276 271 100000
276 272 100000
276 274 10
276 275 100000
276 276 100000
276 277 100000
276 278 8
276 279 8
276 280 10
276 281 10
276 282 10
276 283 10
276 284 10
276 285 7
276 286 7
276 290 8
276 291 8
276 292 8
276 298 10
276 299 10
276 300 10
277 209 8
277 211 8
277 212 9
277 213 9
277 215 9
277 216 9
277 220 10
277 221 10
277 222 10
277 223 10
277 224 10
277 225 10
277 227 10
277 229 8
277 231 10
277 232 10
277 233 8
277 234 8
277 235 8
277 236 9
277 238 8
277 239 8
277 240 8
277 241 7
277 242 9
277 243 10
277 244 10
277 245 10
277 246 10
277 247 99999
277 248 10
277 249 99999
277 250 10
277 252 99999
277 253 99999
277 255 99999
277 256 99999
277 257 99999
277 258 99999
277 259 99999
277 260 10
277 261 99998
277 262 99998
277 263 99998
277 264 100000
277 265 100000
277 266 100000
277 267 10
277 268 100000
277 269 100000
277 270 100000
277 271 100000
277 272 100000
277 273 100000
277 274 10
277 275 10
277 276 10
277 277 10
277 278 10
277 279 10
277 280 10
277 281 10
277 282 10
277 284 7
277 285 7
277 286 7
277 288 8
277 291 8
277 292 8
277 294 10
277 295 8
277 296 8
277 298 10
277 299 10
277 300 10
278 209 8
278 210 8
278 211 8
278 213 8
278 215 9
278 216 9
278 218 9
278 219 8
278 220 8
278 221 10
278 222 10
278 223 10
278 224 9
278 225 9
278 226 9
278 227 10
278 228 10
278 229 10
278 230 7
278 231 10
278 235 9
278 236 8
278 239 9
278 240 7
278 244 7
278 248 10
278 249 10
278 250 10
278 251 10
278 252 99999
278 253 99999
278 254 99999
278 255 99999
278 256 99999
278 257 10
278 258 99999
278 259 99999
278 260 10
278 262 99998
278 263 99998
278 264 100000
278 265 100000
278 267 100000
278 268 99999
278 269 10
278 271 100000
278 272 99999
278 274 100000
278 276 10
278 277 10
278 278 10
278 279 10
278 280 10
278 281 10
278 282 10
278 283 10
278 284 10
278 285 7
278 286 7
278 288 9
278 289 10
278 291 7
278 292 7
278 295 8
279 211 8
279 213 9
279 215 8
279 216 8
279 218 9
279 219 7
279 220 7
279 221 10
279 222 10
279 223 10
279 224 10
279 225 10
279 226 9
279 227 9
279 231 10
279 233 8
279 237 9
279 238 9
279 240 10
279 241 9
279 242 9
279 243 8
279 244 7
279 246 10
279 248 7
279 250 10
279 251 99999
279 253 99999
279 254 99999
279 255 99999
279 257 10
279 258 99999
279 259 99999
279 260 99999
279 262 99998
279 263 10
279 264 100000
279 265 100000
279 267 10
279 268 100000
279 269 10
279 271 99999
279 272 100000
279 273 100000
279 274 100000
279 275 100000
279 276 10
279 277 100000
279 278 10
279 279 10
279 280 10
279 281 10
279 282 10
279 284 10
279 291 9
279 292 8
279 293 8
279 297 10
280 211 8
280 213 9
280 218 8
280 219 8
280 220 8
280 221 7
280 229 10
280 230 10
280 231 9
280 233 10
280 234 8
280 235 8
280 237 9
280 238 9
280 240 10
280 241 10
280 242 10
280 243 9
280 244 7
280 246 8
280 248 10
280 249 10
280 250 10
280 251 9
280 252 99999
280 253 10
280 254 99999
280 255 99999
280 256 99999
280 257 99999
280 259 99999
280 260 99999
280 261 99999
280 262 99999
280 263 100000
280 264 100000
280 265 100000
280 267 10
280 268 100000
280 269 10
280 270 10
280 271 10
280 274 100000
280 276 100000
280 277 10
280 278 10
280 282 9
280 284 9
280 286 10
280 288 10
280 289 10
280 290 10
280 291 8
280 293 10
280 294 10
280 295 10
280 296 10
281 212 10
281 213 8
281 214 8
281 215 8
281 216 8
281 217 8
281 218 8
281 219 10
281 220 10
281 221 8
281 222 9
281 224 10
281 225 10
281 226 10
281 227 10
281 228 10
281 229 10
281 230 8
281 231 10
281 233 10
281 234 8
281 235 10
281 237 8
281 238 9
281 240 9
281 241 9
281 242 9
281 243 10
281 244 10
281 252 99999
281 253 99999
281 255 10
281 256 99999
281 257 10
281 258 99999
281 259 99999
281 262 99999
281 264 100000
281 265 100000
281 269 100000
281 271 10
281 272 10
281 273 10
281 274 10
281 275 100000
281 276 10
281 278 10
281 280 10
281 282 10
281 284 9
281 286 9
281 288 10
281 290 8
281 291 8
281 292 8
281 293 8
281 294 9
281 295 9
282 211 10
282 212 8
282 213 8
282 215 8
282 216 8
282 217 7
282 218 10
282 219 9
282 220 9
282 221 8
282 222 10
282 233 10
282 234 10
282 235 10
282 237 8
282 238 8
282 240 8
282 241 9
282 242 9
282 243 10
282 244 7
282 245 7
282 247 10
282 248 9
282 249 10
282 250 10
282 252 10
282 253 10
282 255 99999
282 257 99999
282 258 99999
282 259 99999
282 260 10
282 261 10
282 262 10
282 263 10
282 265 100000
282 266 100000
282 267 10
282 268 100000
282 269 100000
282 270 100000
282 276 10
282 277 8
282 278 10
282 280 10
282 282 10
282 283 10
282 284 9
282 286 8
282 288 9
282 289 9
282 290 8
282 291 9
282 292 8
282 293 8
282 294 9
282 295 10
283 211 10
283 213 10
283 215 10
283 216 8
283 217 8
283 218 7
283 219 7
283 220 7
283 221 9
283 222 10
283 223 8
283 224 8
283 225 8
283 226 10
283 227 10
283 228 10
283 229 10
283 230 10
283 231 9
283 232 9
283 233 10
283 237 8
283 238 8
283 243 10
283 244 10
283 245 10
283 252 10
283 257 9
283 258 10
283 259 99999
283 260 10
283 261 8
283 262 8
283 263 10
283 269 10
283 270 10
283 271 10
283 272 10
283 273 10
283 274 10
283 276 10
283 277 10
283 278 10
283 280 10
283 282 10
283 284 10
283 286 10
283 289 9
283 290 9
283 291 9
283 292 9
283 293 8
283 294 9
283 295 9
283 296 9
284 211 10
284 212 10
284 213 10
284 214 10
284 215 10
284 216 8
284 217 8
284 218 8
284 219 8
284 220 9
284 221 9
284 222 9
284 223 7
284 230 9
284 231 9
284 232 9
284 233 9
284 235 10
284 236 10
284 237 8
284 238 8
284 239 8
284 240 8
284 241 8
284 243 9
284 244 9
284 245 10
284 246 10
284 247 10
284 248 10
284 249 10
284 250 10
284 251 9
284 252 10
284 254 10
284 256 10
284 257 10
284 258 10
284 259 99999
284 260 10
284 261 8
284 262 8
284 263 8
284 264 10
284 265 10
284 266 10
284 267 9
284 269 10
284 270 9
284 276 10
284 282 10
284 283 9
284 284 10
284 286 10
284 287 8
284 289 8
284 290 9
284 291 9
284 292 9
284 293 9
284 294 9
284 295 9
285 212 10
285 213 10
285 214 10
285 215 10
285 216 10
285 221 10
285 222 10
285 223 10
285 225 8
285 226 8
285 227 10
285 228 10
285 230 9
285 231 10
285 232 10
285 233 10
285 235 10
285 239 8
285 240 10
285 241 10
285 242 7
285 243 10
285 244 10
285 245 9
285 246 9
285 247 8
285 248 9
285 252 9
285 254 10
285 256 10
285 260 9
285 261 8
285 262 8
285 263 8
285 264 8
285 267 9
285 269 10
285 272 10
285 273 9
285 274 9
285 275 10
285 276 10
285 278 9
285 280 8
285 281 10
285 282 10
285 284 9
285 286 10
285 287 10
285 289 9
285 290 9
285 291 9
285 292 9
285 293 9
285 294 9
285 295 8
285 296 9
286 212 10
286 214 10
286 215 10
286 216 10
286 218 10
286 219 10
286 221 10
286 222 10
286 223 10
286 225 8
286 226 8
286 227 8
286 228 8
286 230 9
286 231 9
286 232 9
286 233 9
286 235 8
286 237 10
286 239 8
286 240 7
286 241 8
286 243 7
286 244 9
286 245 9
286 246 9
286 247 10
286 248 10
286 250 9
286 252 9
286 254 9
286 256 10
286 258 9
286 260 10
286 261 8
286 262 8
286 263 8
286 264 8
286 265 8
286 266 9
286 267 9
286 269 9
286 271 10
286 272 10
286 273 9
286 274 10
286 275 9
286 276 9
286 280 9
286 282 9
286 283 10
286 284 10
286 286 9
286 287 9
286 289 10
286 290 10
286 291 9
286 292 9
286 293 9
286 294 9
287 214 8
287 215 8
287 216 10
287 221 8
287 223 8
287 225 9
287 226 9
287 227 8
287 228 8
287 230 9
287 231 9
287 232 9
287 233 8
287 235 9
287 239 8
287 240 9
287 241 7
287 243 8
287 244 9
287 245 9
287 246 10
287 247 9
287 248 7
287 250 9
287 252 9
287 254 9
287 256 9
287 258 10
287 260 9
287 261 10
287 262 10
287 263 8
287 264 8
287 265 9
287 266 10
287 269 9
287 271 10
287 272 9
287 273 8
287 274 9
287 275 10
287 276 10
287 277 9
287 278 9
287 279 10
287 280 10
287 281 10
287 282 10
287 289 9
287 293 9
288 214 8
288 216 8
288 217 8
288 218 8
288 219 8
288 220 9
288 221 9
288 223 6
288 230 8
288 231 9
288 232 9
288 233 9
288 235 9
288 236 9
288 237 7
288 243 7
288 244 9
288 245 9
288 246 9
288 247 9
288 248 9
288 250 8
288 252 9
288 256 9
288 266 8
288 268 9
288 269 9
288 271 9
288 272 9
288 273 9
288 274 9
288 275 9
288 276 9
288 277 9
288 278 9
288 279 10
288 280 10
288 281 9
288 282 10
288 284 9
288 285 9
288 287 10
288 288 10
288 289 10
288 291 7
288 293 10
289 218 9
289 219 8
289 220 8
289 221 8
289 222 9
289 223 8
289 224 8
289 225 8
289 226 7
289 227 7
289 228 7
289 229 9
289 230 8
289 231 9
289 232 9
289 233 9
289 235 7
289 236 9
289 237 9
289 239 8
289 240 9
289 241 9
289 242 8
289 243 7
289 244 9
289 245 9
289 246 9
289 247 9
289 248 9
289 250 9
289 252 8
289 253 9
289 254 9
289 255 9
289 256 9
289 257 9
289 258 9
289 260 8
289 261 8
289 262 8
289 263 9
289 264 8
289 268 9
289 269 9
289 270 9
289 271 9
289 272 8
289 273 9
289 274 9
289 276 9
289 277 10
289 278 9
289 279 10
289 280 10
289 281 10
289 282 10
289 287 9
289 289 7
290 219 9
290 220 9
290 221 9
290 222 9
290 223 9
290 227 9
290 229 9
290 230 8
290 231 8
290 232 8
290 233 9
290 237 7
290 239 9
290 242 8
290 248 9
290 252 9
290 253 8
290 254 8
290 255 9
290 256 9
290 257 9
290 258 9
290 260 9
290 261 9
290 262 9
290 263 8
290 264 8
290 265 8
290 266 8
290 267 9
290 268 8
290 269 9
290 271 10
290 272 10
290 273 10
290 274 9
290 275 10
290 276 10
290 277 10
290 278 10
290 279 9
290 280 9
290 281 9
290 282 9
290 283 10
290 284 10
290 285 9
290 286 10
290 287 9
290 288 9
290 289 9
290 290 9
290 291 9
290 292 10
290 293 10
291 218 9
291 220 9
291 221 9
291 222 9
291 223 8
291 224 9
291 225 9
291 226 9
291 227 9
291 228 9
291 229 9
291 230 7
291 231 8
291 232 9
291 233 8
291 234 8
291 235 9
291 237 9
291 239 7
291 240 8
291 241 8
291 242 8
291 244 8
291 245 8
291 246 8
291 248 9
291 249 9
291 250 9
291 251 9
291 252 9
291 253 8
291 254 8
291 255 8
291 256 9
291 257 9
291 258 9
291 267 9
291 268 10
291 269 9
291 271 9
291 272 9
291 273 9
291 274 10
291 275 9
291 276 10
291 277 10
291 278 10
291 279 10
291 280 10
291 281 10
291 282 10
291 283 9
291 284 8
291 285 9
291 286 9
291 287 9
291 288 10
291 289 7
291 290 7
291 291 9
292 218 9
292 219 9
292 220 9
292 221 9
292 222 9
292 223 9
292 226 9
292 229 9
292 230 9
292 231 9
292 232 8
292 233 9
292 234 9
292 235 8
292 237 9
292 239 8
292 240 7
292 242 8
292 248 9
292 249 8
292 250 9
292 251 8
292 254 9
292 256 9
292 258 9
292 259 9
292 260 9
292 261 10
292 262 10
292 263 8
292 264 9
292 265 10
292 267 9
292 271 10
292 272 9
292 273 9
292 274 10
292 275 10
292 276 10
292 277 10
292 278 10
292 279 10
292 280 10
292 281 10
292 282 10
292 283 9
292 284 9
292 285 8
292 286 8
292 287 8
292 288 10
292 289 9
293 220 9
293 221 9
293 223 9
293 224 9
293 225 9
293 226 9
293 227 9
293 228 8
293 229 8
293 230 9
293 231 9
293 232 8
293 233 9
293 234 8
293 235 8
293 237 8
293 239 9
293 240 9
293 241 9
293 242 7
293 243 7
293 244 8
293 245 8
293 246 8
293 247 9
293 248 9
293 249 9
293 250 9
293 251 9
293 252 8
293 253 8
293 254 8
293 255 9
293 256 9
293 257 7
293 258 8
293 259 9
293 260 9
293 261 9
293 262 9
293 263 9
293 265 9
293 267 9
293 269 9
293 270 9
293 271 9
293 272 10
293 273 9
293 274 9
293 275 9
293 276 9
293 277 10
293 278 10
293 279 10
293 280 10
293 281 10
293 285 10
293 287 9
293 288 8
294 221 9
294 222 9
294 227 8
294 228 9
294 229 9
294 230 9
294 231 9
294 232 8
294 233 9
294 234 9
294 235 9
294 237 9
294 239 8
294 240 9
294 245 9
294 246 10
294 247 9
294 249 8
294 250 7
294 251 8
294 252 8
294 253 8
294 254 9
294 255 9
294 256 9
294 257 8
294 258 8
294 259 9
294 260 8
294 261 8
294 262 8
294 263 8
294 264 10
294 265 10
294 267 9
294 270 9
294 271 9
294 272 9
294 273 9
294 274 10
294 275 10
294 276 10
294 277 10
294 278 10
294 279 10
294 280 10
294 281 10
294 282 9
294 283 10
294 284 9
294 285 7
294 286 8
295 224 9
295 225 9
295 226 9
295 227 9
295 228 9
295 229 9
295 230 9
295 231 8
295 232 9
295 233 7
295 234 9
295 235 9
295 236 8
295 237 8
295 239 8
295 240 9
295 242 9
295 243 9
295 245 10
295 247 8
295 248 9
295 249 9
295 250 7
295 251 7
295 252 9
295 253 9
295 254 8
295 255 8
295 256 8
295 257 7
295 258 9
295 259 9
295 261 8
295 262 9
295 263 8
295 267 9
295 268 9
295 270 10
295 271 9
295 272 10
295 273 9
295 274 10
295 275 10
295 276 10
295 277 9
295 279 9
295 281 9
296 229 8
296 230 8
296 231 8
296 232 8
296 233 8
296 234 8
296 235 7
296 237 9
296 239 9
296 240 9
296 245 9
296 246 9
296 247 10
296 248 9
296 249 8
296 250 10
296 251 9
296 252 9
296 253 9
296 254 9
296 255 9
296 256 9
296 257 10
296 258 10
296 259 10
296 260 7
296 261 8
296 262 10
296 263 10
296 265 8
296 266 8
296 267 9
296 268 8
296 270 9
296 271 10
296 272 9
296 273 10
296 274 10
296 275 10
296 276 10
296 277 10
296 279 9
296 281 9
296 283 9
296 284 10
297 229 8
297 230 8
297 231 8
297 232 8
297 233 9
297 234 9
297 235 9
297 237 8
297 240 9
297 241 9
297 242 8
297 243 9
297 244 9
297 245 9
297 246 9
297 247 9
297 249 10
297 250 10
297 251 10
297 252 10
297 253 10
297 254 8
297 255 9
297 256 9
297 257 10
297 258 10
297 259 7
297 260 7
297 261 7
297 262 7
297 263 8
297 265 10
297 266 10
297 267 10
297 268 10
297 270 9
297 271 10
297 272 9
297 273 9
297 274 9
297 275 9
297 276 9
297 278 9
297 279 9
297 280 9
297 281 9
298 231 8
298 232 8
298 233 8
298 234 8
298 235 8
298 238 9
298 240 9
298 242 9
298 247 9
298 248 9
298 249 9
298 254 10
298 259 10
298 260 9
298 261 9
298 262 7
298 263 8
298 268 10
298 271 10
298 272 10
298 274 7
298 275 7
298 276 7
298 277 7
298 278 9
299 234 7
299 235 7
299 236 9
299 238 9
299 240 9
299 241 9
299 242 9
299 244 8
299 245 10
299 249 10
299 250 10
299 251 10
299 252 10
299 253 10
299 254 10
299 256 10
299 257 10
299 261 8
299 262 8
299 263 8
299 264 10
299 265 10
299 266 7
299 268 9
299 269 9
299 271 9
299 272 8
299 273 10
299 274 8
299 279 9
300 236 9
300 240 9
300 242 9
300 244 9
300 245 9
300 246 9
300 247 10
300 250 10
300 254 10
300 256 10
300 257 10
300 258 10
300 259 10
300 261 9
300 262 8
300 263 8
300 264 8
300 265 10
300 268 9
300 269 8
300 274 10
300 275 10
300 276 10
300 277 10
300 278 10
301 237 8
301 238 8
301 239 8
301 240 9
301 241 9
301 242 9
301 244 8
301 245 8
301 246 8
301 247 10
301 248 10
301 250 9
301 252 10
301 254 10
301 261 10
301 262 10
301 263 10
301 264 10
301 265 10
301 267 7
301 268 10
301 269 7
301 270 10
301 271 10
301 272 9
301 274 10
301 275 10
301 276 10
302 238 9
302 239 8
302 240 8
302 242 9
302 245 9
302 246 8
302 247 10
302 248 10
302 252 10
302 254 10
302 256 9
302 257 9
302 258 10
302 259 10
302 260 10
302 261 10
302 263 9
302 265 10
302 266 6
302 267 9
302 268 10
302 269 8
302 270 8
302 271 8
302 274 7
303 240 9
303 242 9
303 243 9
303 245 8
303 246 8
303 247 9
303 248 9
303 249 9
303 250 9
303 251 9
303 252 9
303 254 10
303 255 10
303 256 10
303 257 9
303 258 9
303 260 8
303 261 10
303 262 10
303 263 10
303 265 9
303 273 10
304 243 8
304 252 9
304 256 9
304 257 9
304 258 9
304 259 10
304 260 10
304 261 10
304 263 9
304 265 9
304 267 9
304 268 9
304 269 8
304 270 8
304 271 8
304 272 8
304 273 10
305 245 9
305 246 8
305 247 9
305 248 10
305 249 10
305 250 10
305 254 9
305 256 9
305 257 9
305 259 9
305 261 9
305 263 9
305 265 9
305 267 9
306 249 9
306 251 9
306 252 9
306 256 8
306 257 8
307 254 9
307 255 9
