512
221 254 8
222 255 8
223 251 8
223 253 8
223 262 7
223 264 7
223 266 8
224 255 8
224 256 8
224 263 7
224 266 7
224 267 7
224 268 8
224 269 8
224 270 8
225 248 8
225 252 7
225 256 8
225 257 8
225 258 8
225 259 8
225 261 7
225 265 6
225 266 7
225 267 8
225 268 7
225 269 7
225 271 7
225 272 8
226 251 7
226 255 7
226 257 7
226 258 8
226 260 7
226 264 7
226 265 7
226 266 7
226 267 7
226 269 7
226 272 8
227 249 8
227 251 8
227 254 7
227 255 7
227 262 7
227 263 7
227 264 8
227 265 7
227 266 8
227 275 8
228 246 8
228 249 8
228 251 7
228 252 8
228 254 7
228 255 7
228 256 8
228 259 7
228 262 8
228 264 8
228 266 8
228 268 8
228 269 8
228 277 7
228 279 7
229 244 9
229 246 8
229 250 8
229 251 8
229 252 7
229 253 7
229 255 6
229 256 7
229 259 8
229 261 7
229 267 8
229 268 8
229 276 7
229 279 7
230 241 9
230 244 9
230 245 9
230 248 8
230 249 8
230 250 7
230 252 8
230 253 6
230 254 6
230 256 7
230 258 8
230 260 7
230 264 7
230 265 6
230 272 8
230 273 8
230 274 8
230 275 7
230 279 7
231 240 8
231 241 9
231 242 9
231 243 9
231 246 9
231 247 8
231 249 8
231 251 8
231 252 8
231 254 8
231 256 8
231 257 8
231 259 8
231 263 7
231 264 7
231 265 6
231 273 8
231 274 7
231 275 7
231 276 4
231 277 7
231 278 7
232 240 9
232 241 8
232 245 9
232 246 9
232 248 8
232 249 8
232 255 8
232 257 8
232 262 7
232 266 6
232 273 7
232 274 7
232 277 7
232 278 4
232 282 4
233 232 9
233 238 9
233 240 8
233 242 9
233 243 9
233 248 8
233 249 7
233 251 8
233 253 9
233 254 8
233 258 8
233 260 8
233 263 8
233 264 6
233 267 7
233 268 7
233 269 7
233 273 7
233 274 4
233 276 4
233 277 4
233 282 4
234 229 10
234 231 9
234 237 8
234 241 8
234 242 8
234 250 8
234 251 7
234 258 8
234 260 8
234 263 8
234 267 8
234 268 7
234 269 7
234 270 7
234 273 7
234 278 4
234 281 4
234 282 4
234 284 5
235 231 10
235 235 8
235 237 9
235 238 9
235 241 8
235 247 8
235 248 8
235 249 8
235 250 8
235 252 9
235 254 8
235 255 9
235 257 8
235 259 8
235 263 8
235 264 8
235 267 7
235 269 7
235 270 8
235 277 3
235 279 4
235 282 4
235 285 5
236 233 9
236 235 9
236 236 9
236 248 8
236 249 8
236 250 9
236 251 9
236 255 10
236 256 10
236 257 8
236 260 8
236 265 8
236 268 7
236 269 7
236 275 5
236 276 4
236 279 4
236 280 4
236 283 3
236 284 4
237 232 9
237 234 9
237 239 10
237 242 10
237 244 8
237 246 10
237 247 8
237 248 8
237 251 10
237 252 10
237 253 10
237 254 9
237 256 10
237 257 10
237 258 10
237 261 8
237 262 8
237 265 8
237 268 8
237 269 8
237 274 3
237 275 5
237 276 3
237 277 5
237 279 4
237 281 4
237 284 5
238 232 10
238 238 10
238 242 10
238 244 7
238 245 10
238 246 8
238 247 10
238 250 10
238 251 10
238 253 10
238 256 10
238 258 8
238 259 10
238 263 8
238 268 7
238 274 3
238 275 5
238 276 3
238 277 4
238 278 4
238 279 3
238 280 3
238 281 5
239 231 9
239 236 10
239 238 10
239 239 10
239 243 10
239 245 8
239 247 10
239 251 10
239 252 10
239 253 10
239 258 9
239 259 8
239 262 8
239 263 7
239 264 8
239 266 8
239 267 8
239 269 7
239 270 7
239 272 5
239 273 6
239 274 6
239 276 3
239 283 5
239 285 5
240 235 10
240 236 10
240 239 10
240 240 10
240 242 10
240 245 10
240 247 10
240 249 10
240 255 10
240 257 10
240 258 10
240 259 10
240 263 8
240 267 7
240 269 7
240 270 8
240 271 7
240 277 3
240 280 5
240 281 5
241 229 8
241 233 9
241 234 9
241 235 10
241 243 10
241 244 10
241 249 9
241 251 9
241 252 10
241 253 8
241 255 10
241 258 10
241 263 8
241 264 8
241 265 8
241 266 8
241 267 8
241 270 8
241 272 8
241 275 8
241 280 5
241 281 5
241 283 5
241 284 5
242 239 9
242 243 9
242 244 9
242 247 10
242 251 10
242 257 10
242 258 10
242 262 7
242 263 8
242 269 8
242 270 8
242 271 8
242 273 6
242 275 9
242 278 3
242 279 8
242 281 8
242 282 5
242 283 5
242 284 5
243 237 10
243 240 9
243 242 9
243 245 10
243 247 9
243 248 8
243 250 9
243 251 9
243 252 9
243 253 8
243 257 10
243 261 9
243 265 8
243 266 8
243 268 8
243 269 8
243 271 8
243 273 9
243 274 4
243 279 7
243 281 8
243 285 5
244 239 10
244 240 10
244 241 9
244 242 9
244 246 9
244 247 9
244 248 9
244 249 9
244 250 9
244 251 8
244 252 7
244 253 8
244 254 9
244 256 8
244 259 9
244 263 8
244 264 7
244 270 8
244 272 6
244 273 9
244 279 8
244 281 8
245 235 10
245 236 10
245 238 10
245 239 9
245 240 9
245 242 10
245 244 9
245 247 9
245 249 9
245 250 9
245 251 9
245 252 9
245 259 10
245 261 7
245 263 8
245 270 8
245 272 6
245 273 9
245 277 8
245 282 9
245 287 5
246 235 9
246 236 10
246 237 10
246 238 10
246 239 10
246 241 9
246 242 9
246 244 9
246 247 9
246 248 9
246 250 9
246 251 8
246 252 8
246 254 9
246 255 7
246 256 7
246 258 10
246 271 5
246 272 6
246 273 5
246 276 9
246 277 8
246 279 7
246 284 5
247 230 8
247 237 10
247 238 10
247 239 10
247 240 10
247 242 10
247 243 10
247 245 10
247 248 7
247 249 9
247 254 7
247 255 7
247 258 100000
247 262 8
247 263 10
247 264 8
247 265 10
247 266 10
247 268 8
247 270 9
247 273 5
247 274 6
247 275 9
247 276 9
247 278 9
247 279 9
247 281 9
247 282 9
248 230 8
248 234 9
248 235 10
248 237 10
248 238 10
248 242 9
248 247 9
248 248 9
248 254 8
248 259 10
248 260 10
248 261 9
248 263 8
248 266 9
248 267 8
248 268 9
248 269 9
248 270 9
248 274 6
248 276 6
248 277 9
248 278 9
248 280 9
248 282 8
249 229 8
249 234 9
249 238 10
249 240 10
249 241 10
249 243 9
249 246 7
249 255 8
249 260 9
249 263 9
249 265 10
249 267 10
249 274 5
249 276 6
249 277 9
249 279 9
249 281 8
249 282 9
249 283 8
250 234 7
250 236 10
250 237 7
250 240 9
250 243 10
250 244 10
250 248 8
250 251 6
250 252 6
250 254 6
250 256 10
250 257 7
250 259 7
250 260 7
250 261 8
250 267 7
250 268 8
250 276 5
250 277 9
250 281 9
250 282 9
250 283 8
251 233 7
251 235 6
251 236 6
251 237 7
251 238 10
251 239 10
251 241 9
251 242 7
251 243 9
251 244 9
251 246 9
251 247 9
251 249 6
251 255 8
251 258 8
251 261 9
251 263 9
251 265 9
251 266 10
251 267 8
251 269 7
251 270 6
251 281 8
251 282 8
252 235 7
252 236 10
252 237 7
252 238 10
252 240 7
252 241 9
252 242 7
252 244 8
252 245 9
252 249 8
252 251 8
252 252 6
252 256 8
252 257 8
252 258 7
252 260 7
252 261 10
252 264 8
252 267 9
252 269 7
252 270 7
252 276 8
252 278 8
252 280 9
252 282 9
252 283 8
252 284 8
252 285 8
253 237 6
253 240 7
253 241 8
253 242 8
253 245 9
253 246 8
253 247 8
253 249 7
253 252 6
253 253 8
253 255 8
253 258 8
253 259 8
253 260 8
253 269 8
253 271 8
253 272 4
253 276 8
253 278 8
254 233 8
254 237 6
254 238 10
254 239 10
254 240 10
254 244 8
254 245 6
254 246 6
254 248 7
254 252 8
254 253 8
254 254 8
254 259 10
254 260 8
254 263 7
254 264 7
254 265 6
254 267 3
254 268 4
254 271 5
254 274 8
254 275 8
254 279 8
254 284 8
254 285 8
254 286 8
255 232 8
255 235 8
255 237 7
255 238 6
255 239 8
255 240 9
255 241 10
255 242 10
255 246 8
255 248 8
255 249 7
255 250 8
255 251 7
255 252 8
255 253 7
255 255 8
255 256 8
255 257 8
255 260 8
255 267 7
255 271 5
255 272 5
255 277 7
255 281 8
255 284 8
255 285 8
256 236 6
256 237 8
256 238 6
256 244 6
256 247 8
256 248 7
256 250 5
256 252 8
256 255 8
256 259 7
256 260 8
256 262 8
256 263 7
256 265 7
256 266 6
256 268 4
256 270 3
256 271 5
256 272 5
256 278 8
257 237 8
257 238 6
257 239 8
257 240 6
257 244 9
257 246 7
257 248 9
257 251 5
257 252 8
257 256 8
257 257 8
257 258 8
257 259 8
257 266 7
257 269 3
257 270 4
257 271 4
257 274 9
257 277 9
257 278 9
258 236 6
258 237 8
258 238 6
258 240 6
258 241 8
258 242 8
258 244 9
258 245 9
258 247 8
258 248 8
258 253 5
258 256 8
258 257 7
258 259 7
258 261 8
258 262 8
258 264 8
258 274 9
258 275 9
258 277 9
258 279 8
259 236 4
259 238 6
259 240 3
259 245 8
259 246 8
259 249 8
259 254 8
259 258 7
259 259 7
259 262 8
259 265 7
259 266 7
259 267 9
259 268 5
259 273 9
259 276 9
260 238 5
260 239 9
260 244 9
260 245 9
260 247 5
260 250 8
260 251 5
260 255 5
260 261 8
260 262 8
260 266 8
260 267 9
260 268 8
260 270 9
260 271 9
260 273 9
260 274 8
260 276 9
260 279 8
261 238 6
261 239 6
261 244 5
261 248 8
261 249 8
261 254 5
261 256 5
261 257 5
261 258 7
261 259 8
261 260 8
261 265 5
261 266 4
261 269 9
261 273 8
261 274 8
262 235 7
262 237 7
262 238 6
262 240 6
262 249 8
262 250 8
262 256 5
262 257 8
262 258 5
262 260 8
262 261 8
262 266 8
262 268 8
262 271 8
262 272 9
262 275 9
262 277 8
263 237 7
263 238 6
263 241 7
263 243 5
263 244 7
263 245 7
263 246 8
263 248 8
263 250 9
263 252 6
263 253 5
263 255 5
263 257 5
263 258 5
263 263 5
263 266 5
263 268 9
263 271 8
263 273 8
264 238 6
264 239 7
264 240 6
264 241 6
264 246 7
264 247 7
264 248 6
264 253 5
264 256 5
264 257 7
264 258 5
264 259 6
264 260 7
264 261 5
264 263 5
264 266 8
264 276 8
265 235 7
265 236 7
265 239 4
265 242 5
265 243 5
265 247 9
265 249 6
265 250 6
265 254 5
265 255 5
265 257 5
265 258 5
265 259 7
265 262 4
265 263 7
265 265 7
265 273 8
265 274 8
265 276 8
266 241 5
266 244 5
266 246 7
266 250 6
266 251 6
266 254 9
266 255 9
266 256 5
266 257 6
266 258 7
266 259 7
266 260 7
266 261 4
266 263 7
266 264 7
267 235 5
267 236 5
267 239 4
267 243 5
267 244 5
267 245 5
267 246 5
267 248 6
267 251 6
267 252 5
267 253 5
267 254 5
267 257 7
267 262 7
267 264 9
267 265 7
267 268 9
267 269 9
267 273 8
268 233 4
268 236 5
268 238 6
268 239 5
268 241 5
268 243 5
268 250 6
268 251 9
268 254 9
268 255 5
268 257 7
268 258 7
268 259 7
268 260 9
268 263 7
268 264 7
268 265 7
268 270 9
268 271 8
269 234 5
269 236 5
269 239 5
269 240 5
269 243 5
269 244 4
269 246 6
269 247 7
269 251 6
269 252 5
269 256 8
269 259 9
269 260 9
269 269 7
269 270 7
269 271 7
269 272 7
270 236 5
270 237 5
270 239 5
270 242 5
270 245 5
270 246 7
270 248 6
270 249 7
270 257 9
270 258 9
270 259 7
270 261 7
270 269 7
271 235 5
271 237 5
271 239 5
271 240 5
271 243 5
271 244 4
271 248 9
271 250 9
271 254 8
271 256 9
271 259 7
271 261 7
271 264 7
271 265 7
271 272 7
272 235 6
272 243 4
272 244 4
272 245 8
272 246 5
272 247 5
272 248 7
272 249 7
272 250 9
272 252 7
272 253 7
272 258 9
272 261 9
272 268 7
273 236 5
273 239 6
273 244 5
273 246 8
273 249 9
273 250 7
273 251 9
273 252 8
273 258 9
273 260 9
273 265 9
273 266 7
273 267 5
274 235 6
274 237 6
274 238 6
274 242 8
274 243 5
274 244 5
274 246 5
274 247 9
274 250 9
274 251 9
274 253 7
274 254 8
274 256 8
274 258 9
274 261 9
274 262 9
274 263 9
274 264 9
274 266 6
275 230 5
275 232 5
275 236 7
275 237 7
275 238 7
275 240 7
275 241 8
275 242 8
275 243 5
275 244 5
275 245 9
275 248 9
275 249 9
275 251 8
275 252 9
275 254 8
275 256 8
275 259 9
275 260 9
275 261 9
275 263 9
275 265 9
275 266 6
275 268 6
275 269 6
275 270 6
276 230 5
276 231 5
276 238 7
276 239 7
276 240 7
276 242 8
276 243 8
276 244 8
276 245 5
276 248 9
276 250 9
276 252 9
276 253 7
276 254 7
276 256 7
276 259 9
276 262 9
276 264 8
276 265 9
276 266 6
276 268 6
276 269 6
277 242 7
277 244 8
277 246 5
277 249 9
277 254 8
277 256 9
277 257 7
277 258 7
277 260 9
277 263 9
277 264 9
278 237 7
278 238 7
278 241 7
278 242 7
278 243 5
278 244 8
278 245 9
278 246 8
278 254 8
278 255 8
278 261 9
278 262 9
278 263 9
279 238 7
279 244 5
279 245 8
279 247 9
279 250 8
279 252 8
279 256 9
279 262 8
279 264 9
280 239 7
280 244 8
280 249 9
280 250 8
280 251 9
280 253 9
280 256 9
280 257 7
280 258 9
280 260 9
281 242 7
281 244 8
281 245 8
281 249 9
281 252 8
281 255 8
281 258 9
281 260 9
282 241 7
282 242 8
282 243 7
282 244 9
282 245 9
282 248 9
282 249 9
282 250 8
282 252 8
282 253 9
282 255 9
282 259 9
282 260 9
283 242 7
283 243 9
283 247 9
283 250 9
283 251 8
283 252 8
283 253 9
283 258 9
283 260 9
284 241 8
284 242 7
284 245 8
284 247 9
284 248 9
284 254 9
284 255 9
284 256 9
284 257 9
285 246 8
285 247 9
285 249 9
285 251 8
285 252 9
285 255 9
285 259 9
286 240 8
286 242 8
286 245 9
286 246 9
286 251 8
286 252 9
286 253 9
286 258 9
287 241 8
287 242 8
287 246 8
287 247 8
287 254 9
287 255 9
288 241 8
288 243 8
288 245 9
288 246 9
288 248 9
288 250 9
288 255 9
289 247 9
289 250 9
290 243 8
290 244 9
290 245 9
290 247 9
290 248 9
291 245 9
291 247 9
291 249 9
292 242 9
292 247 8
293 246 9
293 247 9
293 248 9
294 244 9
294 247 9
