512
210 261 5
211 270 8
212 261 5
212 270 8
212 271 8
212 272 8
212 274 8
212 276 8
213 245 9
213 264 5
213 265 5
213 267 5
213 268 6
213 269 8
213 271 8
213 275 8
214 242 9
214 243 9
214 245 9
214 263 5
214 265 5
214 266 5
214 277 8
215 245 9
215 262 5
215 264 5
215 266 5
215 269 8
215 271 8
215 272 8
215 275 8
216 239 9
216 243 9
216 247 9
216 248 8
216 249 8
216 260 2
216 264 5
216 266 5
216 269 6
216 270 8
216 271 8
216 276 8
216 277 8
217 244 9
217 248 9
217 265 5
217 269 8
217 272 8
217 275 8
217 276 8
217 277 8
218 244 9
218 254 8
218 259 8
218 260 3
218 262 3
218 263 3
218 265 5
218 270 8
218 273 8
218 274 8
218 277 8
218 278 8
219 244 9
219 245 9
219 246 9
219 247 8
219 248 8
219 249 8
219 252 8
219 257 6
219 258 6
219 260 6
219 261 3
219 262 6
219 265 7
219 267 6
219 268 6
219 269 8
219 270 8
219 278 8
220 236 9
220 237 9
220 241 9
220 242 9
220 243 9
220 244 9
220 245 8
220 247 9
220 249 8
220 250 8
220 251 8
220 256 8
220 258 5
220 259 5
220 260 5
220 262 6
220 265 8
220 267 6
220 270 7
220 273 8
220 275 8
221 236 9
221 237 9
221 239 8
221 246 9
221 249 8
221 256 8
221 257 6
221 258 8
221 262 5
221 267 8
221 272 7
221 274 8
221 278 8
222 236 9
222 238 9
222 239 9
222 240 9
222 243 8
222 245 9
222 246 9
222 247 8
222 248 8
222 249 8
222 251 8
222 252 8
222 256 8
222 262 5
222 263 6
222 266 7
222 271 7
222 275 8
222 276 7
222 278 7
222 280 7
222 281 2
223 235 9
223 241 9
223 245 9
223 251 8
223 252 7
223 253 8
223 254 8
223 255 7
223 257 7
223 262 6
223 263 6
223 264 7
223 265 8
223 270 6
223 271 6
223 273 6
223 274 8
223 276 7
223 277 8
223 278 7
223 280 7
223 281 7
224 239 8
224 241 9
224 242 9
224 245 5
224 250 8
224 251 8
224 253 7
224 257 7
224 258 7
224 259 8
224 261 8
224 266 8
224 267 8
224 270 5
224 271 6
224 274 8
224 278 7
224 279 8
224 280 7
224 283 2
225 227 7
225 229 7
225 235 8
225 242 5
225 243 5
225 248 8
225 249 8
225 250 8
225 255 8
225 256 7
225 257 8
225 258 7
225 259 7
225 264 7
225 265 7
225 266 7
225 267 7
225 268 7
225 269 5
225 271 6
225 272 6
225 276 6
225 278 7
225 279 7
225 280 7
225 283 2
226 226 7
226 227 7
226 228 7
226 229 7
226 230 6
226 231 6
226 237 9
226 238 8
226 246 8
226 247 8
226 248 7
226 250 8
226 252 8
226 254 8
226 257 8
226 258 7
226 259 7
226 265 7
226 268 5
226 273 6
226 277 8
226 278 7
226 279 7
226 280 2
226 285 1
227 225 7
227 227 7
227 234 9
227 238 9
227 240 8
227 242 8
227 243 8
227 244 8
227 246 8
227 250 7
227 251 8
227 255 8
227 256 8
227 260 8
227 266 7
227 273 6
227 275 6
227 277 7
227 278 7
227 281 7
227 285 1
228 226 7
228 228 6
228 229 6
228 232 10
228 233 9
228 234 9
228 237 9
228 238 9
228 242 8
228 246 8
228 250 7
228 251 8
228 252 7
228 259 8
228 260 7
228 261 8
228 262 8
228 263 6
228 268 7
228 269 7
228 272 6
228 282 2
228 283 0
228 286 2
228 287 0
229 230 7
229 231 10
229 232 10
229 234 9
229 235 9
229 242 9
229 246 9
229 247 8
229 249 8
229 250 7
229 251 9
229 252 7
229 253 6
229 254 6
229 259 8
229 260 8
229 261 8
229 262 6
229 264 6
229 268 7
229 269 7
229 273 7
229 274 7
229 276 7
229 278 7
229 282 2
229 284 0
229 288 2
229 290 5
229 291 5
230 226 7
230 230 9
230 240 9
230 241 8
230 242 9
230 250 8
230 257 7
230 258 7
230 259 7
230 260 8
230 262 6
230 265 6
230 266 6
230 270 7
230 273 6
230 275 7
230 276 6
230 277 1
230 281 2
230 283 0
230 284 0
230 285 0
230 286 2
230 287 2
231 224 7
231 225 7
231 226 10
231 227 10
231 229 10
231 232 9
231 233 10
231 238 9
231 243 8
231 244 8
231 247 9
231 251 9
231 252 7
231 256 8
231 258 7
231 259 7
231 264 6
231 268 7
231 270 7
231 271 2
231 272 7
231 280 2
231 283 3
231 285 3
231 286 0
231 287 0
231 289 5
231 291 5
232 225 7
232 227 10
232 228 10
232 230 9
232 231 10
232 232 9
232 233 10
232 234 10
232 239 8
232 240 8
232 246 8
232 247 8
232 248 9
232 250 9
232 251 9
232 252 7
232 253 9
232 254 7
232 255 9
232 257 8
232 269 7
232 272 7
232 273 2
232 274 2
232 276 2
232 278 2
232 279 2
232 280 2
232 281 2
232 283 2
232 284 3
232 286 3
232 287 5
232 289 5
232 290 5
232 291 5
233 225 10
233 227 10
233 229 10
233 231 10
233 236 10
233 240 8
233 244 8
233 246 9
233 249 8
233 250 9
233 251 9
233 254 9
233 261 8
233 262 8
233 263 7
233 264 6
233 265 6
233 268 7
233 269 6
233 271 7
233 272 2
233 273 7
233 275 2
233 276 2
233 280 1
233 288 5
233 290 5
234 225 10
234 235 9
234 242 8
234 243 9
234 249 8
234 250 8
234 251 8
234 252 9
234 253 9
234 255 9
234 256 8
234 258 8
234 262 7
234 265 6
234 268 6
234 269 6
234 271 7
234 272 7
234 277 2
234 278 2
234 279 2
234 280 2
234 281 2
234 282 1
234 284 3
234 286 3
234 288 5
234 290 5
234 291 5
235 223 10
235 226 10
235 227 10
235 228 10
235 229 10
235 242 9
235 246 9
235 251 9
235 252 10
235 253 9
235 257 10
235 259 7
235 260 8
235 262 7
235 265 6
235 267 6
235 268 6
235 273 7
235 279 2
235 281 1
235 282 1
235 283 4
235 288 5
235 289 5
236 223 10
236 225 10
236 227 10
236 230 10
236 232 10
236 240 9
236 241 8
236 244 9
236 245 9
236 248 8
236 251 8
236 253 10
236 255 9
236 256 9
236 257 10
236 258 9
236 259 7
236 262 7
236 263 5
236 265 6
236 270 7
236 272 7
236 282 0
236 286 4
236 287 4
236 291 4
237 222 10
237 226 10
237 227 10
237 228 10
237 232 9
237 234 9
237 246 10
237 252 8
237 254 9
237 258 9
237 259 9
237 260 8
237 261 8
237 263 8
237 265 7
237 268 6
237 270 7
237 279 0
237 286 4
237 288 5
238 221 9
238 222 10
238 225 10
238 226 10
238 230 10
238 235 8
238 237 7
238 240 8
238 241 8
238 242 8
238 243 8
238 246 8
238 247 9
238 252 9
238 254 9
238 257 8
238 259 8
238 261 8
238 262 8
238 263 8
238 267 7
238 271 2
238 276 6
238 277 6
238 280 0
238 281 0
238 283 0
238 286 5
238 287 5
238 289 4
238 290 4
238 294 5
239 227 10
239 231 9
239 233 9
239 237 7
239 238 7
239 239 7
239 240 7
239 245 7
239 254 9
239 258 10
239 260 8
239 263 7
239 266 8
239 268 8
239 272 8
239 274 8
239 276 8
239 277 6
239 280 0
239 281 0
239 283 6
239 291 4
239 292 5
240 223 9
240 224 10
240 226 10
240 234 8
240 235 7
240 236 7
240 240 8
240 243 7
240 252 10
240 253 9
240 255 9
240 256 9
240 258 8
240 259 8
240 263 8
240 264 7
240 266 8
240 267 8
240 269 2
240 272 8
240 273 2
240 276 8
240 277 6
240 278 6
240 282 4
240 283 4
240 284 5
240 285 4
241 222 9
241 231 9
241 232 9
241 233 9
241 235 7
241 236 10
241 237 7
241 239 7
241 243 8
241 248 10
241 249 10
241 250 10
241 252 9
241 253 9
241 254 9
241 255 9
241 258 10
241 260 10
241 261 7
241 262 7
241 263 8
241 267 8
241 268 8
241 270 2
241 275 6
241 277 1
241 278 0
241 280 4
241 282 4
241 287 4
241 288 4
241 291 5
242 223 8
242 225 8
242 226 8
242 233 9
242 237 8
242 239 6
242 244 9
242 249 8
242 251 10
242 256 10
242 260 10
242 261 10
242 264 8
242 267 7
242 269 6
242 272 6
242 275 4
242 276 4
242 277 4
242 278 0
242 281 4
242 283 5
242 288 3
243 225 8
243 226 8
243 234 8
243 235 10
243 236 8
243 238 8
243 240 8
243 242 9
243 244 9
243 245 10
243 248 10
243 249 8
243 250 8
243 251 10
243 253 9
243 254 9
243 255 9
243 260 100000
243 262 10
243 263 9
243 264 7
243 265 8
243 266 7
243 267 6
243 268 8
243 277 4
243 279 4
243 280 4
243 283 4
243 285 4
243 286 3
244 224 8
244 229 10
244 236 8
244 237 10
244 239 8
244 240 8
244 243 9
244 244 9
244 251 10
244 252 10
244 253 9
244 256 10
244 259 8
244 262 10
244 263 10
244 267 8
244 269 6
244 270 8
244 271 6
244 272 6
244 275 4
244 276 4
244 277 4
244 281 8
244 285 5
245 223 8
245 224 8
245 232 8
245 233 8
245 234 8
245 235 10
245 237 8
245 238 10
245 239 8
245 246 9
245 248 8
245 253 10
245 256 10
245 262 10
245 265 9
245 266 6
245 267 9
245 268 8
245 272 6
245 275 4
245 278 0
245 279 4
245 283 4
245 284 3
245 285 4
245 286 4
245 287 3
245 288 2
245 290 5
245 291 5
246 225 8
246 226 8
246 233 8
246 234 8
246 235 8
246 236 8
246 237 8
246 242 9
246 243 9
246 244 9
246 245 9
246 246 7
246 247 5
246 249 6
246 250 5
246 253 10
246 254 10
246 258 10
246 259 10
246 261 10
246 263 10
246 264 10
246 265 9
246 267 6
246 274 5
246 279 3
246 284 4
246 288 8
246 291 5
246 292 5
247 232 8
247 233 8
247 236 7
247 237 9
247 239 8
247 241 8
247 244 9
247 249 10
247 250 6
247 251 10
247 257 10
247 258 10
247 260 8
247 263 10
247 266 6
247 267 6
247 271 5
247 272 5
247 273 3
247 275 4
247 283 4
247 284 4
247 287 8
248 225 8
248 226 10
248 227 5
248 228 10
248 232 8
248 235 7
248 239 7
248 240 8
248 242 8
248 243 7
248 249 6
248 250 6
248 251 6
248 253 8
248 256 8
248 257 7
248 262 8
248 267 2
248 270 10
248 271 3
248 272 5
248 273 5
248 281 8
248 282 4
248 286 8
248 287 7
248 290 8
248 291 8
248 292 8
249 223 8
249 224 8
249 225 8
249 226 6
249 233 5
249 236 8
249 238 8
249 239 7
249 241 8
249 242 8
249 243 7
249 244 7
249 245 7
249 247 7
249 252 8
249 259 7
249 260 9
249 262 8
249 263 10
249 266 10
249 272 5
249 280 8
249 281 8
249 282 8
249 286 7
249 287 8
249 289 8
249 294 5
250 225 8
250 228 6
250 235 7
250 238 8
250 239 7
250 240 8
250 244 7
250 247 7
250 248 9
250 252 9
250 253 10
250 254 10
250 255 8
250 257 9
250 261 10
250 264 10
250 267 2
250 268 10
250 271 5
250 273 5
250 274 5
250 275 5
250 278 9
250 280 8
250 282 8
250 283 8
250 285 8
250 287 8
250 288 8
250 290 8
250 291 5
250 292 5
250 295 5
251 222 5
251 223 5
251 224 8
251 226 6
251 227 5
251 228 6
251 235 10
251 237 9
251 238 8
251 239 7
251 240 7
251 246 7
251 249 10
251 252 8
251 254 8
251 255 10
251 258 9
251 259 10
251 261 7
251 262 10
251 263 7
251 265 7
251 266 10
251 271 6
251 272 5
251 274 5
251 275 5
251 276 6
251 278 6
251 280 8
251 282 8
251 286 8
251 291 5
251 298 5
252 221 5
252 223 6
252 224 8
252 228 6
252 230 9
252 235 9
252 240 8
252 241 8
252 242 8
252 243 8
252 249 8
252 250 9
252 253 10
252 254 8
252 255 10
252 257 9
252 262 10
252 265 10
252 266 10
252 268 8
252 269 8
252 272 5
252 273 6
252 274 6
252 276 9
252 277 9
252 278 6
252 280 8
252 281 8
252 282 8
252 283 8
252 284 8
252 285 8
252 286 8
252 288 8
252 290 8
252 291 8
252 292 8
253 222 6
253 224 6
253 227 6
253 229 6
253 231 5
253 232 10
253 233 8
253 237 4
253 241 8
253 242 9
253 243 9
253 248 8
253 250 5
253 251 5
253 252 5
253 258 8
253 265 10
253 266 10
253 270 5
253 272 5
253 273 5
253 277 6
253 278 8
253 280 9
253 283 8
253 285 8
253 286 8
253 287 8
253 289 8
253 291 8
253 292 8
254 224 6
254 226 6
254 232 6
254 235 8
254 238 8
254 240 8
254 241 7
254 242 9
254 244 8
254 245 9
254 251 5
254 252 5
254 253 6
254 260 8
254 263 7
254 270 9
254 274 9
254 278 8
254 279 9
254 280 8
254 283 8
254 288 8
254 290 8
254 291 8
255 224 6
255 226 6
255 229 6
255 230 5
255 235 4
255 241 4
255 245 9
255 248 6
255 249 8
255 254 9
255 256 9
255 261 8
255 262 7
255 265 7
255 268 8
255 274 9
255 275 9
255 281 8
255 283 8
255 285 8
255 288 8
255 290 8
255 292 8
255 297 7
256 230 6
256 231 4
256 234 5
256 238 4
256 241 7
256 243 8
256 246 9
256 247 6
256 248 8
256 249 6
256 251 5
256 252 6
256 253 6
256 262 9
256 263 7
256 265 7
256 267 8
256 272 7
256 273 7
256 280 5
256 285 8
256 286 8
256 288 8
256 292 8
256 297 7
257 224 6
257 225 6
257 226 5
257 228 6
257 229 6
257 232 5
257 233 8
257 235 8
257 236 8
257 238 6
257 241 4
257 242 9
257 243 9
257 245 9
257 246 6
257 249 5
257 250 6
257 251 5
257 252 5
257 253 6
257 254 5
257 259 9
257 262 7
257 263 7
257 265 7
257 266 7
257 267 3
257 268 3
257 269 3
257 273 7
257 279 9
257 284 8
257 285 8
257 287 8
257 290 7
258 223 5
258 225 5
258 230 6
258 233 5
258 235 8
258 237 5
258 239 4
258 242 8
258 244 9
258 246 6
258 247 6
258 249 6
258 251 5
258 259 7
258 263 7
258 264 7
258 265 7
258 266 3
258 268 6
258 269 3
258 270 6
258 272 7
258 288 8
258 289 7
258 290 7
258 292 7
259 226 8
259 231 6
259 233 8
259 234 8
259 237 4
259 238 6
259 239 4
259 242 6
259 243 9
259 245 9
259 249 5
259 255 6
259 257 6
259 258 9
259 260 9
259 263 7
259 264 7
259 265 3
259 266 7
259 275 8
259 276 8
259 277 8
259 279 8
259 281 8
259 284 8
259 285 8
259 286 8
259 293 7
260 223 5
260 224 5
260 230 5
260 231 6
260 233 8
260 237 7
260 238 6
260 240 8
260 250 6
260 251 5
260 252 5
260 256 7
260 257 7
260 258 7
260 259 7
260 263 7
260 264 7
260 265 7
260 268 7
260 270 6
260 271 7
260 274 8
260 281 8
260 284 8
260 286 8
260 289 8
260 291 7
260 292 7
261 220 5
261 221 5
261 228 4
261 230 4
261 232 5
261 233 3
261 234 4
261 238 7
261 239 6
261 240 6
261 241 6
261 243 6
261 247 6
261 249 6
261 250 5
261 253 6
261 254 6
261 258 9
261 264 7
261 265 7
261 268 7
261 270 6
261 272 8
261 273 8
261 277 8
261 285 8
262 221 5
262 226 5
262 228 5
262 229 5
262 230 4
262 231 5
262 232 4
262 237 7
262 238 7
262 242 6
262 243 5
262 244 6
262 245 7
262 246 7
262 248 6
262 250 4
262 251 4
262 252 4
262 253 6
262 257 7
262 260 7
262 262 7
262 264 7
262 265 7
262 266 7
262 272 8
262 273 8
262 274 8
262 275 8
262 276 9
262 277 9
262 290 7
263 221 5
263 222 5
263 225 5
263 226 5
263 228 7
263 232 5
263 233 4
263 236 6
263 242 6
263 243 5
263 244 6
263 247 6
263 253 5
263 254 7
263 255 7
263 256 7
263 257 9
263 261 6
263 266 7
263 270 6
263 271 6
263 273 9
263 275 9
263 277 9
264 221 5
264 222 5
264 224 5
264 226 5
264 227 5
264 233 4
264 245 7
264 251 4
264 252 4
264 253 4
264 254 7
264 257 9
264 258 6
264 259 9
264 261 6
264 265 7
264 267 7
264 274 8
264 275 9
264 280 8
265 221 2
265 227 5
265 228 5
265 229 5
265 230 7
265 235 3
265 241 6
265 242 5
265 246 7
265 249 6
265 253 5
265 258 6
265 260 6
265 261 6
265 262 6
265 266 6
265 267 9
265 272 9
265 275 8
265 276 9
265 277 9
265 278 9
265 280 8
265 281 9
266 227 5
266 231 7
266 233 7
266 237 6
266 240 5
266 241 5
266 242 5
266 243 6
266 244 7
266 247 4
266 248 4
266 249 4
266 253 5
266 257 9
266 258 4
266 262 4
266 269 9
266 276 9
266 277 9
266 278 8
266 279 8
266 281 7
267 219 2
267 232 4
267 233 4
267 235 4
267 236 6
267 237 6
267 239 3
267 240 3
267 241 3
267 242 6
267 243 3
267 247 6
267 248 4
267 250 4
267 252 4
267 253 5
267 254 5
267 255 5
267 256 5
267 261 7
267 263 6
267 267 7
267 268 1
267 269 9
267 270 8
267 272 9
267 273 9
267 278 8
267 285 6
268 221 2
268 223 2
268 225 4
268 226 5
268 229 5
268 231 7
268 232 7
268 233 7
268 234 4
268 235 4
268 236 4
268 237 4
268 239 4
268 240 4
268 248 4
268 253 5
268 254 5
268 255 4
268 258 6
268 260 4
268 262 4
268 263 4
268 265 7
268 268 9
268 269 8
268 270 7
268 272 9
268 273 9
268 274 9
268 279 8
269 224 2
269 225 4
269 226 4
269 233 4
269 235 4
269 236 4
269 241 3
269 249 5
269 254 5
269 255 5
269 256 9
269 257 9
269 260 7
269 265 6
269 266 6
269 268 1
269 277 8
270 219 1
270 222 2
270 224 4
270 227 4
270 230 4
270 233 4
270 235 4
270 236 5
270 237 4
270 239 4
270 240 3
270 241 5
270 242 5
270 243 5
270 245 5
270 246 6
270 251 7
270 252 7
270 255 9
270 257 9
270 259 7
270 260 7
270 264 7
270 267 8
270 268 8
270 270 9
270 271 7
270 272 7
270 273 7
270 278 7
270 281 9
270 282 9
271 219 1
271 220 2
271 221 2
271 226 5
271 231 4
271 240 3
271 241 5
271 242 5
271 243 5
271 245 5
271 253 7
271 254 7
271 257 9
271 258 9
271 262 7
271 263 7
271 266 8
271 268 7
271 271 9
271 277 8
271 278 8
271 279 9
271 280 9
272 219 2
272 223 4
272 224 4
272 226 5
272 227 5
272 228 5
272 229 3
272 232 4
272 234 4
272 235 4
272 238 7
272 245 5
272 253 7
272 255 7
272 257 9
272 258 9
272 259 9
272 265 7
272 266 9
272 269 7
272 272 8
272 276 7
272 278 9
272 279 9
272 280 9
272 281 9
272 282 9
273 221 3
273 223 4
273 224 4
273 225 5
273 232 4
273 234 4
273 236 7
273 237 7
273 238 5
273 239 5
273 241 7
273 242 5
273 243 5
273 246 9
273 247 9
273 251 9
273 252 7
273 253 9
273 257 9
273 266 5
273 267 8
274 225 5
274 235 5
274 237 7
274 239 7
274 241 5
274 242 5
274 243 5
274 246 5
274 247 5
274 249 9
274 250 9
274 253 7
274 254 9
274 255 9
274 258 9
274 260 9
274 261 9
274 262 9
274 265 8
274 274 3
274 278 9
275 222 3
275 224 3
275 225 3
275 228 5
275 229 5
275 234 4
275 236 7
275 238 7
275 239 7
275 242 5
275 243 5
275 244 5
275 245 9
275 246 9
275 250 8
275 251 9
275 254 6
275 256 3
275 259 7
275 265 8
275 267 8
275 269 4
276 223 3
276 224 3
276 227 3
276 228 5
276 230 4
276 232 4
276 233 3
276 234 3
276 236 7
276 237 7
276 238 7
276 247 9
276 248 9
276 249 9
276 251 9
276 252 9
276 255 7
276 259 9
276 260 7
276 262 7
276 266 8
276 267 6
276 271 4
276 273 3
276 274 4
277 222 5
277 224 3
277 226 3
277 228 5
277 229 4
277 230 4
277 232 3
277 233 3
277 234 3
277 235 4
277 237 9
277 245 9
277 246 8
277 248 9
277 252 8
277 253 9
277 256 7
277 258 7
277 262 7
277 266 5
277 267 6
277 271 9
277 272 4
277 275 3
278 222 5
278 224 5
278 228 5
278 229 4
278 230 4
278 232 3
278 234 3
278 235 3
278 236 5
278 237 7
278 242 5
278 245 9
278 249 7
278 252 7
278 256 7
278 257 7
278 261 7
278 265 8
278 267 6
278 268 6
278 270 3
278 271 9
278 274 4
278 275 4
279 221 5
279 222 5
279 230 4
279 231 4
279 234 4
279 238 9
279 239 7
279 240 7
279 245 5
279 250 8
279 252 9
279 253 9
279 258 7
279 259 7
279 260 7
279 262 6
279 266 5
279 267 8
279 269 8
279 271 9
279 273 4
279 276 9
280 220 5
280 221 5
280 222 5
280 223 5
280 225 5
280 226 5
280 230 4
280 233 4
280 234 4
280 235 7
280 238 7
280 240 9
280 247 8
280 248 8
280 249 9
280 252 7
280 256 7
280 262 6
280 265 8
280 267 8
280 269 8
280 270 6
280 272 4
280 273 9
281 221 5
281 230 4
281 232 4
281 233 4
281 237 7
281 239 7
281 241 7
281 243 9
281 244 8
281 246 8
281 247 8
281 248 8
281 250 9
281 251 9
281 253 9
281 254 9
281 255 9
281 257 9
281 258 6
281 260 6
281 261 9
281 262 6
281 265 8
281 267 8
281 268 8
281 269 9
281 270 8
281 272 9
281 275 4
282 220 5
282 221 4
282 223 5
282 224 5
282 225 5
282 226 5
282 229 7
282 233 7
282 234 7
282 236 8
282 238 8
282 240 8
282 241 8
282 248 8
282 252 9
282 253 9
282 256 6
282 257 9
282 258 7
282 259 7
282 260 6
282 261 9
282 264 8
282 269 9
282 270 6
282 271 9
282 275 4
283 223 5
283 226 7
283 227 7
283 228 7
283 234 7
283 236 9
283 238 8
283 243 9
283 245 8
283 246 8
283 247 8
283 249 9
283 252 7
283 253 9
283 255 6
283 256 9
283 257 9
283 261 9
283 262 9
283 263 9
283 267 7
283 269 8
284 221 5
284 228 7
284 234 5
284 235 8
284 237 8
284 239 9
284 242 9
284 244 9
284 245 8
284 246 8
284 253 7
284 258 9
284 261 9
284 262 9
284 265 8
284 267 9
284 269 7
285 226 7
285 235 9
285 236 8
285 237 8
285 239 8
285 242 8
285 244 9
285 245 8
285 246 8
285 247 8
285 248 8
285 252 9
285 254 9
285 257 9
285 259 9
285 260 9
285 261 9
285 262 9
285 268 9
286 229 7
286 231 7
286 236 8
286 237 8
286 238 9
286 241 8
286 242 8
286 244 8
286 245 8
286 248 8
286 249 8
286 250 9
286 254 9
286 255 9
286 257 9
286 260 9
286 261 9
286 265 9
286 266 9
286 267 7
286 268 9
287 230 3
287 231 3
287 239 8
287 240 6
287 245 6
287 247 9
287 248 9
287 249 9
287 252 9
287 253 9
287 254 9
287 256 9
287 257 9
287 258 9
287 261 8
287 262 8
287 263 9
287 268 9
287 269 9
288 232 7
288 241 8
288 243 8
288 246 9
288 247 9
288 249 9
288 252 9
288 260 9
288 263 8
288 264 8
288 267 8
289 238 8
289 239 8
289 242 6
289 244 6
289 245 9
289 246 6
289 249 8
289 251 9
289 258 9
289 261 8
289 263 8
289 264 9
289 266 8
289 268 9
290 238 8
290 239 8
290 240 8
290 242 8
290 250 8
290 251 9
290 254 9
290 264 8
290 265 8
290 267 8
291 241 8
291 242 8
291 243 8
291 244 8
291 247 8
291 248 8
291 249 8
291 250 8
291 252 8
291 255 9
291 257 9
291 258 9
291 259 9
291 266 8
291 267 8
292 241 8
292 242 8
292 244 8
292 245 7
292 246 7
292 248 8
292 249 9
292 252 8
292 253 9
292 254 9
292 256 9
292 264 8
292 265 8
292 266 8
292 268 8
293 237 8
293 240 8
293 241 8
293 243 8
293 246 8
293 249 8
293 253 8
293 254 8
293 255 9
293 256 9
293 257 9
294 242 8
294 245 8
294 246 8
294 248 9
294 249 8
294 255 9
295 238 8
295 241 8
295 242 9
295 244 8
295 246 8
295 247 8
295 249 8
295 250 8
295 254 9
295 256 9
296 239 7
296 242 8
296 243 8
296 245 9
296 246 8
297 238 8
297 239 8
297 242 9
297 243 9
297 244 9
297 245 9
297 247 8
297 248 8
297 249 8
297 250 8
298 244 9
298 246 8
298 247 8
298 250 8
299 241 9
299 242 8
299 244 9
299 246 8
299 248 9
300 240 7
300 241 9
300 244 8
300 245 9
300 246 9
300 247 8
300 248 9
300 249 8
300 250 9
301 244 9
301 248 8
302 238 7
302 244 9
