512
204 252 9
204 253 4
204 254 4
204 258 4
204 259 4
205 252 7
205 254 4
205 256 4
205 257 4
205 259 4
205 260 2
206 248 8
206 250 7
206 251 7
206 252 8
206 254 4
206 255 4
206 257 4
206 259 4
206 275 4
206 278 7
207 251 8
207 252 8
207 253 4
207 254 4
207 257 4
207 260 2
207 261 2
207 262 4
207 264 4
207 266 2
207 273 4
208 241 9
208 242 9
208 249 8
208 251 8
208 258 4
208 260 4
208 265 2
208 266 2
208 267 2
208 274 7
209 241 9
209 243 9
209 248 8
209 249 8
209 251 8
209 253 4
209 254 4
209 256 4
209 258 4
209 259 4
209 260 4
209 264 2
209 265 2
209 269 2
210 243 9
210 244 9
210 245 9
210 252 8
210 258 4
210 260 4
210 262 3
210 268 4
210 269 4
210 270 4
210 271 4
210 273 7
210 274 7
210 281 8
210 282 7
210 283 8
210 285 8
211 241 9
211 242 9
211 243 9
211 245 8
211 246 9
211 248 8
211 260 3
211 261 4
211 264 3
211 265 5
211 271 4
211 272 3
211 273 3
211 275 7
211 281 8
211 282 8
211 283 8
211 284 7
212 246 9
212 248 8
212 253 4
212 258 4
212 262 4
212 263 3
212 264 3
212 266 5
212 267 5
212 268 4
212 269 4
212 271 4
212 272 4
212 274 7
212 275 6
212 276 8
212 277 7
212 279 7
212 280 7
212 281 8
212 282 8
212 283 8
212 284 7
212 285 7
213 236 8
213 238 8
213 243 9
213 244 9
213 245 9
213 246 9
213 247 8
213 248 8
213 250 4
213 252 4
213 253 4
213 256 4
213 257 4
213 258 5
213 262 4
213 264 5
213 266 5
213 271 7
213 272 5
213 273 5
213 277 8
213 278 8
213 280 8
213 283 7
214 224 7
214 227 7
214 231 8
214 238 8
214 244 9
214 246 9
214 253 4
214 257 4
214 259 8
214 260 4
214 262 5
214 266 5
214 267 5
214 268 5
214 270 5
214 271 8
214 275 7
214 277 7
214 278 7
214 279 7
214 280 7
214 286 1
215 225 7
215 228 7
215 235 8
215 236 8
215 237 8
215 239 9
215 241 9
215 244 9
215 245 7
215 246 9
215 249 8
215 250 9
215 251 8
215 252 8
215 254 9
215 255 4
215 257 5
215 261 3
215 263 5
215 265 5
215 266 5
215 267 5
215 270 5
215 272 8
215 273 8
215 274 8
215 275 7
215 277 8
215 278 7
215 280 8
215 282 7
215 286 1
216 223 7
216 225 7
216 229 7
216 231 8
216 232 8
216 236 8
216 239 8
216 240 8
216 241 9
216 242 8
216 245 9
216 247 9
216 249 9
216 250 9
216 251 9
216 252 8
216 253 8
216 255 8
216 256 5
216 260 5
216 261 5
216 266 5
216 269 4
216 271 8
216 273 8
216 276 7
216 277 8
216 282 8
217 223 6
217 225 7
217 228 7
217 230 7
217 231 8
217 235 8
217 236 8
217 237 8
217 238 8
217 239 8
217 240 8
217 244 8
217 249 9
217 250 9
217 251 9
217 253 8
217 254 4
217 259 5
217 260 5
217 262 5
217 272 8
217 275 7
217 276 8
217 278 8
217 279 8
217 282 8
218 224 7
218 228 7
218 231 8
218 232 8
218 236 8
218 237 9
218 238 9
218 240 8
218 241 8
218 242 7
218 243 8
218 250 5
218 252 5
218 253 8
218 254 8
218 256 5
218 258 5
218 259 5
218 264 5
218 265 6
218 266 5
218 267 6
218 268 5
218 269 4
218 270 5
218 271 6
218 273 8
218 275 8
218 280 8
218 281 8
218 282 8
219 224 7
219 228 7
219 229 7
219 230 7
219 231 10
219 232 8
219 233 8
219 237 8
219 239 8
219 240 6
219 244 9
219 245 7
219 248 7
219 251 9
219 253 4
219 255 8
219 260 5
219 262 5
219 264 5
219 266 6
219 267 6
219 269 4
219 273 8
219 274 2
219 276 8
219 277 8
219 278 8
219 279 8
219 280 7
220 221 7
220 222 7
220 226 7
220 227 7
220 228 7
220 229 7
220 233 7
220 236 9
220 238 9
220 243 7
220 249 5
220 251 5
220 252 4
220 254 4
220 256 7
220 257 3
220 262 5
220 263 5
220 264 5
220 266 5
220 270 5
220 272 8
220 274 8
220 277 8
220 281 7
220 288 2
221 227 7
221 230 7
221 233 9
221 234 8
221 235 7
221 237 8
221 241 8
221 242 8
221 243 7
221 244 9
221 245 8
221 251 5
221 252 5
221 256 7
221 259 6
221 262 4
221 267 5
221 268 6
221 272 6
221 273 8
221 277 8
221 280 7
221 288 2
221 289 2
222 223 5
222 225 7
222 227 7
222 230 10
222 234 10
222 238 9
222 240 8
222 241 8
222 243 8
222 244 9
222 248 9
222 251 7
222 252 7
222 254 7
222 255 7
222 256 7
222 260 5
222 263 5
222 269 5
222 272 2
222 277 8
222 278 8
222 280 8
222 281 7
222 288 2
222 290 2
223 222 7
223 224 5
223 225 7
223 226 7
223 229 10
223 230 10
223 232 9
223 234 6
223 240 8
223 244 8
223 245 9
223 248 9
223 249 9
223 253 7
223 254 7
223 255 7
223 258 7
223 259 6
223 261 4
223 268 6
223 273 2
223 274 8
223 278 8
223 280 8
223 287 2
223 288 2
223 290 2
224 221 7
224 224 5
224 225 7
224 228 10
224 229 10
224 232 10
224 237 9
224 242 9
224 247 9
224 252 7
224 253 6
224 254 6
224 255 8
224 258 8
224 259 4
224 269 7
224 276 6
224 281 7
224 283 7
224 288 2
225 222 7
225 223 7
225 225 7
225 231 6
225 232 8
225 233 10
225 235 6
225 236 8
225 237 8
225 239 9
225 243 9
225 244 6
225 248 7
225 257 8
225 259 5
225 260 5
225 262 5
225 267 6
225 273 2
225 274 7
225 280 8
225 283 7
225 286 2
225 287 2
225 288 2
225 290 2
226 223 7
226 224 7
226 225 7
226 229 5
226 231 6
226 232 10
226 240 9
226 241 8
226 244 6
226 246 7
226 251 7
226 252 7
226 253 5
226 254 7
226 257 8
226 258 4
226 259 6
226 264 8
226 266 6
226 267 7
226 274 6
226 278 6
226 279 7
226 280 7
226 281 7
226 282 7
226 287 2
226 289 2
226 293 5
227 221 5
227 224 7
227 225 6
227 231 6
227 241 7
227 243 7
227 247 8
227 249 7
227 250 7
227 253 9
227 255 7
227 256 9
227 257 5
227 258 4
227 259 5
227 260 5
227 265 7
227 266 6
227 267 7
227 269 7
227 270 7
227 271 5
227 273 6
227 275 6
227 277 7
227 278 7
227 280 7
227 281 7
227 286 2
227 287 2
227 289 5
227 290 5
227 292 3
227 293 5
227 294 5
228 221 6
228 222 6
228 226 7
228 228 6
228 230 10
228 231 6
228 232 6
228 233 6
228 237 9
228 238 8
228 240 7
228 241 8
228 242 8
228 245 8
228 248 7
228 249 7
228 250 7
228 252 8
228 259 4
228 261 7
228 262 8
228 264 8
228 266 6
228 269 4
228 271 4
228 277 7
228 280 7
228 285 2
228 290 2
228 291 4
228 292 4
228 293 5
228 294 5
229 221 5
229 224 9
229 227 5
229 230 6
229 233 7
229 238 9
229 239 8
229 240 8
229 245 8
229 246 8
229 248 7
229 249 7
229 252 7
229 254 7
229 255 7
229 256 5
229 260 5
229 262 5
229 267 6
229 269 5
229 270 7
229 271 5
229 278 7
229 279 7
229 281 6
229 283 7
229 284 7
229 286 5
229 288 2
229 289 2
229 294 5
230 218 5
230 219 5
230 220 7
230 223 4
230 224 9
230 229 5
230 230 10
230 231 9
230 232 7
230 233 7
230 235 9
230 236 9
230 237 9
230 238 7
230 240 8
230 241 8
230 248 7
230 253 7
230 254 7
230 255 7
230 256 5
230 257 7
230 259 5
230 267 7
230 268 7
230 270 4
230 271 5
230 272 5
230 276 7
230 278 7
230 279 0
230 280 7
230 287 3
230 290 4
230 291 5
230 293 3
230 294 3
230 295 3
230 297 5
231 218 7
231 220 5
231 221 8
231 222 7
231 223 9
231 225 4
231 230 8
231 232 9
231 233 9
231 234 9
231 235 9
231 236 7
231 241 8
231 242 8
231 244 6
231 249 6
231 250 8
231 253 9
231 254 7
231 258 9
231 259 5
231 260 5
231 262 6
231 266 7
231 269 7
231 274 4
231 275 7
231 277 7
231 288 5
231 289 1
231 290 4
231 295 3
231 296 4
232 217 5
232 218 7
232 219 8
232 220 8
232 225 4
232 228 9
232 232 10
232 233 9
232 245 9
232 250 6
232 251 9
232 252 8
232 253 7
232 254 7
232 257 9
232 258 9
232 260 5
232 266 7
232 268 7
232 279 0
232 291 4
232 295 3
233 223 4
233 234 9
233 244 6
233 245 6
233 247 6
233 252 9
233 253 8
233 255 9
233 263 6
233 266 7
233 275 7
233 277 1
233 285 2
233 286 1
233 287 1
233 290 4
233 291 4
233 295 3
233 296 4
233 297 2
233 298 5
233 300 3
234 216 9
234 218 9
234 220 9
234 226 6
234 227 10
234 228 10
234 230 8
234 231 9
234 235 8
234 236 8
234 239 7
234 241 7
234 242 7
234 245 6
234 247 8
234 248 8
234 249 8
234 253 9
234 254 9
234 256 9
234 257 7
234 259 7
234 264 7
234 265 7
234 268 7
234 271 4
234 272 6
234 273 4
234 280 6
234 281 6
234 283 5
234 284 1
234 290 5
234 291 5
234 292 3
234 294 3
234 297 2
235 214 9
235 218 9
235 219 8
235 222 9
235 225 9
235 228 7
235 230 8
235 231 7
235 239 7
235 240 8
235 241 7
235 255 9
235 257 7
235 258 7
235 261 6
235 263 7
235 266 7
235 272 6
235 273 6
235 274 6
235 275 6
235 277 6
235 279 6
235 285 3
235 287 0
235 289 5
235 291 5
235 292 5
235 294 5
235 295 4
235 296 5
235 297 2
236 215 9
236 218 9
236 223 9
236 226 10
236 227 10
236 235 8
236 239 7
236 241 10
236 245 8
236 246 8
236 249 8
236 251 8
236 252 9
236 255 9
236 256 7
236 258 7
236 259 7
236 269 7
236 270 6
236 272 6
236 277 5
236 278 5
236 279 5
236 280 6
236 281 6
236 291 3
236 294 3
236 296 5
236 300 3
237 214 9
237 215 9
237 216 8
237 219 8
237 224 7
237 229 10
237 231 9
237 232 9
237 234 8
237 236 8
237 238 8
237 239 10
237 242 10
237 247 8
237 254 9
237 255 10
237 256 10
237 261 6
237 262 4
237 263 6
237 265 5
237 266 7
237 268 7
237 272 6
237 273 6
237 281 6
237 282 6
237 287 0
237 289 0
237 290 5
237 291 0
237 295 4
237 296 4
237 298 4
237 299 4
238 213 9
238 217 9
238 218 9
238 222 8
238 226 10
238 227 10
238 229 7
238 231 9
238 234 8
238 236 10
238 239 10
238 248 8
238 249 8
238 251 10
238 254 9
238 255 10
238 274 6
238 275 6
238 276 4
238 279 6
238 280 6
238 281 6
238 285 0
238 287 0
238 290 4
238 293 4
238 295 3
238 296 4
239 224 7
239 229 10
239 231 6
239 232 8
239 233 9
239 238 10
239 239 10
239 240 10
239 243 8
239 244 8
239 246 7
239 254 9
239 255 10
239 256 9
239 262 7
239 263 4
239 278 6
239 283 1
239 286 1
239 287 0
239 289 0
239 290 0
239 292 4
240 213 8
240 214 8
240 216 7
240 218 7
240 222 8
240 226 7
240 227 7
240 233 8
240 234 8
240 235 8
240 236 8
240 237 9
240 241 8
240 242 8
240 243 7
240 245 7
240 246 7
240 247 8
240 249 8
240 252 10
240 257 10
240 258 10
240 259 7
240 260 6
240 261 4
240 262 7
240 264 7
240 268 6
240 269 5
240 270 7
240 272 7
240 273 7
240 275 4
240 276 4
240 285 1
240 288 1
240 290 3
240 293 4
241 212 8
241 213 8
241 216 7
241 218 7
241 223 8
241 224 7
241 235 8
241 237 8
241 238 8
241 241 9
241 242 9
241 244 7
241 247 7
241 248 8
241 250 8
241 251 9
241 252 9
241 262 7
241 263 7
241 264 7
241 265 5
241 266 7
241 267 5
241 273 7
241 275 4
241 276 4
241 277 3
241 279 5
241 280 4
241 286 1
241 288 4
241 289 4
241 290 4
241 291 4
241 292 4
241 293 4
242 209 7
242 210 7
242 212 7
242 213 8
242 215 7
242 216 7
242 218 7
242 219 7
242 223 8
242 224 8
242 227 8
242 233 8
242 234 7
242 235 7
242 239 8
242 240 9
242 242 9
242 243 7
242 244 9
242 245 8
242 246 7
242 248 7
242 249 7
242 254 100000
242 257 10
242 258 9
242 260 6
242 265 7
242 267 5
242 269 4
242 270 4
242 273 7
242 274 3
242 280 6
242 288 1
242 291 4
242 293 4
243 213 7
243 216 7
243 227 8
243 229 8
243 230 7
243 232 9
243 234 9
243 238 8
243 239 8
243 242 9
243 245 8
243 246 7
243 247 8
243 248 7
243 251 9
243 255 8
243 256 8
243 257 10
243 259 6
243 264 10
243 265 5
243 266 7
243 278 2
243 280 5
243 281 4
243 286 4
243 290 3
243 293 4
244 210 7
244 211 8
244 213 8
244 214 7
244 216 7
244 217 8
244 230 9
244 233 7
244 236 7
244 238 7
244 240 9
244 245 9
244 246 9
244 249 9
244 250 9
244 258 9
244 259 6
244 262 7
244 263 10
244 264 7
244 266 5
244 268 4
244 270 5
244 271 8
244 272 5
244 274 6
244 276 3
244 277 3
244 281 4
244 282 4
244 283 4
244 284 4
244 285 4
244 286 4
244 289 8
244 293 3
245 209 7
245 210 8
245 212 8
245 214 7
245 217 7
245 220 8
245 222 8
245 227 8
245 228 7
245 230 7
245 231 7
245 232 9
245 234 9
245 235 7
245 236 9
245 242 9
245 243 9
245 244 7
245 246 8
245 248 9
245 249 9
245 250 7
245 259 6
245 261 6
245 263 7
245 264 7
245 265 7
245 267 5
245 268 5
245 270 5
245 271 7
245 272 7
245 280 5
245 285 4
245 286 4
245 289 8
245 290 4
245 291 8
245 293 7
245 294 8
245 295 4
246 210 7
246 217 6
246 219 8
246 220 8
246 221 7
246 222 8
246 224 8
246 226 8
246 228 8
246 229 8
246 230 9
246 236 9
246 237 9
246 243 7
246 245 9
246 246 9
246 247 7
246 249 9
246 251 7
246 257 5
246 258 5
246 260 10
246 262 7
246 263 10
246 265 7
246 266 10
246 267 10
246 270 5
246 272 5
246 274 6
246 275 6
246 276 3
246 278 3
246 281 4
246 283 3
246 289 8
246 290 8
246 297 3
246 299 3
247 210 8
247 212 8
247 213 8
247 214 8
247 217 5
247 219 8
247 220 8
247 221 8
247 225 7
247 226 7
247 228 8
247 231 9
247 233 7
247 237 9
247 238 8
247 239 8
247 240 8
247 246 9
247 253 10
247 255 5
247 264 10
247 269 5
247 270 7
247 278 5
247 287 3
247 291 8
247 293 2
247 294 8
247 295 2
247 297 3
248 218 7
248 219 7
248 220 7
248 224 8
248 225 8
248 226 8
248 227 8
248 232 9
248 236 9
248 238 8
248 242 8
248 244 8
248 245 9
248 247 9
248 248 8
248 251 9
248 252 7
248 255 5
248 256 10
248 258 6
248 259 6
248 260 10
248 261 10
248 266 10
248 269 5
248 271 7
248 272 5
248 276 7
248 277 8
248 278 7
248 281 4
248 284 8
248 291 8
248 292 8
248 293 4
248 294 2
249 213 8
249 214 8
249 215 8
249 216 8
249 217 8
249 218 8
249 221 8
249 224 8
249 225 8
249 227 8
249 228 4
249 229 8
249 230 9
249 231 6
249 234 5
249 235 9
249 237 8
249 243 8
249 246 9
249 247 9
249 248 9
249 249 8
249 252 10
249 254 10
249 256 10
249 257 6
249 258 10
249 259 6
249 260 10
249 263 10
249 264 10
249 265 10
249 266 10
249 267 10
249 272 4
249 274 7
249 275 7
249 281 4
249 285 4
249 286 3
249 293 7
249 297 2
249 300 4
250 215 8
250 216 8
250 217 8
250 218 8
250 219 8
250 220 8
250 222 3
250 224 8
250 225 8
250 226 8
250 227 4
250 231 5
250 234 8
250 242 8
250 263 10
250 264 10
250 269 5
250 273 8
250 274 7
250 277 7
250 278 7
250 281 3
250 292 7
250 297 4
251 213 8
251 214 5
251 215 8
251 226 8
251 228 8
251 229 8
251 236 10
251 239 10
251 240 10
251 242 8
251 243 8
251 244 6
251 245 7
251 250 6
251 257 6
251 260 10
251 261 10
251 263 10
251 265 10
251 267 9
251 274 4
251 275 4
251 277 7
251 279 6
251 280 7
251 285 8
251 286 8
251 287 4
251 288 4
251 289 4
251 290 4
251 291 4
251 292 7
251 293 4
251 295 4
251 297 4
251 299 4
251 300 8
251 302 8
252 218 8
252 222 8
252 224 8
252 228 5
252 235 5
252 240 9
252 242 8
252 244 6
252 248 10
252 249 6
252 252 9
252 253 6
252 254 9
252 256 6
252 257 6
252 260 10
252 261 10
252 265 10
252 268 9
252 269 9
252 272 5
252 273 5
252 275 8
252 277 8
252 278 7
252 280 6
252 282 7
252 289 7
252 291 4
252 293 4
252 294 4
252 296 4
252 297 3
252 299 3
252 301 8
253 212 5
253 217 8
253 219 3
253 220 4
253 224 4
253 226 4
253 227 5
253 228 5
253 236 5
253 238 10
253 240 10
253 241 8
253 243 8
253 244 6
253 245 6
253 248 5
253 251 6
253 256 6
253 258 6
253 259 6
253 264 10
253 266 10
253 267 10
253 269 9
253 271 4
253 273 4
253 276 4
253 277 4
253 278 7
253 280 7
253 281 6
253 283 7
253 284 8
253 285 7
253 291 4
253 296 3
253 297 3
253 300 8
253 302 8
254 212 5
254 219 3
254 228 5
254 229 5
254 230 5
254 231 5
254 234 5
254 236 5
254 243 8
254 245 8
254 247 8
254 249 6
254 252 6
254 253 6
254 254 6
254 257 6
254 259 6
254 265 10
254 266 10
254 270 9
254 273 5
254 277 8
254 281 7
254 282 7
254 283 7
254 285 7
254 297 4
254 298 3
254 300 8
254 302 8
254 303 8
255 218 3
255 219 3
255 220 3
255 221 2
255 227 5
255 232 4
255 233 8
255 234 3
255 243 8
255 244 8
255 245 6
255 246 8
255 248 5
255 249 5
255 250 5
255 257 9
255 259 10
255 260 6
255 267 5
255 268 5
255 272 5
255 273 5
255 276 4
255 277 7
255 285 7
255 286 4
255 287 4
255 289 7
255 291 6
255 292 5
255 293 6
255 296 3
255 297 6
256 215 5
256 216 5
256 217 5
256 220 2
256 221 2
256 223 3
256 225 3
256 226 5
256 232 4
256 242 6
256 244 8
256 245 6
256 246 8
256 250 6
256 252 6
256 257 9
256 258 9
256 260 10
256 261 10
256 262 10
256 267 9
256 269 9
256 272 5
256 273 5
256 274 7
256 275 7
256 276 7
256 277 7
256 279 8
256 280 8
256 281 8
256 282 8
256 284 4
256 286 7
256 289 7
256 297 5
256 298 8
256 299 8
256 300 8
256 301 7
256 303 8
257 215 5
257 216 5
257 221 2
257 226 5
257 227 5
257 228 5
257 230 5
257 231 8
257 232 8
257 236 8
257 241 5
257 249 5
257 251 5
257 263 10
257 264 7
257 265 2
257 266 5
257 267 5
257 268 5
257 269 10
257 274 5
257 276 7
257 277 7
257 278 8
257 280 7
257 282 6
257 283 7
257 284 4
257 285 4
257 286 4
257 287 7
257 295 5
257 296 5
257 300 8
257 301 7
257 302 7
258 215 5
258 217 5
258 225 6
258 227 3
258 228 5
258 229 6
258 230 6
258 232 6
258 233 8
258 236 5
258 243 5
258 244 5
258 245 5
258 252 6
258 259 9
258 260 9
258 263 7
258 264 10
258 265 7
258 266 2
258 270 5
258 272 2
258 274 3
258 276 9
258 277 8
258 278 9
258 280 7
258 281 8
258 284 7
258 286 7
258 289 6
258 290 5
258 291 5
258 296 7
258 297 8
258 298 6
258 300 8
258 301 7
259 214 5
259 218 5
259 220 5
259 222 2
259 226 3
259 229 3
259 230 6
259 231 5
259 236 4
259 238 5
259 242 5
259 244 5
259 245 5
259 247 5
259 252 6
259 259 10
259 260 9
259 261 9
259 262 9
259 266 6
259 267 7
259 268 6
259 272 3
259 276 8
259 279 8
259 280 7
259 284 7
259 285 7
259 287 8
259 289 5
259 291 5
259 292 5
259 293 5
259 295 7
259 296 6
259 297 7
259 299 8
259 300 7
260 215 5
260 221 2
260 226 5
260 230 6
260 233 8
260 234 8
260 237 5
260 239 4
260 245 5
260 246 5
260 247 5
260 249 5
260 250 5
260 257 7
260 260 6
260 263 6
260 269 3
260 271 2
260 273 8
260 275 8
260 278 8
260 279 7
260 283 7
260 285 7
260 287 8
260 290 5
260 293 7
261 215 4
261 218 5
261 219 3
261 220 3
261 222 4
261 225 3
261 226 5
261 227 5
261 228 5
261 229 3
261 236 6
261 237 4
261 242 5
261 246 5
261 256 4
261 261 3
261 262 2
261 265 6
261 266 5
261 269 3
261 270 3
261 271 8
261 273 8
261 277 8
261 278 9
261 283 7
261 285 7
261 286 8
261 295 7
261 296 7
261 297 7
262 213 4
262 217 2
262 219 2
262 220 5
262 221 4
262 224 2
262 228 6
262 234 5
262 236 6
262 238 6
262 247 6
262 249 5
262 251 5
262 253 4
262 255 4
262 256 4
262 257 4
262 258 7
262 259 3
262 265 2
262 266 2
262 268 2
262 269 3
262 271 8
262 272 9
262 273 3
262 274 9
262 275 8
262 276 8
262 278 8
262 280 7
262 287 8
262 289 8
262 290 8
262 291 7
262 295 8
262 296 8
262 297 7
263 214 1
263 215 2
263 216 4
263 217 4
263 218 4
263 219 3
263 222 2
263 223 2
263 227 3
263 229 6
263 234 3
263 236 6
263 239 4
263 240 5
263 242 5
263 243 5
263 249 5
263 250 5
263 251 5
263 252 5
263 253 5
263 254 5
263 257 4
263 258 6
263 259 3
263 262 3
263 264 7
263 271 9
263 274 9
263 275 5
263 276 5
263 277 4
263 280 8
263 283 8
263 287 8
263 290 8
263 292 8
263 293 8
263 295 8
263 297 6
263 298 6
263 300 7
264 221 2
264 222 2
264 224 3
264 228 3
264 234 3
264 235 3
264 238 6
264 239 7
264 241 5
264 244 6
264 245 5
264 248 6
264 251 5
264 254 4
264 258 4
264 259 3
264 263 6
264 265 6
264 266 9
264 268 9
264 270 8
264 273 7
264 274 7
264 276 8
264 278 8
264 279 9
264 280 8
264 281 9
264 287 8
264 288 8
264 295 7
264 297 7
265 211 1
265 213 1
265 215 1
265 216 2
265 217 1
265 218 1
265 219 1
265 222 2
265 224 3
265 229 7
265 234 3
265 235 4
265 247 5
265 248 6
265 251 6
265 256 4
265 258 6
265 260 2
265 261 2
265 264 6
265 266 7
265 270 9
265 274 9
265 277 8
265 279 9
265 282 8
265 283 9
265 291 8
265 292 8
265 293 8
265 295 8
265 296 8
266 209 1
266 213 1
266 215 1
266 217 1
266 218 1
266 219 1
266 221 2
266 222 2
266 223 2
266 224 7
266 225 7
266 228 3
266 234 4
266 235 4
266 239 7
266 240 5
266 245 5
266 246 6
266 247 6
266 251 6
266 255 5
266 259 3
266 261 2
266 263 7
266 264 6
266 265 7
266 273 7
266 274 5
266 276 8
266 277 9
266 278 8
266 279 9
266 280 9
266 281 9
266 282 6
266 284 6
266 285 6
266 291 8
266 293 8
267 208 1
267 209 1
267 213 1
267 215 1
267 216 1
267 219 2
267 222 2
267 223 2
267 224 2
267 227 7
267 228 6
267 229 6
267 235 6
267 238 7
267 240 4
267 242 5
267 246 4
267 249 6
267 256 3
267 268 7
267 269 8
267 273 3
267 275 9
267 276 9
267 277 9
267 279 9
267 280 9
267 282 6
267 284 6
267 285 6
267 286 6
267 287 6
268 207 1
268 210 2
268 213 2
268 214 2
268 217 1
268 219 1
268 220 2
268 224 2
268 225 7
268 226 6
268 229 6
268 230 6
268 232 7
268 237 4
268 238 4
268 242 5
268 247 4
268 251 6
268 255 5
268 256 5
268 259 5
268 264 6
268 266 8
268 267 8
268 268 8
268 269 8
268 270 7
268 272 9
268 273 7
268 277 7
268 278 6
268 279 9
268 281 9
268 284 6
268 285 6
269 208 1
269 210 1
269 213 1
269 214 1
269 215 0
269 216 2
269 217 1
269 218 1
269 220 1
269 221 2
269 223 2
269 229 7
269 231 7
269 233 4
269 234 4
269 237 4
269 238 4
269 241 5
269 243 5
269 244 4
269 246 6
269 251 5
269 253 5
269 254 5
269 256 2
269 257 2
269 259 3
269 260 6
269 266 6
269 267 8
269 268 7
269 270 8
269 272 9
269 275 7
269 276 9
269 277 9
269 279 9
269 283 6
270 211 1
270 215 1
270 217 2
270 218 1
270 219 1
270 221 1
270 227 6
270 229 6
270 230 3
270 234 6
270 235 2
270 239 5
270 240 5
270 244 6
270 245 6
270 246 5
270 248 5
270 249 5
270 253 2
270 254 2
270 256 3
270 259 7
270 260 5
270 261 7
270 265 6
270 269 7
270 270 7
270 272 7
270 273 7
270 274 7
270 275 9
270 276 7
270 277 9
270 279 6
270 280 8
270 281 8
270 284 6
271 212 1
271 213 2
271 214 2
271 215 2
271 216 2
271 220 1
271 221 1
271 222 1
271 227 7
271 229 3
271 234 7
271 235 2
271 236 4
271 240 5
271 241 5
271 242 5
271 245 6
271 247 5
271 249 5
271 250 5
271 251 5
271 253 3
271 254 9
271 257 5
271 259 3
271 260 3
271 261 6
271 262 6
271 264 6
271 265 6
271 266 6
271 269 7
271 271 7
271 278 6
271 279 6
271 280 7
272 214 1
272 216 1
272 218 2
272 219 2
272 221 1
272 222 1
272 226 3
272 228 5
272 233 7
272 235 7
272 238 4
272 240 5
272 243 6
272 246 4
272 248 5
272 255 9
272 258 5
272 259 5
272 261 6
272 269 7
272 270 7
272 271 8
272 272 9
272 277 6
272 278 6
272 280 6
273 213 2
273 215 2
273 217 1
273 220 1
273 221 3
273 225 3
273 230 5
273 232 2
273 235 4
273 236 2
273 246 5
273 247 5
273 252 9
273 253 5
273 260 6
273 265 9
273 268 7
273 274 9
273 281 6
273 283 6
274 212 2
274 214 2
274 215 2
274 219 1
274 223 3
274 229 7
274 231 3
274 234 2
274 236 2
274 237 2
274 239 4
274 244 4
274 245 4
274 250 5
274 253 9
274 260 5
274 261 6
274 265 6
274 269 7
274 271 8
274 273 8
274 278 9
274 280 8
274 282 8
274 283 8
274 284 8
275 212 2
275 224 5
275 227 5
275 228 6
275 229 7
275 230 3
275 232 7
275 235 3
275 239 4
275 240 7
275 241 7
275 245 4
275 247 4
275 248 4
275 250 3
275 251 8
275 255 8
275 256 8
275 258 7
275 261 5
275 266 8
275 271 8
275 277 8
275 279 8
275 281 8
275 286 8
275 288 8
275 289 9
275 290 9
276 215 2
276 223 3
276 228 6
276 229 5
276 230 3
276 232 3
276 234 3
276 235 2
276 238 6
276 240 6
276 241 4
276 243 4
276 247 4
276 249 5
276 250 8
276 251 8
276 254 8
276 255 8
276 257 7
276 259 7
276 260 7
276 261 6
276 263 6
276 265 6
276 267 6
276 268 9
276 274 6
276 275 6
276 278 8
276 283 8
276 285 8
276 286 9
276 287 7
276 288 9
276 290 9
277 216 4
277 219 5
277 225 5
277 227 5
277 228 2
277 230 3
277 232 2
277 234 3
277 237 6
277 239 2
277 242 5
277 243 3
277 244 4
277 245 4
277 246 4
277 250 8
277 252 8
277 255 8
277 263 6
277 267 8
277 268 8
277 269 8
277 271 8
277 272 6
277 273 7
277 277 8
277 280 8
277 289 8
277 291 9
278 214 4
278 222 3
278 224 5
278 227 1
278 228 2
278 229 2
278 230 3
278 231 2
278 234 3
278 235 2
278 236 2
278 237 2
278 238 6
278 239 6
278 241 6
278 242 6
278 247 4
278 249 8
278 250 8
278 256 8
278 257 8
278 258 7
278 265 8
278 266 8
278 267 9
278 268 9
278 269 9
278 270 9
278 273 7
278 276 6
278 279 8
278 289 9
279 214 4
279 215 4
279 222 3
279 226 5
279 227 5
279 228 5
279 229 2
279 231 3
279 232 2
279 240 5
279 242 6
279 249 8
279 250 8
279 252 8
279 254 8
279 256 8
279 260 7
279 261 7
279 262 5
279 263 8
279 265 8
279 266 8
279 268 8
279 272 7
279 278 8
279 279 8
279 286 9
280 214 4
280 220 4
280 228 3
280 229 3
280 234 3
280 236 2
280 238 7
280 241 6
280 242 6
280 245 4
280 247 3
280 249 8
280 250 8
280 251 8
280 254 7
280 257 6
280 258 6
280 259 7
280 261 9
280 262 9
280 265 8
280 266 8
280 274 6
280 275 5
280 278 4
280 281 4
280 286 6
281 214 4
281 218 4
281 221 4
281 223 4
281 228 4
281 231 2
281 232 2
281 235 3
281 237 6
281 238 7
281 241 6
281 242 6
281 243 3
281 245 3
281 250 8
281 251 7
281 254 6
281 255 7
281 261 8
281 266 8
281 271 6
281 275 6
281 278 4
281 281 4
281 283 4
281 285 4
282 217 4
282 219 4
282 220 4
282 221 4
282 222 4
282 223 4
282 225 5
282 229 2
282 231 2
282 233 3
282 235 2
282 237 7
282 239 6
282 247 2
282 250 8
282 253 7
282 254 6
282 255 9
282 258 7
282 260 7
282 261 9
282 264 9
282 268 8
282 270 9
282 276 5
282 277 5
282 280 4
282 283 4
282 285 4
283 213 3
283 217 4
283 222 3
283 226 8
283 229 3
283 231 3
283 233 3
283 236 6
283 238 7
283 239 8
283 240 8
283 241 8
283 242 7
283 243 7
283 247 7
283 252 8
283 254 6
283 255 7
283 258 7
283 262 5
283 267 8
283 271 6
283 276 5
283 278 5
283 285 4
284 214 4
284 215 4
284 218 4
284 219 4
284 226 3
284 231 3
284 233 8
284 234 8
284 235 6
284 238 5
284 242 8
284 248 7
284 253 8
284 254 6
284 255 9
284 257 9
284 258 6
284 260 9
284 266 8
284 270 7
284 274 9
284 276 4
284 277 5
284 279 5
285 215 3
285 216 4
285 217 4
285 218 4
285 220 4
285 222 4
285 226 8
285 227 8
285 229 3
285 230 8
285 231 8
285 232 8
285 234 3
285 236 3
285 240 8
285 247 8
285 248 8
285 251 8
285 252 6
285 254 8
285 257 8
285 261 9
285 263 9
285 265 8
285 268 8
285 269 7
285 271 7
286 213 3
286 214 4
286 220 4
286 222 3
286 224 3
286 225 3
286 226 8
286 232 8
286 234 8
286 238 5
286 239 5
286 241 8
286 242 8
286 243 8
286 244 8
286 248 7
286 250 6
286 251 6
286 253 6
286 256 8
286 257 8
286 258 7
286 259 8
286 268 9
286 272 8
286 275 4
286 276 4
286 277 4
286 278 4
287 215 4
287 216 4
287 218 4
287 221 4
287 222 3
287 225 3
287 227 8
287 229 8
287 230 8
287 231 8
287 232 8
287 234 3
287 237 8
287 241 7
287 242 6
287 244 6
287 246 7
287 247 7
287 249 8
287 251 6
287 252 6
287 257 8
287 259 8
287 260 8
287 262 8
287 263 8
287 266 9
287 268 8
287 269 7
287 271 9
287 272 9
287 274 5
287 275 5
287 276 5
287 279 4
288 215 4
288 219 4
288 220 4
288 221 3
288 222 3
288 224 3
288 225 3
288 226 8
288 227 3
288 228 8
288 229 8
288 230 8
288 235 8
288 236 8
288 244 6
288 250 6
288 257 9
288 259 8
288 261 8
288 263 8
288 265 9
288 266 8
288 268 9
288 272 8
288 277 4
288 278 9
289 214 4
289 222 4
289 226 7
289 230 8
289 234 8
289 235 8
289 236 8
289 238 8
289 240 8
289 241 8
289 246 6
289 247 6
289 248 6
289 256 7
289 257 9
289 258 7
289 264 8
289 266 6
289 270 9
289 271 9
289 272 9
289 273 9
289 275 5
289 276 9
290 214 4
290 224 7
290 229 7
290 231 8
290 234 8
290 235 8
290 236 8
290 237 8
290 239 8
290 240 7
290 241 7
290 243 6
290 248 8
290 250 8
290 251 7
290 256 8
290 260 8
290 261 8
290 264 8
290 274 9
290 276 9
291 226 7
291 231 7
291 235 8
291 239 7
291 242 7
291 244 7
291 248 6
291 251 8
291 252 7
291 261 8
291 262 9
291 267 9
291 271 9
291 273 9
291 276 9
291 277 9
292 231 8
292 237 7
292 240 5
292 241 7
292 243 6
292 244 7
292 246 8
292 252 7
292 256 8
292 257 8
292 261 8
292 265 8
293 235 8
293 236 7
293 237 7
293 238 7
293 240 7
293 242 7
293 243 7
293 244 7
293 245 6
293 247 7
293 248 8
293 249 8
293 252 8
293 253 8
293 254 8
293 257 8
293 262 8
293 267 9
293 270 9
294 227 6
294 232 5
294 237 7
294 240 7
294 241 6
294 242 5
294 243 7
294 245 6
294 248 8
294 250 8
294 256 8
294 257 8
294 258 7
294 259 7
294 264 8
294 266 8
294 268 9
295 234 7
295 236 7
295 237 7
295 239 5
295 241 6
295 242 6
295 243 6
295 244 7
295 245 9
295 247 7
295 248 7
295 250 8
295 252 8
295 254 7
295 257 8
295 262 8
295 266 7
295 269 7
296 239 5
296 240 5
296 241 5
296 244 9
296 245 8
296 247 9
296 248 8
296 249 9
296 250 9
296 251 9
296 252 7
296 253 9
296 254 7
296 259 8
296 260 8
296 262 7
296 264 8
296 266 7
296 267 7
297 233 7
297 235 7
297 236 7
297 238 5
297 239 5
297 240 5
297 242 6
297 253 7
297 255 8
297 257 8
297 259 7
297 262 7
297 263 8
297 265 7
297 266 7
298 231 6
298 233 6
298 235 7
298 240 7
298 244 8
298 246 8
298 247 8
298 250 8
298 252 8
298 253 8
298 254 8
298 256 8
298 257 8
298 258 8
298 262 8
298 263 8
298 264 7
298 265 7
298 267 7
299 233 7
299 237 7
299 239 6
299 240 7
299 241 8
299 249 8
299 250 8
299 254 8
299 256 8
299 259 8
299 262 7
299 264 7
300 237 7
300 241 6
300 243 8
300 244 8
300 246 7
300 247 8
300 248 7
300 249 7
300 250 7
300 255 8
300 257 8
300 259 8
301 233 6
301 234 6
301 235 7
301 236 6
301 241 6
301 243 8
301 245 8
301 246 8
301 247 8
301 248 7
301 250 7
301 251 8
301 254 8
301 256 8
301 257 8
301 259 8
301 260 8
302 233 6
302 235 6
302 236 7
302 237 8
302 238 6
302 242 7
302 244 8
302 245 8
302 248 7
302 250 8
302 253 8
302 257 8
302 258 8
302 260 8
302 269 7
302 271 7
303 236 6
303 237 6
303 240 7
303 244 8
303 245 7
303 248 8
303 251 8
303 252 8
303 253 8
303 254 7
303 257 8
304 238 7
304 239 8
304 241 7
304 242 6
304 243 7
304 246 6
304 249 6
304 250 8
304 251 8
304 257 8
305 241 6
305 250 8
305 251 8
305 255 8
305 256 8
306 239 7
306 240 7
306 242 8
306 243 8
306 245 8
306 248 7
306 249 7
307 238 7
307 241 7
307 242 8
307 244 8
307 246 8
307 250 6
307 251 7
308 238 7
308 242 8
308 246 8
309 239 7
309 245 9
309 246 8
309 247 8
309 251 6
310 238 8
310 243 9
310 247 8
310 248 6
310 249 8
310 250 6
311 244 8
312 241 8
312 244 9
313 240 8
313 242 8
313 243 8
313 244 8
313 245 8
314 244 8
314 245 8
