512
192 275 7
193 276 7
194 257 4
194 259 4
194 273 7
194 274 7
194 276 7
195 260 4
195 275 7
196 259 4
196 260 4
196 262 4
196 263 4
196 273 6
196 281 7
197 257 3
197 258 4
197 260 4
197 262 4
197 264 4
197 278 6
198 257 4
198 258 4
198 261 4
198 262 4
198 265 2
198 267 2
198 280 7
198 283 7
198 284 6
198 285 6
198 287 7
199 236 9
199 256 4
199 257 4
199 261 3
199 263 2
199 265 2
199 266 3
199 278 7
199 279 7
199 281 7
200 240 7
200 241 7
200 251 4
200 255 4
200 256 4
200 261 2
200 262 4
200 263 2
200 266 2
200 275 7
200 276 7
200 280 7
200 282 7
200 285 6
200 286 7
200 287 6
201 242 7
201 243 9
201 253 4
201 255 4
201 256 4
201 257 4
201 260 4
201 262 2
201 265 2
201 266 2
201 269 7
201 274 7
201 277 7
201 283 7
202 232 8
202 237 9
202 242 7
202 249 4
202 255 4
202 256 3
202 260 3
202 262 2
202 264 2
202 270 7
202 274 7
202 277 7
202 278 6
202 279 6
202 282 7
202 287 7
203 231 6
203 234 7
203 240 9
203 241 7
203 242 7
203 245 7
203 254 8
203 255 4
203 256 4
203 261 3
203 264 3
203 268 3
203 269 7
203 271 7
203 273 7
203 278 6
203 284 7
203 288 7
204 232 8
204 237 8
204 239 9
204 241 7
204 244 9
204 247 8
204 250 4
204 251 4
204 252 4
204 253 4
204 256 4
204 260 3
204 262 4
204 263 3
204 265 2
204 267 3
204 274 7
204 277 6
204 278 6
204 279 6
204 282 6
204 284 6
204 285 7
204 287 7
205 223 6
205 224 6
205 231 6
205 232 7
205 234 8
205 236 6
205 237 8
205 238 9
205 239 9
205 242 9
205 243 7
205 244 7
205 246 7
205 248 8
205 249 3
205 251 4
205 252 4
205 253 4
205 254 4
205 255 4
205 256 4
205 259 4
205 260 4
205 261 4
205 262 4
205 265 2
205 269 3
205 274 7
205 276 6
205 277 6
205 278 6
205 280 6
205 283 6
205 284 7
205 285 7
205 288 7
206 222 6
206 224 6
206 226 5
206 231 7
206 232 7
206 234 7
206 236 8
206 237 8
206 238 8
206 239 9
206 240 8
206 241 8
206 246 8
206 248 3
206 250 4
206 251 4
206 254 3
206 255 4
206 257 4
206 258 4
206 267 3
206 268 3
206 269 3
206 273 6
206 276 6
206 277 6
206 278 6
206 281 7
206 282 7
206 284 7
206 286 6
206 287 7
206 290 7
207 222 6
207 224 6
207 225 5
207 229 4
207 236 9
207 240 9
207 247 8
207 252 4
207 253 4
207 255 4
207 261 4
207 262 4
207 263 4
207 268 5
207 269 3
207 274 6
207 276 6
207 278 6
207 279 5
207 282 6
207 284 6
207 286 7
207 287 7
207 289 7
207 290 7
208 214 4
208 220 6
208 222 6
208 223 6
208 224 4
208 225 5
208 226 4
208 227 5
208 229 4
208 237 9
208 239 9
208 241 8
208 242 8
208 246 7
208 249 4
208 250 4
208 252 4
208 253 4
208 254 4
208 258 4
208 260 4
208 265 4
208 266 5
208 268 5
208 269 2
208 270 3
208 275 6
208 276 6
208 279 6
208 280 6
208 281 6
208 284 7
208 286 7
208 289 7
208 290 7
209 214 4
209 221 6
209 225 5
209 226 4
209 227 5
209 228 5
209 231 5
209 237 9
209 238 9
209 239 8
209 240 8
209 241 8
209 243 7
209 244 7
209 247 8
209 251 4
209 252 4
209 254 4
209 256 4
209 257 4
209 264 4
209 268 2
209 269 2
209 274 7
209 275 7
209 281 6
209 282 6
209 289 7
209 292 7
210 215 4
210 217 6
210 220 7
210 222 6
210 223 6
210 227 5
210 230 5
210 232 5
210 238 9
210 240 9
210 246 7
210 249 8
210 250 4
210 253 4
210 254 4
210 257 4
210 258 4
210 260 4
210 261 4
210 265 5
210 268 2
210 274 8
210 275 8
210 278 5
210 282 7
210 289 5
210 291 7
211 217 5
211 221 6
211 224 6
211 227 5
211 231 8
211 232 5
211 233 8
211 234 7
211 238 9
211 239 9
211 240 8
211 241 8
211 242 9
211 246 7
211 247 7
211 248 4
211 250 4
211 251 4
211 255 4
211 260 7
211 263 2
211 265 5
211 266 5
211 271 3
211 273 8
211 274 3
211 276 8
211 277 7
211 282 7
211 289 5
211 292 7
211 293 7
212 216 5
212 218 6
212 220 6
212 221 6
212 223 6
212 224 6
212 225 5
212 226 5
212 227 6
212 229 6
212 230 8
212 235 7
212 236 7
212 237 7
212 238 7
212 243 7
212 244 8
212 246 9
212 250 4
212 251 4
212 253 4
212 254 4
212 255 4
212 270 3
212 271 4
212 272 3
212 275 8
212 276 8
212 278 8
212 279 8
212 280 8
212 281 7
212 283 5
212 285 7
212 286 7
212 287 7
213 225 5
213 231 8
213 232 8
213 236 7
213 237 7
213 240 7
213 241 9
213 242 9
213 244 9
213 250 9
213 253 4
213 254 4
213 255 4
213 259 5
213 261 3
213 262 5
213 263 5
213 265 3
213 267 2
213 274 8
213 275 5
213 279 8
213 280 8
213 282 4
213 283 5
213 285 7
213 287 7
214 217 5
214 219 5
214 220 6
214 221 5
214 223 6
214 225 4
214 227 6
214 229 6
214 230 8
214 239 7
214 244 9
214 245 7
214 246 6
214 248 9
214 252 4
214 253 4
214 257 4
214 262 5
214 263 2
214 264 3
214 265 3
214 266 3
214 269 2
214 270 3
214 273 4
214 274 8
214 276 8
214 277 8
214 278 8
214 279 8
214 280 4
214 284 7
215 215 6
215 221 6
215 222 7
215 223 7
215 229 6
215 231 8
215 236 7
215 237 9
215 240 7
215 242 9
215 244 9
215 245 9
215 247 7
215 248 9
215 250 4
215 252 9
215 253 4
215 258 3
215 260 6
215 261 6
215 267 2
215 271 3
215 276 8
215 278 4
215 284 7
215 285 7
215 286 7
215 287 1
215 288 6
215 290 1
216 214 7
216 217 6
216 220 6
216 222 6
216 223 7
216 224 6
216 225 6
216 228 4
216 233 7
216 238 9
216 240 9
216 242 9
216 244 7
216 246 6
216 249 9
216 254 4
216 255 5
216 258 5
216 259 6
216 261 3
216 262 5
216 264 5
216 265 5
216 272 8
216 274 8
216 278 8
216 280 7
216 281 4
216 285 7
216 287 1
217 213 7
217 215 7
217 217 5
217 218 5
217 219 5
217 221 5
217 223 7
217 225 4
217 226 6
217 227 4
217 230 7
217 231 7
217 233 7
217 235 8
217 238 8
217 240 7
217 241 7
217 244 7
217 245 7
217 246 7
217 247 7
217 251 9
217 252 9
217 253 9
217 254 5
217 256 1
217 258 5
217 259 2
217 264 5
217 277 4
217 278 4
217 279 4
217 280 4
217 283 8
218 215 7
218 220 7
218 221 7
218 223 7
218 224 4
218 226 4
218 229 6
218 231 8
218 232 7
218 234 7
218 238 7
218 240 7
218 244 7
218 253 2
218 254 5
218 255 5
218 257 5
218 259 6
218 260 1
218 261 6
218 262 5
218 263 5
218 265 6
218 266 6
218 274 8
218 282 8
218 284 8
219 211 8
219 218 7
219 219 5
219 222 6
219 225 4
219 228 6
219 229 6
219 230 6
219 232 7
219 236 8
219 237 7
219 239 7
219 241 7
219 242 7
219 243 7
219 256 2
219 268 5
219 271 5
219 272 4
219 274 4
219 278 7
219 280 8
219 282 8
219 284 1
219 297 3
219 300 3
220 211 8
220 214 7
220 216 8
220 217 7
220 218 8
220 219 7
220 220 7
220 222 4
220 224 3
220 227 8
220 229 8
220 230 7
220 232 7
220 237 7
220 238 6
220 241 7
220 250 4
220 257 2
220 258 4
220 259 7
220 260 7
220 261 7
220 263 6
220 264 6
220 266 5
220 268 5
220 269 5
220 272 4
220 273 4
220 274 7
220 275 7
220 276 4
220 281 8
220 284 8
220 287 2
220 299 3
220 300 3
221 213 8
221 215 8
221 216 8
221 219 7
221 220 5
221 221 7
221 222 9
221 228 7
221 229 3
221 231 8
221 234 7
221 239 7
221 240 7
221 241 6
221 242 6
221 255 4
221 257 1
221 259 7
221 260 6
221 263 6
221 265 5
221 266 5
221 268 5
221 271 5
221 273 5
221 274 5
221 275 7
221 276 7
221 279 8
221 280 8
221 282 6
221 285 2
221 286 2
221 289 1
221 296 3
221 298 3
221 299 2
222 210 8
222 212 8
222 213 8
222 216 8
222 217 7
222 219 7
222 220 7
222 221 7
222 223 7
222 225 7
222 228 8
222 229 8
222 238 8
222 242 7
222 244 7
222 248 8
222 251 4
222 254 3
222 260 0
222 261 6
222 263 6
222 267 5
222 268 5
222 269 5
222 271 5
222 272 4
222 273 4
222 275 4
222 276 8
222 281 7
222 282 8
222 283 8
222 285 2
222 291 1
222 293 3
222 294 2
222 296 3
222 297 3
222 299 3
222 300 3
222 301 3
223 213 8
223 214 8
223 216 8
223 218 8
223 220 5
223 221 5
223 222 5
223 223 7
223 224 9
223 229 6
223 230 8
223 232 7
223 233 8
223 234 8
223 237 6
223 239 7
223 242 8
223 245 7
223 248 8
223 249 5
223 256 4
223 260 6
223 262 6
223 265 5
223 266 5
223 273 5
223 276 7
223 277 8
223 278 8
223 281 7
223 282 6
223 290 1
223 291 1
223 296 3
223 297 3
223 298 3
223 299 3
223 300 3
223 301 2
223 302 2
224 213 8
224 217 5
224 221 5
224 223 7
224 224 9
224 225 5
224 229 8
224 230 8
224 232 7
224 233 7
224 241 7
224 242 7
224 243 8
224 244 8
224 251 5
224 253 7
224 260 4
224 264 5
224 266 5
224 267 5
224 271 5
224 272 5
224 274 5
224 277 8
224 278 7
224 280 7
224 282 6
224 284 6
224 285 2
224 286 2
224 290 2
224 291 1
224 296 3
224 298 3
225 210 8
225 212 8
225 215 4
225 216 4
225 217 4
225 222 9
225 224 9
225 225 5
225 226 5
225 228 5
225 229 8
225 231 6
225 234 8
225 235 7
225 236 6
225 238 6
225 241 8
225 246 8
225 249 5
225 250 5
225 251 5
225 254 4
225 255 6
225 258 4
225 263 5
225 264 5
225 268 5
225 281 7
225 290 1
225 295 3
225 296 3
225 298 3
225 300 3
226 215 4
226 217 4
226 219 4
226 226 7
226 227 5
226 228 8
226 231 8
226 233 8
226 236 7
226 237 8
226 238 8
226 240 8
226 244 8
226 249 5
226 250 5
226 251 3
226 253 6
226 255 6
226 260 4
226 265 5
226 266 5
226 268 6
226 269 6
226 271 5
226 272 5
226 275 5
226 278 7
226 284 2
226 285 2
226 286 6
226 289 2
226 294 3
226 296 3
226 297 2
227 208 8
227 213 8
227 214 7
227 216 8
227 220 4
227 221 8
227 223 8
227 226 5
227 228 5
227 231 6
227 235 8
227 238 7
227 239 8
227 248 4
227 255 6
227 257 6
227 258 4
227 260 6
227 263 5
227 264 5
227 271 6
227 273 5
227 275 6
227 278 5
227 284 6
227 285 6
227 286 2
227 287 1
227 290 2
227 293 3
227 294 3
227 297 2
227 298 2
227 303 2
228 210 8
228 212 8
228 213 8
228 218 4
228 221 4
228 222 7
228 223 4
228 226 7
228 230 7
228 233 9
228 235 9
228 236 8
228 237 8
228 240 8
228 241 8
228 244 7
228 245 8
228 248 7
228 253 9
228 254 6
228 255 6
228 257 8
228 259 8
228 263 5
228 264 6
228 267 6
228 269 6
228 270 6
228 271 5
228 274 5
228 277 5
228 279 8
228 283 3
228 284 2
228 286 6
228 288 2
228 291 3
228 292 2
228 296 3
228 298 2
228 300 4
228 302 4
228 303 4
229 211 8
229 217 8
229 218 8
229 219 8
229 220 8
229 221 7
229 227 8
229 228 7
229 229 8
229 231 8
229 233 9
229 234 8
229 235 9
229 236 8
229 237 8
229 238 8
229 243 8
229 244 8
229 245 8
229 247 7
229 250 6
229 253 5
229 255 9
229 256 9
229 257 9
229 269 6
229 270 6
229 275 6
229 277 6
229 279 6
229 283 3
229 284 6
229 285 6
229 286 6
229 287 5
229 288 3
229 289 2
229 293 3
229 294 2
229 295 3
229 296 2
229 302 4
230 210 8
230 211 8
230 212 8
230 216 4
230 218 4
230 224 7
230 225 8
230 226 8
230 227 8
230 237 8
230 239 8
230 241 8
230 242 8
230 248 5
230 251 6
230 253 5
230 254 9
230 256 8
230 257 8
230 261 7
230 264 6
230 268 6
230 272 5
230 274 5
230 275 5
230 282 5
230 285 3
230 286 5
230 287 3
230 288 5
230 289 3
230 292 3
230 294 4
230 296 4
230 299 5
230 301 4
231 207 8
231 212 8
231 213 8
231 214 8
231 223 7
231 226 8
231 228 8
231 231 8
231 233 9
231 234 9
231 235 9
231 238 8
231 239 8
231 240 8
231 241 8
231 246 5
231 247 8
231 248 5
231 252 8
231 253 5
231 254 6
231 255 7
231 256 9
231 258 6
231 259 8
231 260 7
231 262 7
231 263 7
231 265 6
231 266 7
231 267 5
231 272 5
231 273 5
231 275 5
231 278 6
231 280 6
231 282 5
231 284 5
231 287 5
231 292 3
231 293 4
231 297 5
231 298 5
231 299 5
231 300 3
231 301 3
232 212 8
232 213 8
232 214 8
232 217 8
232 221 9
232 223 8
232 228 8
232 229 7
232 234 9
232 235 9
232 236 8
232 237 8
232 238 8
232 241 8
232 242 7
232 243 8
232 245 7
232 251 5
232 253 8
232 255 8
232 257 8
232 259 8
232 261 7
232 262 7
232 264 7
232 268 5
232 273 5
232 275 5
232 276 1
232 278 6
232 279 5
232 280 6
232 281 4
232 283 5
232 289 3
232 290 3
232 293 4
232 295 5
232 296 4
232 297 5
232 298 5
232 299 5
232 301 4
233 208 8
233 215 8
233 216 8
233 226 8
233 229 8
233 230 7
233 232 8
233 233 9
233 234 9
233 237 9
233 242 8
233 245 8
233 246 8
233 247 6
233 248 6
233 249 8
233 250 7
233 258 10
233 259 7
233 260 7
233 262 7
233 263 7
233 266 7
233 269 7
233 272 1
233 273 6
233 276 5
233 277 6
233 278 6
233 279 4
233 280 6
233 282 4
233 284 5
233 288 1
233 291 3
233 295 5
233 296 4
233 297 5
233 300 3
233 302 1
233 306 3
234 204 8
234 209 6
234 213 8
234 220 9
234 224 10
234 228 7
234 231 8
234 233 8
234 236 8
234 237 9
234 240 9
234 244 8
234 249 8
234 250 6
234 262 7
234 263 7
234 264 7
234 269 7
234 275 6
234 276 5
234 277 6
234 279 4
234 280 6
234 281 5
234 282 6
234 283 5
234 289 3
234 290 4
234 291 4
234 296 5
234 297 4
234 300 5
235 208 8
235 211 6
235 215 6
235 225 10
235 231 8
235 234 8
235 235 9
235 236 8
235 240 9
235 241 8
235 242 8
235 244 8
235 250 7
235 257 10
235 258 7
235 259 7
235 260 7
235 261 7
235 262 7
235 263 7
235 264 7
235 265 7
235 267 7
235 268 7
235 270 7
235 272 1
235 273 1
235 274 5
235 275 1
235 278 6
235 279 4
235 280 1
235 282 5
235 283 5
235 284 3
235 287 5
235 293 5
235 298 4
235 299 5
235 300 1
235 301 1
235 303 3
235 304 3
235 305 3
236 203 8
236 204 8
236 209 6
236 213 6
236 214 8
236 222 10
236 225 10
236 230 8
236 231 8
236 232 8
236 234 8
236 235 9
236 238 8
236 239 9
236 240 9
236 241 9
236 242 8
236 243 8
236 244 8
236 245 6
236 246 6
236 249 7
236 251 8
236 256 6
236 259 10
236 261 10
236 262 7
236 269 6
236 270 5
236 271 5
236 273 0
236 274 4
236 275 4
236 276 4
236 277 4
236 279 6
236 283 4
236 284 1
236 287 5
236 288 0
236 290 3
236 292 3
236 293 3
236 294 3
236 297 4
236 298 5
236 300 4
236 301 4
236 304 3
236 306 3
236 307 3
236 308 3
236 310 3
237 204 8
237 207 6
237 209 7
237 210 6
237 212 6
237 219 7
237 222 10
237 226 10
237 230 8
237 231 8
237 234 8
237 240 8
237 246 8
237 247 8
237 248 8
237 249 8
237 250 8
237 252 8
237 253 9
237 255 10
237 256 10
237 258 7
237 259 7
237 261 10
237 263 7
237 266 7
237 268 7
237 269 6
237 270 5
237 274 4
237 275 4
237 276 4
237 277 0
237 281 4
237 283 4
237 286 3
237 287 0
237 292 4
237 294 3
237 301 1
237 307 3
237 308 3
238 206 8
238 214 7
238 216 7
238 217 7
238 218 7
238 221 10
238 222 10
238 226 8
238 234 8
238 239 8
238 242 8
238 243 7
238 245 8
238 246 8
238 247 8
238 252 9
238 253 8
238 255 10
238 258 10
238 259 7
238 260 10
238 264 6
238 265 7
238 268 6
238 269 6
238 271 6
238 272 4
238 275 0
238 276 0
238 277 4
238 279 0
238 281 2
238 282 4
238 283 2
238 284 4
238 285 3
238 288 3
238 291 0
238 293 4
238 294 4
238 298 4
238 300 1
238 302 3
238 305 3
239 205 8
239 210 6
239 212 6
239 214 7
239 215 7
239 216 7
239 221 10
239 222 10
239 223 10
239 229 6
239 232 8
239 233 9
239 234 8
239 235 8
239 241 8
239 242 8
239 244 8
239 248 8
239 249 6
239 251 9
239 252 10
239 254 10
239 255 7
239 256 10
239 257 3
239 259 7
239 261 7
239 263 7
239 264 6
239 267 7
239 269 6
239 270 6
239 271 6
239 274 4
239 275 4
239 277 0
239 280 3
239 282 2
239 285 3
239 290 0
239 293 4
239 294 4
239 296 4
239 298 4
239 302 3
239 305 3
240 207 7
240 208 7
240 212 7
240 214 7
240 218 8
240 221 10
240 223 9
240 228 10
240 231 9
240 234 8
240 242 6
240 243 8
240 245 8
240 246 8
240 247 8
240 248 8
240 249 7
240 253 8
240 256 7
240 257 7
240 258 9
240 266 7
240 267 6
240 270 6
240 271 6
240 272 6
240 274 4
240 278 3
240 282 6
240 283 2
240 284 2
240 285 3
240 287 3
240 290 4
240 293 4
240 294 4
240 295 4
240 300 4
240 304 3
240 308 3
241 206 7
241 207 7
241 210 6
241 215 8
241 217 7
241 218 8
241 219 7
241 220 7
241 222 10
241 223 9
241 225 6
241 228 10
241 229 6
241 232 8
241 237 9
241 238 9
241 243 7
241 244 7
241 245 8
241 246 8
241 247 8
241 248 7
241 251 8
241 252 8
241 253 8
241 258 10
241 260 7
241 265 7
241 266 7
241 269 6
241 271 6
241 273 6
241 274 4
241 282 2
241 283 3
241 284 3
241 285 3
241 293 3
241 295 3
241 296 3
241 299 4
241 301 4
241 308 3
242 206 7
242 207 7
242 211 8
242 213 8
242 214 7
242 217 10
242 221 10
242 226 8
242 229 10
242 230 8
242 235 9
242 236 8
242 244 8
242 245 8
242 246 8
242 247 8
242 249 8
242 252 8
242 253 8
242 261 10
242 264 7
242 265 6
242 267 5
242 268 6
242 270 6
242 271 4
242 272 4
242 277 4
242 280 6
242 281 6
242 287 3
242 288 3
242 289 3
242 290 3
242 295 3
242 298 3
242 304 4
242 306 3
243 208 8
243 209 8
243 211 6
243 213 7
243 215 7
243 216 6
243 217 7
243 226 6
243 227 6
243 236 8
243 237 9
243 241 9
243 242 9
243 244 8
243 245 8
243 246 7
243 247 7
243 248 8
243 252 8
243 260 7
243 262 7
243 264 7
243 266 6
243 270 2
243 272 4
243 273 6
243 274 6
243 276 2
243 277 4
243 278 2
243 280 6
243 281 6
243 283 3
243 285 3
243 287 3
243 288 3
243 289 2
243 290 4
243 291 2
243 292 3
243 294 3
243 296 3
243 298 3
243 303 3
243 307 3
244 213 8
244 215 8
244 225 7
244 226 9
244 230 9
244 237 9
244 240 9
244 241 9
244 244 7
244 246 7
244 247 8
244 248 4
244 257 7
244 262 7
244 268 5
244 269 4
244 270 3
244 271 2
244 275 4
244 276 4
244 277 6
244 278 2
244 279 6
244 280 6
244 282 3
244 289 2
244 292 2
244 297 4
244 302 4
244 303 3
244 304 3
244 308 3
244 309 3
244 310 3
244 311 3
245 207 7
245 209 7
245 210 7
245 211 7
245 215 8
245 216 7
245 217 8
245 224 7
245 226 9
245 229 9
245 231 9
245 233 10
245 239 9
245 240 7
245 241 7
245 243 8
245 244 7
245 245 7
245 246 7
245 249 8
245 250 8
245 253 8
245 255 7
245 256 3
245 257 7
245 259 100000
245 260 6
245 261 7
245 262 7
245 263 7
245 265 7
245 266 6
245 268 4
245 274 4
245 275 4
245 276 4
245 277 5
245 278 5
245 280 2
245 283 3
245 285 3
245 286 3
245 287 3
245 291 2
245 303 4
245 308 4
246 211 7
246 212 8
246 214 8
246 218 8
246 225 9
246 227 9
246 233 9
246 241 7
246 243 8
246 245 8
246 246 8
246 247 8
246 248 4
246 255 7
246 257 7
246 258 6
246 259 7
246 260 7
246 261 7
246 262 7
246 264 7
246 268 7
246 269 4
246 270 3
246 273 3
246 275 4
246 276 3
246 277 6
246 279 5
246 281 3
246 284 3
246 285 3
246 286 3
246 289 3
246 293 4
246 295 3
246 296 3
246 299 8
246 301 8
246 305 4
246 309 3
246 312 3
247 209 7
247 212 8
247 213 8
247 214 8
247 216 8
247 217 7
247 226 8
247 228 2
247 231 2
247 232 2
247 234 8
247 235 8
247 236 8
247 238 7
247 239 7
247 240 7
247 242 7
247 243 7
247 244 7
247 246 4
247 249 8
247 250 8
247 251 8
247 252 8
247 256 3
247 258 3
247 259 6
247 260 6
247 261 6
247 264 4
247 266 4
247 271 3
247 277 5
247 278 4
247 279 5
247 281 4
247 282 4
247 294 4
247 295 3
247 296 4
247 297 3
247 301 8
247 307 4
248 215 7
248 217 7
248 218 7
248 219 8
248 226 8
248 228 2
248 230 8
248 233 3
248 237 8
248 239 8
248 241 7
248 244 4
248 247 8
248 250 4
248 251 6
248 253 8
248 254 8
248 256 5
248 258 10
248 260 10
248 261 6
248 269 7
248 271 7
248 275 4
248 281 3
248 284 8
248 285 8
248 286 8
248 287 3
248 294 3
248 295 3
248 299 3
248 301 7
248 303 8
248 306 4
248 309 3
249 211 1
249 212 8
249 213 8
249 214 8
249 215 7
249 218 7
249 219 3
249 223 4
249 226 8
249 228 8
249 231 3
249 232 3
249 233 8
249 234 3
249 235 3
249 238 7
249 239 8
249 240 7
249 245 8
249 246 8
249 247 4
249 248 8
249 249 8
249 252 6
249 258 10
249 259 5
249 262 6
249 265 4
249 270 4
249 273 3
249 275 6
249 276 6
249 277 2
249 279 3
249 280 4
249 281 4
249 288 8
249 291 4
249 292 2
249 293 4
249 294 4
249 295 4
249 299 3
249 301 8
249 305 3
249 308 4
250 209 1
250 215 7
250 219 7
250 220 3
250 221 3
250 222 4
250 223 3
250 226 8
250 227 8
250 229 8
250 230 8
250 231 3
250 234 2
250 235 2
250 243 8
250 244 8
250 248 6
250 251 8
250 253 5
250 257 4
250 258 5
250 259 5
250 260 5
250 261 5
250 262 5
250 264 4
250 265 4
250 267 7
250 270 4
250 271 4
250 277 3
250 278 3
250 280 3
250 284 8
250 285 8
250 287 8
250 288 8
250 294 4
250 296 4
250 298 3
250 302 4
250 303 8
250 304 8
250 305 7
250 307 3
250 311 4
250 312 4
251 210 1
251 213 1
251 217 7
251 219 8
251 221 4
251 222 4
251 223 4
251 227 8
251 228 8
251 232 3
251 237 2
251 247 8
251 251 5
251 252 5
251 253 5
251 255 6
251 258 3
251 259 10
251 263 5
251 265 4
251 266 4
251 268 4
251 269 7
251 270 4
251 271 9
251 272 2
251 275 3
251 278 3
251 280 4
251 281 4
251 286 8
251 293 4
251 295 4
251 296 4
251 298 3
251 300 4
251 303 4
251 305 3
251 310 4
251 311 8
251 312 8
252 210 1
252 211 1
252 213 8
252 214 1
252 216 8
252 217 7
252 221 7
252 225 8
252 227 3
252 229 3
252 230 3
252 233 2
252 234 2
252 237 2
252 238 7
252 243 8
252 246 8
252 251 5
252 253 5
252 255 10
252 259 4
252 261 10
252 264 2
252 265 2
252 267 9
252 268 2
252 270 9
252 272 9
252 273 9
252 275 3
252 276 3
252 277 3
252 278 2
252 280 4
252 281 3
252 282 4
252 283 8
252 284 8
252 286 7
252 287 7
252 290 4
252 297 3
252 298 4
252 300 4
252 302 4
252 303 7
252 304 7
252 305 8
252 306 3
252 307 3
252 309 4
252 312 4
253 206 2
253 210 1
253 213 1
253 214 1
253 215 7
253 216 8
253 224 4
253 225 3
253 228 8
253 230 3
253 231 3
253 234 6
253 236 2
253 241 7
253 242 8
253 243 7
253 244 8
253 246 8
253 248 5
253 253 5
253 255 5
253 257 4
253 258 4
253 262 10
253 263 10
253 264 10
253 265 2
253 266 10
253 268 7
253 269 9
253 270 9
253 273 9
253 276 3
253 277 2
253 278 2
253 279 2
253 287 7
253 296 4
253 302 4
253 303 4
253 308 8
253 311 8
253 312 8
254 207 1
254 208 2
254 209 1
254 212 8
254 214 2
254 215 8
254 217 8
254 220 7
254 227 8
254 229 3
254 231 3
254 232 2
254 234 2
254 235 6
254 238 2
254 240 8
254 243 7
254 244 7
254 247 5
254 248 8
254 249 5
254 250 5
254 252 4
254 253 10
254 254 9
254 256 5
254 259 8
254 261 9
254 264 10
254 265 2
254 268 7
254 271 9
254 272 9
254 273 7
254 275 3
254 276 3
254 279 3
254 285 7
254 286 7
254 291 8
254 293 4
254 295 4
254 299 4
254 300 4
254 304 8
254 306 8
254 307 8
254 310 8
254 311 4
255 206 2
255 210 2
255 211 2
255 216 8
255 218 8
255 219 8
255 223 4
255 226 2
255 227 2
255 228 3
255 229 3
255 230 3
255 233 3
255 234 7
255 238 7
255 240 7
255 243 7
255 246 7
255 247 5
255 248 5
255 250 5
255 251 5
255 254 10
255 257 8
255 258 9
255 259 8
255 262 3
255 265 10
255 270 7
255 271 8
255 273 7
255 274 7
255 275 7
255 276 3
255 277 6
255 278 2
255 281 3
255 282 7
255 283 7
255 286 7
255 287 7
255 289 7
255 290 5
255 294 4
255 295 4
255 301 4
255 309 8
256 204 2
256 207 1
256 208 2
256 209 1
256 213 8
256 214 2
256 216 8
256 217 8
256 219 3
256 220 4
256 221 3
256 222 4
256 223 4
256 229 2
256 230 2
256 231 4
256 232 3
256 233 7
256 234 7
256 235 7
256 240 7
256 242 7
256 245 6
256 247 5
256 249 5
256 250 5
256 253 10
256 256 9
256 257 10
256 261 9
256 264 8
256 265 5
256 266 2
256 267 2
256 269 9
256 270 9
256 273 7
256 275 2
256 281 6
256 283 7
256 284 7
256 286 7
256 288 5
256 289 8
256 290 4
256 291 7
256 292 7
256 297 5
256 298 4
256 302 8
256 304 8
256 307 8
256 309 8
256 310 8
257 203 2
257 206 1
257 208 1
257 209 2
257 211 2
257 213 2
257 214 8
257 217 1
257 218 3
257 221 4
257 222 3
257 223 3
257 224 3
257 226 3
257 231 4
257 235 8
257 239 7
257 240 7
257 243 7
257 253 10
257 254 10
257 257 10
257 258 10
257 259 10
257 260 3
257 264 8
257 265 5
257 266 5
257 270 9
257 272 3
257 274 2
257 277 6
257 286 5
257 287 5
257 289 4
257 290 7
257 293 3
257 294 8
257 296 4
257 297 5
257 303 8
257 307 8
257 308 8
257 310 8
257 313 8
258 203 2
258 204 2
258 206 1
258 208 1
258 210 2
258 211 2
258 212 2
258 215 1
258 219 3
258 220 2
258 221 2
258 222 4
258 225 3
258 226 3
258 227 4
258 229 5
258 235 6
258 236 7
258 238 6
258 243 8
258 244 8
258 245 7
258 246 8
258 248 5
258 249 5
258 250 10
258 252 10
258 254 10
258 256 10
258 257 9
258 261 9
258 262 3
258 264 3
258 265 5
258 267 9
258 271 3
258 272 9
258 273 8
258 276 6
258 277 6
258 279 2
258 281 3
258 282 6
258 288 5
258 289 5
258 290 5
258 291 7
258 292 7
258 294 3
258 300 8
258 304 7
258 305 7
258 307 8
258 309 8
259 202 1
259 205 2
259 207 2
259 208 1
259 214 3
259 215 1
259 216 1
259 219 3
259 220 3
259 222 1
259 223 2
259 225 3
259 233 3
259 235 4
259 236 7
259 238 4
259 239 4
259 241 7
259 250 5
259 251 10
259 252 10
259 255 8
259 257 10
259 258 10
259 259 9
259 260 3
259 261 9
259 263 9
259 264 9
259 265 3
259 267 3
259 272 9
259 273 9
259 275 2
259 276 6
259 281 6
259 282 7
259 283 6
259 285 8
259 286 7
259 287 8
259 288 5
259 289 5
259 291 5
259 293 3
259 295 8
259 299 8
259 302 8
259 303 8
259 304 7
259 305 8
259 307 8
259 313 8
260 203 2
260 204 2
260 206 1
260 207 2
260 212 2
260 213 3
260 215 3
260 217 3
260 218 1
260 232 7
260 233 3
260 235 7
260 237 5
260 240 5
260 245 8
260 246 7
260 247 7
260 248 7
260 249 5
260 250 6
260 253 3
260 254 8
260 256 8
260 257 9
260 259 9
260 262 9
260 265 9
260 266 9
260 267 8
260 273 9
260 275 2
260 276 3
260 278 7
260 281 2
260 288 5
260 290 5
260 292 3
260 294 7
260 295 4
260 302 8
260 305 8
260 307 8
260 310 8
261 202 1
261 203 2
261 204 1
261 211 2
261 213 3
261 214 3
261 216 0
261 218 1
261 219 1
261 220 3
261 221 1
261 222 3
261 224 3
261 225 1
261 226 7
261 227 4
261 228 7
261 233 3
261 235 7
261 242 4
261 244 8
261 245 6
261 248 1
261 249 6
261 250 1
261 252 6
261 256 10
261 257 10
261 259 9
261 261 8
261 262 8
261 263 8
261 265 3
261 266 9
261 267 8
261 269 7
261 272 8
261 278 7
261 279 7
261 283 6
261 288 5
261 289 5
261 291 7
261 292 7
261 294 8
261 295 7
261 296 7
261 297 7
261 306 8
261 307 8
262 203 1
262 206 2
262 207 2
262 208 1
262 209 0
262 210 2
262 212 2
262 213 1
262 214 1
262 216 1
262 217 0
262 220 2
262 224 1
262 225 2
262 229 5
262 232 5
262 233 5
262 234 7
262 235 7
262 237 7
262 238 5
262 240 5
262 241 5
262 243 6
262 244 8
262 245 6
262 248 3
262 252 6
262 253 6
262 255 9
262 256 10
262 259 3
262 260 3
262 261 9
262 262 9
262 263 9
262 265 9
262 266 9
262 268 7
262 272 8
262 277 3
262 282 7
262 283 7
262 284 7
262 286 8
262 288 8
262 294 7
262 295 7
262 296 7
262 298 7
262 299 7
262 300 7
262 301 8
262 302 7
262 305 8
262 306 8
262 307 8
263 202 1
263 203 1
263 204 1
263 205 1
263 206 2
263 207 2
263 211 0
263 212 1
263 213 1
263 214 1
263 215 1
263 216 1
263 217 1
263 219 1
263 220 1
263 223 2
263 224 1
263 227 7
263 230 7
263 232 5
263 234 5
263 236 2
263 239 4
263 240 4
263 241 6
263 245 6
263 249 1
263 250 4
263 251 4
263 254 4
263 255 9
263 260 9
263 261 6
263 263 9
263 265 9
263 266 9
263 267 9
263 270 8
263 272 8
263 274 9
263 277 3
263 279 7
263 284 8
263 285 7
263 287 7
263 288 8
263 289 8
263 290 6
263 292 8
263 293 8
263 294 7
263 298 7
263 299 8
263 302 7
263 303 7
263 307 8
263 308 7
264 202 1
264 203 2
264 208 2
264 209 0
264 211 0
264 213 0
264 215 0
264 222 1
264 224 2
264 225 2
264 226 3
264 228 7
264 232 7
264 234 7
264 238 1
264 239 7
264 245 6
264 248 4
264 249 4
264 251 6
264 253 6
264 257 3
264 261 8
264 263 8
264 264 9
264 265 9
264 266 3
264 267 7
264 268 7
264 270 9
264 272 9
264 273 9
264 275 6
264 276 6
264 278 6
264 282 7
264 291 7
264 292 6
264 298 8
264 305 8
264 306 8
264 307 7
264 308 8
265 209 0
265 210 0
265 212 0
265 213 0
265 218 1
265 220 1
265 221 0
265 223 0
265 238 1
265 239 7
265 240 6
265 242 6
265 243 6
265 246 6
265 248 4
265 249 3
265 257 9
265 259 5
265 260 5
265 261 6
265 262 4
265 264 8
265 265 7
265 266 7
265 272 9
265 273 7
265 275 7
265 276 6
265 278 6
265 280 7
265 281 8
265 286 8
265 291 7
265 292 7
265 294 8
265 299 7
265 300 7
265 301 7
265 304 8
265 305 8
265 306 8
265 307 7
265 308 8
265 310 8
265 312 8
266 205 2
266 207 0
266 211 0
266 212 0
266 214 1
266 215 0
266 217 2
266 220 0
266 221 0
266 224 1
266 230 6
266 231 7
266 232 7
266 233 1
266 235 1
266 236 1
266 241 5
266 242 5
266 243 4
266 244 6
266 246 4
266 248 5
266 249 5
266 252 6
266 255 9
266 257 9
266 258 5
266 259 5
266 263 7
266 264 7
266 267 8
266 275 6
266 276 7
266 278 6
266 281 7
266 283 6
266 288 8
266 289 7
266 290 7
266 294 8
266 296 8
266 297 7
266 302 7
266 304 8
266 305 8
266 308 8
266 309 8
267 205 0
267 207 0
267 209 0
267 210 0
267 212 0
267 214 0
267 216 0
267 220 1
267 224 1
267 229 7
267 230 7
267 233 7
267 234 1
267 235 1
267 238 2
267 242 6
267 248 3
267 249 5
267 250 5
267 251 5
267 252 6
267 257 5
267 258 5
267 262 6
267 268 7
267 272 7
267 274 7
267 275 7
267 278 6
267 283 5
267 287 9
267 288 9
267 290 7
267 291 5
267 292 7
267 293 8
267 296 8
267 303 7
267 305 8
267 308 8
267 310 8
268 207 0
268 213 0
268 214 2
268 221 0
268 223 0
268 226 1
268 231 7
268 232 2
268 236 1
268 237 6
268 238 2
268 240 2
268 243 6
268 245 5
268 246 5
268 247 5
268 248 5
268 249 5
268 250 5
268 252 6
268 254 6
268 257 6
268 260 4
268 264 6
268 266 7
268 268 8
268 271 7
268 274 7
268 275 8
268 277 6
268 279 6
268 281 7
268 282 6
268 286 9
268 288 9
268 293 5
268 294 8
268 295 8
268 302 7
268 303 8
268 304 8
268 305 8
268 310 8
268 311 8
269 208 0
269 209 2
269 214 0
269 215 0
269 217 0
269 221 2
269 224 1
269 226 6
269 227 0
269 229 7
269 231 2
269 234 2
269 235 2
269 239 6
269 243 6
269 244 5
269 246 5
269 247 5
269 250 6
269 255 6
269 256 4
269 258 4
269 260 6
269 262 7
269 263 7
269 264 7
269 266 7
269 270 7
269 273 9
269 276 9
269 277 9
269 281 5
269 282 7
269 283 8
269 284 6
269 285 8
269 286 6
269 288 9
269 290 9
269 291 6
269 300 7
269 303 8
269 305 8
270 207 2
270 209 2
270 214 2
270 216 2
270 219 0
270 220 2
270 222 2
270 225 6
270 228 1
270 229 6
270 231 6
270 240 7
270 245 6
270 246 5
270 247 6
270 248 6
270 249 6
270 251 6
270 252 6
270 256 4
270 257 6
270 258 6
270 259 4
270 261 6
270 263 7
270 268 6
270 272 7
270 274 9
270 281 6
270 285 8
270 287 8
270 291 6
270 293 6
270 297 7
270 299 7
270 302 7
270 303 8
270 305 8
271 201 2
271 202 2
271 210 2
271 212 1
271 213 1
271 214 2
271 215 2
271 218 0
271 220 2
271 223 5
271 225 5
271 230 7
271 232 2
271 233 6
271 234 2
271 238 7
271 239 7
271 243 6
271 246 6
271 247 6
271 257 6
271 258 4
271 262 7
271 263 7
271 264 7
271 266 7
271 268 7
271 271 7
271 277 9
271 280 6
271 282 6
271 283 6
271 287 9
271 290 6
271 292 9
271 296 6
271 297 7
271 299 7
271 302 8
271 304 8
271 305 8
272 200 2
272 211 2
272 212 2
272 213 2
272 216 0
272 220 2
272 222 2
272 225 3
272 227 5
272 232 2
272 233 2
272 234 2
272 243 6
272 246 6
272 252 6
272 253 6
272 258 3
272 259 3
272 260 3
272 261 6
272 263 7
272 266 6
272 267 9
272 268 9
272 273 7
272 275 9
272 277 8
272 279 7
272 280 6
272 281 6
272 286 8
272 287 8
272 289 9
272 292 6
272 293 6
272 296 7
272 297 7
272 298 7
272 300 7
272 301 7
272 302 7
272 305 8
272 306 8
273 201 2
273 202 2
273 206 2
273 209 2
273 210 2
273 214 1
273 217 3
273 218 1
273 220 2
273 224 5
273 225 3
273 226 2
273 228 2
273 230 6
273 231 6
273 233 6
273 235 1
273 242 6
273 243 6
273 244 6
273 254 4
273 255 4
273 256 4
273 258 3
273 259 3
273 269 7
273 272 9
273 276 6
273 277 7
273 279 6
273 280 6
273 281 7
273 283 6
273 286 9
273 288 9
273 292 9
273 295 7
273 297 7
273 300 7
273 302 7
273 306 8
274 203 2
274 210 2
274 212 2
274 213 2
274 215 1
274 219 3
274 223 2
274 224 5
274 225 5
274 226 5
274 227 2
274 229 3
274 230 2
274 234 1
274 237 1
274 239 4
274 243 6
274 253 4
274 254 6
274 260 7
274 266 9
274 269 9
274 271 6
274 273 6
274 275 6
274 281 6
274 285 9
274 287 9
274 289 9
274 290 6
274 291 6
274 292 6
274 296 9
274 299 7
274 300 7
274 301 7
274 302 7
275 202 2
275 206 2
275 208 2
275 210 1
275 213 2
275 215 1
275 217 3
275 218 3
275 220 3
275 221 2
275 222 4
275 223 2
275 227 2
275 232 6
275 236 1
275 237 2
275 242 6
275 246 7
275 251 7
275 253 2
275 255 2
275 260 3
275 261 7
275 262 3
275 264 3
275 268 8
275 269 8
275 270 8
275 271 6
275 273 5
275 274 6
275 276 6
275 277 6
275 278 6
275 279 6
275 280 6
275 282 6
275 283 6
275 287 7
275 288 8
275 289 9
275 291 9
275 294 9
275 295 8
275 296 9
275 298 7
275 299 7
275 300 9
276 213 2
276 218 3
276 226 2
276 230 2
276 232 1
276 235 2
276 239 2
276 240 2
276 244 6
276 245 6
276 249 4
276 256 7
276 257 3
276 259 7
276 260 3
276 262 6
276 263 7
276 264 3
276 265 9
276 269 9
276 270 9
276 273 5
276 275 5
276 279 7
276 282 6
276 285 3
276 286 7
276 288 7
276 289 9
276 291 9
276 295 8
276 296 8
276 297 8
277 209 3
277 213 2
277 218 2
277 220 2
277 221 3
277 222 3
277 229 2
277 231 2
277 232 2
277 233 0
277 238 0
277 240 2
277 243 6
277 246 8
277 248 8
277 250 4
277 254 7
277 255 2
277 260 3
277 267 7
277 270 8
277 274 5
277 276 7
277 279 6
277 280 6
277 281 6
277 288 9
277 290 9
277 291 9
277 292 9
277 294 8
277 295 8
277 300 9
278 208 3
278 213 2
278 220 2
278 221 0
278 225 2
278 227 2
278 231 1
278 232 3
278 238 2
278 239 2
278 241 5
278 242 5
278 243 5
278 244 5
278 246 4
278 252 8
278 253 7
278 255 7
278 259 7
278 262 7
278 264 8
278 266 6
278 272 5
278 274 7
278 276 5
278 279 6
278 290 9
278 291 9
278 294 8
278 295 8
278 298 9
279 208 3
279 211 2
279 212 2
279 217 1
279 218 1
279 219 2
279 220 2
279 221 2
279 222 2
279 223 0
279 224 1
279 226 2
279 227 2
279 229 6
279 232 1
279 238 6
279 242 6
279 249 8
279 262 7
279 264 7
279 267 7
279 269 8
279 270 8
279 271 8
279 273 5
279 274 5
279 275 7
279 276 6
279 283 6
279 289 9
279 290 9
279 291 9
279 294 9
279 295 9
279 296 8
279 297 9
280 214 3
280 215 1
280 216 1
280 218 3
280 224 0
280 228 8
280 229 8
280 230 8
280 233 6
280 237 6
280 238 6
280 239 6
280 241 5
280 246 4
280 247 6
280 248 4
280 252 8
280 256 5
280 258 7
280 259 7
280 261 7
280 263 8
280 264 8
280 265 7
280 267 8
280 268 8
280 269 8
280 270 8
280 271 7
280 273 7
280 275 7
280 279 2
280 282 4
280 285 8
280 289 8
280 292 9
280 295 9
280 297 9
281 206 3
281 209 2
281 211 2
281 215 1
281 218 1
281 219 1
281 220 2
281 221 2
281 222 1
281 223 0
281 226 2
281 230 3
281 231 1
281 238 6
281 247 8
281 250 8
281 256 8
281 257 5
281 259 7
281 264 7
281 265 8
281 268 9
281 269 8
281 270 8
281 272 3
281 273 7
281 274 7
281 276 7
281 278 2
281 279 8
281 280 3
281 281 8
281 287 8
281 288 8
281 294 9
282 207 3
282 209 2
282 211 2
282 214 4
282 218 4
282 219 1
282 225 0
282 227 8
282 234 2
282 235 6
282 236 6
282 238 5
282 239 1
282 243 8
282 247 4
282 248 5
282 250 8
282 252 8
282 256 5
282 257 5
282 258 8
282 260 7
282 262 7
282 267 9
282 268 8
282 270 8
282 272 7
282 273 7
282 274 3
282 278 2
282 280 2
282 282 8
282 286 4
282 289 8
282 290 8
282 294 9
282 295 9
282 296 9
282 297 9
283 203 4
283 209 2
283 211 1
283 216 4
283 217 4
283 218 4
283 219 4
283 220 4
283 221 2
283 224 8
283 225 8
283 226 8
283 229 1
283 234 2
283 235 1
283 236 8
283 237 5
283 239 6
283 243 7
283 247 8
283 248 5
283 250 8
283 251 8
283 252 8
283 254 5
283 257 5
283 261 6
283 273 3
283 274 3
283 275 3
283 278 2
283 280 8
283 281 8
283 282 3
283 283 8
283 285 8
283 287 8
283 289 8
283 292 8
283 293 9
283 295 9
284 204 4
284 205 4
284 207 3
284 214 4
284 215 4
284 221 4
284 223 0
284 225 8
284 227 8
284 235 1
284 237 8
284 241 6
284 242 8
284 243 7
284 246 5
284 253 7
284 254 5
284 257 7
284 258 5
284 259 7
284 262 7
284 268 8
284 271 8
284 280 8
284 281 8
284 283 4
284 285 4
284 289 8
284 291 8
284 295 9
285 202 4
285 203 4
285 205 4
285 216 4
285 220 4
285 221 4
285 222 2
285 223 3
285 231 2
285 234 8
285 236 8
285 243 8
285 244 7
285 245 7
285 247 8
285 248 4
285 252 7
285 253 6
285 255 5
285 256 5
285 258 7
285 260 7
285 267 9
285 268 8
285 274 7
285 280 8
285 294 9
285 295 9
285 296 9
286 203 4
286 204 4
286 205 4
286 211 4
286 213 4
286 216 4
286 219 4
286 222 2
286 223 2
286 224 3
286 225 2
286 227 2
286 228 2
286 234 8
286 236 8
286 238 8
286 244 8
286 254 7
286 255 6
286 259 7
286 264 8
286 266 8
286 267 7
286 272 7
286 274 7
286 275 6
286 277 3
286 278 5
286 281 4
286 284 4
286 285 4
286 286 4
286 287 4
286 288 4
287 209 4
287 210 4
287 211 4
287 213 4
287 215 3
287 217 4
287 218 4
287 220 3
287 223 3
287 224 2
287 226 2
287 229 7
287 230 8
287 234 8
287 241 8
287 245 5
287 250 6
287 257 7
287 258 7
287 260 7
287 265 9
287 271 5
287 273 7
287 275 2
287 279 8
287 280 5
287 285 4
287 294 9
287 295 9
288 205 4
288 206 4
288 209 4
288 210 4
288 211 3
288 213 4
288 214 4
288 216 2
288 217 4
288 218 4
288 225 2
288 230 8
288 231 7
288 233 8
288 235 8
288 242 9
288 243 8
288 246 8
288 248 3
288 252 7
288 253 6
288 257 6
288 259 7
288 260 7
288 261 7
288 266 6
288 271 5
288 272 7
288 275 2
288 277 5
288 284 4
288 285 4
288 286 4
288 288 4
288 289 4
289 202 4
289 205 4
289 206 4
289 207 4
289 208 4
289 209 4
289 210 4
289 211 4
289 213 4
289 215 3
289 226 2
289 227 8
289 228 8
289 230 8
289 231 8
289 232 8
289 233 7
289 234 8
289 235 8
289 236 8
289 241 8
289 244 9
289 245 8
289 247 3
289 253 6
289 255 6
289 256 6
289 257 6
289 258 6
289 259 7
289 260 7
289 263 8
289 264 6
289 266 6
289 267 6
289 271 7
289 272 5
289 273 5
289 274 5
289 276 5
289 279 5
289 280 5
289 281 5
289 286 4
289 287 4
289 288 4
289 290 4
289 291 4
290 205 4
290 207 4
290 208 4
290 210 4
290 212 4
290 214 4
290 215 4
290 216 4
290 219 3
290 221 3
290 224 6
290 227 6
290 229 7
290 230 7
290 231 7
290 232 8
290 234 8
290 235 7
290 239 8
290 244 8
290 245 8
290 250 3
290 254 6
290 256 8
290 257 8
290 258 6
290 259 6
290 265 6
290 268 7
290 270 5
290 272 5
290 275 9
290 277 9
290 284 4
290 286 4
290 288 3
290 289 4
290 290 4
291 202 4
291 209 4
291 210 4
291 211 4
291 212 4
291 213 4
291 216 4
291 217 4
291 225 2
291 226 7
291 227 7
291 233 7
291 236 7
291 237 8
291 238 8
291 241 9
291 244 8
291 247 3
291 250 7
291 255 8
291 258 7
291 259 6
291 260 5
291 261 5
291 262 4
291 264 5
291 265 5
291 266 6
291 268 7
291 269 7
291 270 5
291 272 5
291 274 9
291 275 5
291 284 4
291 285 4
291 287 4
291 288 4
292 204 4
292 205 4
292 206 4
292 209 4
292 210 4
292 211 4
292 213 3
292 217 2
292 219 3
292 221 6
292 222 3
292 227 3
292 229 3
292 233 8
292 234 7
292 237 9
292 238 9
292 239 9
292 241 8
292 243 8
292 247 8
292 249 8
292 250 9
292 252 6
292 253 8
292 255 8
292 256 8
292 258 7
292 260 5
292 262 4
292 269 7
292 271 5
292 273 4
292 274 8
292 275 9
292 276 8
292 284 3
293 205 4
293 206 4
293 208 4
293 209 4
293 210 4
293 211 4
293 212 3
293 213 3
293 215 4
293 219 6
293 223 2
293 226 7
293 228 3
293 230 3
293 231 7
293 233 7
293 236 7
293 237 9
293 238 7
293 239 8
293 240 9
293 246 8
293 251 8
293 255 6
293 256 7
293 266 6
293 267 7
293 268 6
293 270 7
293 271 4
293 273 4
293 278 5
293 280 4
293 283 4
293 285 3
293 289 4
294 209 4
294 215 4
294 216 4
294 217 4
294 218 4
294 219 6
294 220 3
294 221 3
294 222 3
294 228 3
294 229 7
294 230 3
294 231 7
294 234 4
294 237 9
294 246 8
294 247 8
294 249 7
294 251 9
294 253 7
294 256 6
294 259 5
294 261 6
294 262 5
294 263 5
294 264 4
294 265 3
294 266 3
294 267 7
294 269 7
294 270 5
294 271 5
294 272 5
294 273 5
294 274 4
294 279 4
294 281 4
294 282 4
294 283 4
294 286 3
294 289 3
294 290 3
295 207 4
295 210 4
295 212 4
295 213 2
295 215 4
295 216 4
295 218 4
295 220 6
295 222 6
295 223 4
295 225 2
295 226 2
295 228 7
295 230 3
295 231 7
295 233 8
295 238 7
295 239 8
295 242 9
295 245 8
295 248 6
295 252 6
295 253 6
295 255 6
295 256 6
295 257 6
295 259 7
295 264 3
295 267 7
295 268 7
295 280 4
295 282 4
295 283 4
295 287 3
295 288 4
295 289 4
296 209 3
296 210 3
296 212 3
296 214 3
296 221 6
296 224 2
296 226 7
296 228 3
296 229 3
296 230 3
296 233 8
296 235 8
296 236 9
296 239 9
296 240 9
296 241 6
296 244 9
296 245 8
296 246 8
296 250 9
296 256 6
296 258 8
296 261 7
296 263 3
296 276 8
296 277 8
296 278 5
296 282 4
296 289 3
297 209 3
297 210 2
297 212 3
297 216 2
297 219 3
297 227 6
297 228 6
297 231 6
297 232 6
297 235 8
297 238 6
297 246 9
297 248 5
297 249 5
297 250 5
297 252 6
297 253 6
297 258 7
297 259 7
297 262 3
297 263 7
297 266 3
297 267 7
297 275 5
298 209 4
298 212 3
298 213 3
298 218 3
298 221 3
298 230 6
298 231 6
298 232 6
298 234 4
298 239 6
298 240 6
298 243 9
298 245 9
298 246 9
298 247 9
298 248 5
298 250 7
298 252 6
298 255 6
298 256 8
298 257 7
298 258 8
298 259 8
298 260 6
298 262 7
298 264 7
298 271 7
298 272 7
299 210 4
299 211 3
299 212 2
299 214 2
299 230 6
299 232 6
299 235 4
299 237 5
299 248 5
299 249 6
299 250 5
299 251 5
299 252 8
299 253 8
299 254 6
299 256 5
299 257 7
299 259 7
299 261 6
299 263 3
299 264 4
299 268 7
299 271 7
299 272 7
299 273 7
300 211 3
300 212 3
300 231 6
300 236 6
300 237 5
300 240 6
300 249 5
300 257 6
300 258 8
300 260 4
300 264 4
300 266 8
300 267 8
300 268 7
301 231 6
301 236 7
301 244 9
301 246 9
301 250 6
301 251 6
301 253 8
301 256 6
301 261 3
301 262 4
301 265 8
301 266 8
301 269 7
302 229 6
302 238 5
302 239 5
302 249 6
302 250 8
302 252 8
302 257 8
302 258 4
302 259 6
302 261 4
302 264 8
302 265 8
302 267 8
302 268 7
302 270 7
303 234 7
303 235 6
303 236 7
303 237 6
303 238 7
303 239 6
303 240 6
303 243 8
303 245 5
303 246 8
303 250 6
303 259 8
303 261 8
303 262 4
303 263 4
303 265 8
303 266 8
303 268 8
303 270 7
303 272 7
304 233 6
304 234 7
304 235 7
304 242 8
304 245 8
304 247 5
304 250 8
304 254 8
304 261 8
304 262 4
304 263 4
304 268 7
304 269 7
305 232 7
305 233 6
305 234 6
305 236 6
305 243 7
305 244 5
305 245 5
305 246 8
305 247 5
305 248 8
305 250 8
305 252 8
305 255 8
305 256 8
305 261 4
305 263 4
305 264 8
305 267 8
305 268 8
306 231 6
306 233 6
306 234 6
306 238 6
306 244 8
306 245 5
306 247 5
306 248 8
306 250 8
306 252 8
306 256 8
306 258 8
306 267 8
306 268 8
307 231 6
307 235 6
307 238 6
307 239 5
307 240 7
307 243 5
307 246 5
307 247 8
307 250 8
307 252 8
307 255 8
307 257 8
307 258 8
308 231 6
308 236 6
308 237 7
308 238 7
308 240 7
308 241 5
308 242 7
308 243 5
308 247 5
308 248 5
309 234 6
309 236 6
309 238 6
309 239 7
309 240 7
309 242 7
309 244 7
309 248 8
309 249 8
309 252 8
309 258 7
310 233 6
310 234 6
310 236 7
310 237 8
310 240 6
310 241 7
310 243 4
310 245 8
310 248 7
310 257 7
311 230 6
311 232 6
311 233 8
311 235 8
311 236 8
311 238 5
311 239 5
311 241 5
311 245 8
311 247 7
311 248 7
311 249 8
311 253 7
311 254 7
311 257 8
312 230 6
312 231 8
312 233 8
312 234 8
312 236 8
312 239 7
312 240 7
312 243 4
312 250 7
312 251 7
312 252 7
312 255 7
312 256 7
312 260 8
313 232 6
313 235 8
313 236 8
313 238 7
313 239 8
313 243 7
313 245 7
313 248 7
313 251 8
313 256 7
313 257 6
313 258 7
314 230 5
314 236 6
314 240 8
314 241 8
314 242 4
314 245 6
314 247 7
314 248 8
314 251 7
314 254 7
314 255 8
314 256 7
314 258 6
315 228 6
315 230 6
315 231 5
315 232 5
315 236 8
315 247 8
315 249 8
315 250 8
315 251 8
315 253 8
315 254 7
315 255 6
315 257 5
315 258 5
316 233 6
316 234 6
316 235 8
316 236 6
316 238 8
316 239 8
316 241 8
316 245 7
316 248 7
316 251 8
316 253 8
316 257 5
317 231 6
317 232 5
317 234 8
317 235 8
317 236 8
317 242 8
317 243 8
317 245 8
317 246 7
317 247 8
317 248 7
317 251 8
318 231 6
318 234 6
318 238 8
318 243 8
318 246 8
318 248 7
318 250 8
319 232 8
319 233 5
319 234 8
319 236 8
319 240 8
319 243 8
319 246 8
319 248 8
320 232 6
320 233 6
320 234 6
320 242 8
320 245 8
321 234 8
321 237 8
321 238 8
321 239 8
321 240 8
321 241 8
321 242 8
322 232 6
322 233 6
322 236 8
322 238 8
322 239 8
322 242 8
322 243 8
323 242 8
323 243 8
324 235 8
324 241 8
324 243 8
325 244 8
325 245 8
