512
177 273 7
177 274 7
178 273 7
178 274 7
178 275 7
178 276 7
179 273 7
179 274 6
179 275 7
179 276 7
180 273 7
180 276 6
181 271 7
181 272 6
181 273 6
181 274 7
181 277 7
182 272 7
182 273 7
182 275 6
182 277 7
183 275 6
183 276 6
184 273 6
184 274 7
184 275 6
184 276 6
185 277 6
185 278 6
185 280 6
185 282 6
186 271 6
186 272 6
186 274 6
186 277 6
186 278 6
186 281 6
187 272 6
187 275 6
187 277 6
187 279 6
187 282 6
188 273 6
188 282 6
189 262 2
189 263 3
189 267 2
189 275 6
189 276 6
189 277 5
189 278 6
189 279 5
189 281 6
190 267 6
190 277 6
190 281 5
190 282 6
191 252 3
191 254 3
191 262 4
191 263 2
191 264 2
191 265 3
191 274 6
191 275 6
191 276 6
191 277 5
191 281 7
192 252 3
192 256 2
192 258 2
192 259 2
192 261 3
192 263 3
192 273 5
192 275 7
192 276 5
192 277 5
192 280 5
192 281 7
193 251 3
193 253 3
193 255 3
193 256 2
193 259 2
193 262 4
193 264 4
193 269 7
193 270 5
193 271 5
193 272 7
193 273 5
193 274 5
193 276 7
193 279 7
193 280 5
194 248 4
194 249 4
194 251 3
194 252 3
194 256 3
194 257 3
194 261 3
194 265 7
194 266 7
194 267 7
194 268 6
194 270 5
194 271 5
194 274 5
194 279 7
194 280 7
194 283 6
194 289 5
195 241 4
195 247 4
195 249 4
195 252 3
195 253 3
195 256 2
195 257 3
195 266 6
195 267 2
195 271 7
195 272 7
195 274 7
195 283 6
195 291 5
195 292 5
196 243 4
196 244 4
196 246 4
196 248 4
196 253 3
196 254 2
196 256 2
196 259 4
196 264 4
196 268 6
196 269 7
196 270 7
196 271 6
196 274 7
196 276 7
196 281 7
196 285 5
196 287 6
197 229 5
197 236 6
197 237 6
197 238 6
197 243 6
197 244 4
197 245 4
197 248 4
197 249 4
197 251 4
197 254 2
197 258 4
197 259 4
197 261 4
197 262 4
197 263 4
197 264 3
197 265 2
197 267 6
197 271 5
197 272 6
197 275 7
197 279 7
197 280 7
197 283 6
197 286 6
197 288 5
197 293 5
198 230 5
198 232 5
198 238 6
198 239 6
198 240 6
198 242 6
198 244 4
198 248 4
198 250 3
198 253 2
198 254 2
198 255 1
198 256 2
198 258 4
198 273 7
198 274 6
198 275 1
198 276 1
198 278 7
198 281 7
198 282 7
198 283 7
198 288 5
198 292 5
198 293 5
199 216 6
199 217 6
199 219 6
199 228 5
199 229 6
199 233 5
199 234 5
199 235 6
199 238 6
199 240 7
199 244 6
199 245 6
199 247 4
199 248 4
199 249 2
199 252 2
199 253 3
199 255 2
199 261 4
199 263 3
199 270 7
199 271 7
199 276 7
199 278 7
199 282 7
199 287 5
199 290 5
199 291 5
199 292 5
199 294 5
199 297 5
200 219 6
200 221 6
200 222 6
200 229 5
200 232 5
200 233 5
200 237 6
200 240 7
200 241 5
200 243 6
200 247 6
200 249 4
200 250 2
200 254 3
200 258 4
200 259 4
200 266 4
200 273 7
200 277 1
200 284 7
200 290 5
200 292 5
200 295 7
201 215 6
201 216 6
201 217 6
201 218 6
201 220 5
201 226 5
201 229 5
201 234 5
201 237 6
201 241 5
201 242 6
201 245 6
201 246 3
201 247 4
201 248 3
201 249 4
201 250 3
201 252 3
201 255 3
201 256 4
201 257 4
201 260 4
201 264 0
201 266 3
201 267 3
201 270 7
201 272 7
201 281 6
201 282 6
201 283 7
201 284 6
201 285 7
201 287 5
201 288 5
201 289 5
201 290 5
201 293 7
202 217 5
202 219 5
202 222 5
202 223 6
202 224 5
202 225 5
202 226 5
202 229 5
202 230 5
202 232 5
202 234 5
202 238 6
202 239 5
202 241 6
202 243 7
202 247 4
202 250 2
202 251 2
202 253 3
202 254 3
202 255 3
202 256 3
202 257 3
202 258 4
202 259 4
202 260 4
202 262 0
202 263 3
202 265 3
202 267 3
202 268 3
202 269 3
202 272 7
202 279 6
202 281 6
202 282 6
202 283 6
202 285 6
202 289 7
202 290 5
202 293 7
203 211 7
203 216 5
203 217 6
203 221 5
203 223 6
203 225 5
203 226 5
203 227 5
203 228 7
203 229 5
203 232 5
203 234 5
203 235 5
203 237 6
203 244 7
203 245 4
203 246 4
203 248 3
203 249 4
203 250 4
203 251 2
203 253 2
203 255 3
203 256 3
203 258 4
203 261 3
203 263 3
203 265 3
203 266 3
203 269 3
203 272 3
203 273 7
203 277 6
203 278 6
203 282 6
203 285 6
203 286 6
203 287 6
203 290 7
203 291 7
203 294 7
203 296 7
204 210 6
204 212 7
204 213 5
204 214 5
204 218 6
204 222 6
204 223 6
204 226 5
204 228 7
204 229 7
204 230 6
204 238 7
204 241 6
204 246 4
204 252 3
204 255 3
204 256 3
204 258 4
204 259 2
204 261 2
204 262 2
204 263 3
204 264 3
204 266 3
204 267 3
204 268 4
204 269 4
204 278 6
204 279 6
204 282 6
204 283 6
204 284 6
204 285 6
204 287 6
204 288 6
204 290 7
204 292 7
204 299 5
205 211 7
205 213 7
205 215 6
205 217 6
205 218 4
205 219 6
205 223 6
205 224 4
205 226 4
205 230 5
205 231 6
205 234 6
205 235 6
205 236 5
205 241 7
205 242 4
205 243 7
205 244 4
205 245 7
205 248 4
205 254 2
205 259 2
205 260 4
205 262 4
205 264 0
205 265 0
205 266 4
205 267 3
205 268 4
205 270 3
205 272 6
205 273 6
205 274 6
205 276 6
205 281 6
205 283 6
205 284 5
205 291 7
205 292 7
205 293 7
205 294 7
205 295 6
205 296 6
205 297 6
205 299 6
206 210 6
206 212 6
206 213 6
206 219 6
206 220 5
206 224 4
206 230 7
206 234 6
206 237 7
206 238 7
206 243 4
206 248 4
206 250 3
206 251 3
206 253 2
206 254 3
206 261 2
206 263 4
206 265 3
206 267 3
206 269 4
206 271 3
206 273 7
206 276 6
206 277 7
206 278 6
206 280 6
206 283 7
206 284 7
206 285 6
206 286 6
206 288 6
206 289 6
206 290 6
206 295 7
206 296 6
207 213 6
207 216 5
207 218 5
207 219 6
207 223 5
207 226 4
207 227 4
207 228 4
207 236 5
207 237 9
207 246 4
207 248 8
207 250 3
207 251 2
207 252 3
207 253 2
207 256 4
207 257 1
207 260 1
207 261 4
207 263 2
207 265 4
207 266 4
207 267 4
207 271 7
207 272 6
207 275 7
207 276 6
207 277 7
207 278 6
207 279 6
207 281 6
207 284 7
207 285 7
207 286 7
207 287 6
207 289 7
207 290 7
207 291 7
207 293 7
207 294 7
208 210 6
208 212 6
208 213 6
208 216 5
208 217 5
208 220 6
208 221 4
208 224 4
208 229 5
208 230 5
208 231 5
208 233 5
208 234 7
208 236 9
208 238 9
208 246 4
208 250 9
208 251 8
208 252 3
208 258 2
208 259 1
208 263 3
208 268 4
208 271 3
208 272 3
208 278 7
208 281 6
208 282 6
208 283 7
208 285 6
208 288 6
208 294 7
209 206 6
209 210 7
209 211 7
209 213 7
209 214 5
209 215 6
209 217 5
209 218 6
209 220 4
209 225 5
209 227 4
209 236 9
209 238 9
209 245 8
209 247 9
209 248 3
209 256 4
209 257 2
209 258 2
209 261 3
209 263 3
209 265 3
209 267 5
209 273 4
209 276 6
209 279 6
209 280 6
209 287 7
209 288 7
209 302 2
210 207 7
210 211 7
210 212 6
210 213 6
210 214 5
210 217 6
210 218 6
210 219 6
210 221 6
210 226 4
210 235 7
210 239 8
210 245 9
210 250 3
210 254 3
210 255 3
210 256 3
210 259 1
210 261 3
210 263 3
210 265 3
210 271 3
210 272 4
210 276 5
210 277 5
210 281 6
210 282 7
210 283 6
210 285 7
210 287 8
210 290 8
210 291 7
210 293 8
210 296 7
210 302 2
210 305 2
211 205 6
211 209 7
211 211 7
211 214 5
211 215 5
211 221 6
211 225 4
211 243 9
211 244 9
211 247 6
211 252 8
211 253 8
211 254 2
211 255 3
211 256 2
211 261 3
211 264 3
211 265 2
211 274 4
211 279 7
211 283 6
211 284 7
211 285 6
211 287 8
211 293 8
211 294 7
211 300 2
211 305 2
211 310 3
212 205 7
212 206 7
212 210 7
212 211 6
212 213 6
212 214 7
212 216 7
212 219 4
212 221 4
212 222 6
212 226 4
212 230 6
212 231 5
212 233 5
212 237 7
212 239 6
212 240 8
212 244 9
212 246 7
212 249 8
212 251 7
212 252 8
212 253 8
212 254 3
212 255 2
212 259 4
212 263 3
212 264 4
212 267 2
212 271 4
212 272 4
212 273 4
212 274 4
212 278 8
212 280 8
212 284 6
212 289 7
212 293 8
212 298 2
212 299 2
212 308 3
213 203 7
213 204 7
213 205 7
213 206 7
213 208 7
213 216 5
213 220 4
213 224 4
213 225 4
213 226 4
213 229 4
213 231 5
213 232 6
213 238 7
213 239 6
213 241 7
213 244 9
213 250 8
213 251 8
213 255 2
213 257 2
213 260 4
213 262 3
213 264 4
213 265 4
213 266 4
213 267 2
213 268 2
213 269 4
213 277 8
213 285 6
213 286 6
213 288 7
213 302 2
213 303 2
213 305 2
213 310 3
213 311 3
214 203 6
214 204 7
214 206 7
214 207 7
214 208 7
214 211 6
214 212 7
214 214 7
214 215 7
214 216 4
214 220 4
214 223 4
214 225 6
214 227 4
214 228 4
214 229 4
214 230 4
214 234 7
214 237 6
214 244 6
214 245 8
214 247 8
214 256 4
214 262 4
214 264 4
214 265 4
214 266 2
214 270 5
214 271 5
214 279 8
214 282 6
214 283 5
214 286 5
214 288 1
214 290 6
214 297 1
214 305 2
214 306 2
215 206 6
215 207 6
215 208 6
215 210 6
215 215 7
215 218 5
215 221 4
215 223 4
215 228 4
215 230 6
215 231 6
215 233 6
215 235 7
215 236 7
215 239 8
215 245 7
215 246 8
215 247 7
215 257 4
215 259 4
215 260 4
215 264 4
215 265 4
215 267 5
215 271 4
215 274 8
215 276 8
215 279 8
215 280 8
215 285 6
215 288 7
215 289 7
215 290 6
215 292 7
215 293 8
215 300 2
215 301 2
215 305 2
216 203 6
216 204 7
216 205 6
216 207 6
216 208 6
216 212 6
216 219 4
216 220 4
216 221 4
216 223 4
216 224 4
216 226 4
216 229 6
216 230 6
216 234 7
216 235 7
216 236 7
216 237 6
216 238 6
216 239 6
216 247 7
216 248 7
216 249 7
216 250 7
216 251 6
216 254 4
216 256 3
216 257 4
216 260 5
216 263 4
216 264 4
216 265 4
216 267 5
216 271 7
216 273 7
216 276 8
216 277 8
216 279 8
216 281 8
216 288 1
216 290 1
216 293 7
216 294 7
216 296 3
217 205 6
217 208 6
217 209 6
217 211 6
217 212 7
217 213 8
217 226 4
217 228 4
217 229 6
217 231 6
217 234 7
217 237 6
217 238 5
217 240 7
217 241 7
217 245 7
217 246 7
217 247 5
217 249 5
217 253 8
217 254 8
217 256 7
217 257 4
217 266 4
217 269 5
217 271 7
217 272 8
217 277 8
217 278 8
217 279 8
217 281 8
217 283 7
217 284 7
217 287 6
217 289 1
217 290 1
217 298 3
217 299 3
217 301 3
217 303 1
217 306 3
218 204 6
218 205 6
218 206 6
218 208 6
218 209 5
218 210 5
218 211 8
218 212 8
218 213 7
218 214 6
218 215 7
218 217 7
218 218 7
218 221 5
218 228 6
218 230 6
218 232 7
218 234 5
218 235 6
218 237 7
218 246 6
218 248 6
218 249 7
218 250 6
218 255 5
218 258 4
218 259 4
218 260 5
218 261 4
218 262 4
218 263 0
218 264 4
218 271 5
218 273 7
218 274 8
218 275 8
218 276 7
218 277 7
218 279 6
218 281 6
218 283 7
218 293 3
218 298 3
218 299 3
218 301 1
218 302 1
218 303 3
219 208 3
219 209 7
219 211 7
219 212 7
219 214 7
219 217 7
219 218 3
219 222 6
219 223 7
219 225 7
219 226 6
219 227 6
219 231 6
219 232 6
219 233 6
219 236 8
219 241 7
219 246 6
219 247 5
219 248 5
219 249 4
219 250 6
219 253 8
219 255 7
219 258 5
219 259 5
219 261 4
219 262 4
219 267 0
219 269 5
219 272 7
219 273 8
219 275 8
219 276 7
219 277 8
219 279 7
219 280 6
219 281 6
219 282 7
219 297 3
219 299 3
219 300 1
219 306 3
220 204 6
220 211 7
220 215 7
220 216 7
220 218 3
220 219 6
220 222 6
220 223 6
220 224 6
220 229 5
220 230 6
220 232 5
220 234 7
220 235 6
220 239 5
220 240 5
220 244 5
220 245 6
220 249 7
220 253 7
220 255 7
220 258 4
220 262 4
220 266 5
220 269 6
220 270 7
220 272 7
220 273 8
220 275 5
220 280 7
220 281 7
220 283 8
220 293 3
220 295 3
220 297 3
220 299 1
220 300 3
220 301 3
220 302 3
220 303 3
220 306 3
221 209 7
221 210 4
221 211 7
221 212 7
221 214 7
221 215 7
221 216 7
221 220 5
221 221 5
221 223 5
221 225 7
221 226 7
221 228 5
221 230 6
221 235 8
221 236 8
221 242 8
221 245 6
221 247 6
221 248 6
221 249 7
221 250 8
221 251 7
221 263 0
221 264 6
221 265 5
221 266 6
221 268 5
221 269 6
221 270 7
221 272 2
221 273 8
221 274 5
221 275 5
221 276 5
221 277 7
221 279 7
221 285 8
221 293 3
221 297 3
221 298 3
221 299 3
221 300 1
221 301 3
221 302 3
221 304 3
221 305 3
221 306 3
222 205 6
222 207 6
222 208 6
222 216 3
222 217 3
222 219 5
222 220 5
222 221 5
222 223 5
222 225 5
222 227 8
222 228 8
222 230 8
222 232 8
222 237 7
222 238 9
222 239 7
222 241 7
222 245 6
222 248 6
222 249 6
222 251 8
222 258 4
222 259 7
222 261 7
222 268 4
222 269 5
222 279 7
222 283 7
222 286 7
222 287 7
222 292 3
222 298 3
222 300 0
222 303 2
222 305 3
222 306 3
222 307 3
222 308 0
223 205 6
223 206 6
223 208 7
223 212 4
223 213 4
223 214 4
223 215 4
223 219 5
223 223 5
223 224 7
223 226 7
223 227 7
223 229 8
223 230 8
223 231 7
223 235 5
223 241 7
223 244 6
223 246 6
223 247 6
223 248 6
223 249 7
223 254 7
223 257 7
223 258 5
223 260 4
223 265 4
223 266 6
223 267 4
223 269 5
223 270 5
223 272 4
223 273 5
223 274 5
223 275 7
223 276 7
223 277 7
223 278 8
223 279 7
223 281 7
223 283 1
223 284 8
223 287 1
223 291 1
223 293 3
223 294 3
223 295 2
223 296 3
223 297 3
223 298 3
223 299 3
223 300 3
223 306 3
223 309 3
223 310 3
224 208 6
224 211 4
224 212 4
224 215 3
224 216 5
224 217 4
224 221 5
224 224 5
224 225 8
224 228 8
224 230 8
224 232 7
224 233 8
224 237 9
224 238 9
224 240 6
224 241 6
224 242 7
224 243 7
224 245 6
224 246 6
224 247 6
224 250 8
224 251 2
224 252 2
224 253 7
224 258 5
224 259 4
224 261 3
224 262 3
224 267 5
224 271 5
224 272 4
224 274 5
224 282 6
224 283 6
224 287 1
224 288 1
224 289 1
224 292 1
224 293 1
224 294 1
224 296 3
224 299 3
224 301 2
224 302 3
224 303 3
224 306 3
224 309 3
225 208 8
225 209 7
225 210 3
225 211 4
225 213 6
225 216 4
225 217 5
225 219 5
225 222 3
225 224 5
225 225 8
225 232 8
225 234 7
225 237 7
225 244 6
225 245 6
225 247 6
225 257 5
225 263 3
225 265 6
225 271 5
225 272 4
225 275 4
225 276 5
225 277 4
225 281 7
225 287 1
225 291 1
225 292 1
225 293 2
225 295 1
225 300 3
225 301 3
225 304 2
225 305 2
225 306 2
225 308 1
226 207 8
226 208 8
226 210 4
226 213 4
226 214 4
226 215 5
226 218 4
226 219 4
226 223 5
226 225 5
226 227 8
226 228 8
226 229 7
226 235 8
226 236 7
226 238 8
226 239 8
226 241 6
226 242 7
226 243 6
226 244 6
226 250 2
226 253 7
226 254 6
226 258 4
226 260 4
226 263 3
226 264 6
226 265 6
226 267 4
226 271 5
226 282 7
226 283 7
226 286 7
226 288 1
226 293 2
226 295 2
226 297 1
226 299 3
226 303 2
226 307 2
226 308 3
227 206 8
227 207 8
227 210 8
227 217 4
227 221 5
227 225 5
227 228 8
227 229 9
227 234 8
227 235 8
227 236 8
227 237 8
227 238 7
227 240 8
227 242 6
227 244 6
227 251 2
227 253 2
227 260 4
227 261 4
227 262 3
227 263 3
227 265 6
227 271 5
227 272 5
227 274 5
227 275 5
227 277 8
227 278 4
227 279 8
227 281 5
227 283 0
227 284 0
227 285 0
227 286 1
227 288 2
227 289 2
227 290 2
227 292 2
227 297 3
227 299 3
227 302 0
227 303 2
227 305 2
227 306 0
227 307 3
227 308 3
228 203 6
228 205 8
228 210 8
228 211 7
228 213 4
228 214 6
228 218 4
228 222 5
228 223 5
228 224 5
228 227 8
228 236 7
228 237 8
228 240 7
228 241 7
228 244 6
228 245 7
228 246 5
228 248 5
228 249 6
228 250 6
228 254 6
228 258 7
228 270 3
228 272 1
228 273 4
228 275 4
228 276 4
228 288 5
228 295 2
228 296 3
228 299 2
228 305 2
228 306 2
228 307 4
229 204 5
229 205 8
229 208 3
229 209 8
229 210 8
229 214 6
229 217 4
229 219 5
229 220 5
229 221 5
229 222 5
229 223 5
229 225 5
229 227 5
229 233 7
229 234 7
229 237 8
229 241 9
229 242 9
229 243 9
229 245 5
229 247 6
229 248 6
229 250 6
229 253 2
229 254 2
229 256 6
229 257 7
229 258 6
229 268 5
229 270 3
229 274 0
229 275 0
229 279 6
229 282 4
229 286 4
229 287 4
229 291 2
229 293 2
229 296 2
229 297 2
229 298 3
229 304 2
229 305 2
229 306 2
229 308 4
229 309 0
229 310 2
230 206 7
230 207 7
230 211 3
230 216 8
230 217 5
230 218 4
230 219 5
230 220 5
230 221 5
230 222 5
230 223 5
230 226 5
230 228 5
230 229 5
230 230 9
230 231 8
230 237 9
230 238 8
230 239 8
230 241 7
230 247 5
230 252 2
230 253 5
230 254 5
230 256 6
230 258 6
230 259 7
230 260 7
230 263 5
230 264 7
230 268 5
230 272 7
230 275 1
230 276 6
230 277 6
230 282 4
230 283 4
230 286 4
230 287 5
230 289 5
230 290 1
230 291 1
230 292 1
230 295 2
230 296 3
230 297 3
230 299 2
230 301 2
230 306 4
230 307 3
230 309 2
230 310 2
231 199 6
231 202 6
231 203 6
231 205 6
231 206 7
231 207 8
231 210 3
231 213 3
231 214 5
231 215 5
231 220 5
231 221 5
231 224 5
231 228 5
231 234 7
231 235 8
231 237 8
231 241 9
231 243 7
231 244 9
231 245 7
231 246 6
231 248 6
231 249 5
231 250 5
231 251 5
231 254 6
231 255 2
231 256 2
231 261 7
231 262 7
231 263 5
231 265 6
231 270 5
231 271 5
231 272 4
231 276 6
231 277 5
231 279 4
231 289 1
231 292 2
231 293 1
231 299 4
231 303 0
231 305 0
231 307 4
231 310 0
232 199 6
232 202 5
232 209 8
232 212 8
232 213 5
232 216 3
232 217 8
232 219 5
232 220 5
232 221 5
232 222 5
232 224 4
232 226 6
232 229 5
232 230 7
232 231 8
232 232 8
232 236 8
232 238 7
232 240 9
232 242 9
232 244 6
232 251 5
232 252 6
232 254 7
232 257 2
232 259 2
232 261 3
232 262 6
232 264 7
232 265 6
232 268 7
232 269 5
232 270 7
232 273 4
232 274 4
232 279 4
232 280 3
232 287 1
232 289 1
232 290 1
232 292 1
232 294 3
232 299 4
232 301 4
232 302 4
232 304 3
232 306 2
232 308 2
232 309 3
232 310 3
233 199 6
233 202 5
233 204 6
233 205 6
233 206 6
233 207 5
233 209 6
233 210 3
233 212 3
233 213 5
233 214 5
233 215 8
233 222 5
233 223 5
233 224 5
233 225 6
233 226 5
233 227 5
233 229 5
233 242 7
233 243 6
233 247 6
233 248 7
233 250 5
233 251 7
233 254 2
233 255 2
233 257 2
233 258 2
233 260 6
233 261 3
233 262 6
233 263 7
233 264 6
233 265 7
233 270 6
233 276 5
233 278 4
233 280 4
233 281 5
233 284 3
233 286 4
233 287 1
233 289 1
233 290 1
233 291 1
233 292 0
233 294 0
233 295 2
233 298 4
233 299 3
233 301 3
233 302 3
233 303 3
233 304 3
233 305 3
233 306 3
233 307 2
233 308 3
233 311 3
233 312 3
234 203 5
234 208 6
234 209 5
234 210 8
234 211 8
234 212 8
234 213 6
234 215 6
234 220 9
234 226 5
234 227 7
234 228 5
234 229 7
234 235 8
234 236 7
234 241 7
234 242 8
234 243 6
234 246 7
234 250 5
234 251 7
234 254 2
234 255 2
234 256 3
234 258 2
234 260 6
234 265 7
234 266 6
234 267 7
234 273 5
234 274 5
234 278 2
234 282 4
234 289 4
234 291 3
234 293 4
234 294 4
234 295 2
234 298 3
234 299 3
234 304 3
234 307 3
234 311 3
235 200 6
235 202 6
235 205 6
235 206 5
235 209 5
235 210 6
235 211 3
235 215 6
235 225 9
235 226 7
235 228 7
235 236 7
235 238 7
235 239 8
235 240 7
235 241 8
235 242 7
235 245 8
235 246 7
235 252 2
235 253 2
235 254 2
235 257 3
235 258 6
235 259 3
235 260 2
235 262 7
235 265 7
235 266 6
235 272 5
235 274 5
235 275 5
235 278 5
235 279 5
235 283 2
235 291 3
235 292 0
235 296 3
235 297 3
235 298 3
235 299 3
235 300 3
235 301 3
235 302 3
235 303 2
235 304 2
235 305 3
235 307 3
235 308 3
235 311 3
236 198 6
236 206 5
236 209 5
236 211 5
236 213 6
236 214 6
236 216 6
236 217 5
236 223 9
236 224 9
236 226 9
236 229 7
236 233 8
236 234 8
236 236 8
236 237 8
236 242 8
236 244 8
236 245 6
236 247 7
236 250 6
236 252 6
236 253 2
236 258 3
236 259 3
236 260 6
236 262 7
236 263 7
236 264 7
236 268 7
236 270 7
236 272 6
236 275 5
236 276 5
236 277 5
236 279 5
236 290 3
236 291 3
236 292 3
236 293 3
236 297 3
236 298 3
236 300 3
236 304 3
236 305 3
236 306 3
236 310 3
236 311 3
236 312 3
237 199 6
237 209 5
237 212 6
237 214 6
237 217 8
237 220 8
237 221 9
237 223 9
237 224 9
237 225 9
237 226 9
237 228 7
237 232 8
237 233 8
237 236 8
237 240 7
237 245 8
237 246 7
237 250 6
237 251 6
237 252 2
237 256 2
237 260 3
237 262 7
237 264 7
237 266 7
237 267 3
237 270 6
237 271 7
237 272 7
237 273 7
237 275 5
237 276 5
237 277 2
237 278 1
237 282 4
237 286 2
237 288 4
237 289 4
237 297 3
237 298 4
237 301 3
237 302 3
237 303 3
237 304 3
237 305 3
237 307 3
237 309 3
238 197 7
238 199 6
238 204 7
238 215 6
238 227 7
238 228 7
238 229 10
238 231 8
238 232 8
238 233 8
238 234 8
238 235 8
238 239 8
238 240 8
238 241 8
238 243 7
238 244 7
238 247 6
238 248 7
238 253 9
238 256 3
238 262 7
238 264 2
238 265 3
238 266 7
238 276 5
238 277 5
238 278 1
238 284 4
238 285 3
238 288 1
238 290 4
238 293 3
238 295 3
238 299 3
238 300 3
238 302 3
238 303 3
238 306 3
238 309 3
238 312 3
238 314 2
238 319 3
239 195 7
239 197 7
239 199 7
239 202 7
239 203 7
239 205 7
239 207 7
239 209 7
239 212 6
239 213 7
239 217 6
239 218 8
239 220 9
239 224 9
239 225 10
239 226 7
239 228 5
239 229 10
239 231 7
239 232 8
239 233 8
239 235 8
239 239 8
239 244 8
239 245 8
239 246 6
239 247 7
239 255 2
239 257 3
239 259 3
239 260 3
239 261 3
239 263 3
239 265 3
239 267 3
239 268 3
239 274 6
239 275 4
239 283 1
239 284 0
239 285 3
239 286 1
239 287 3
239 289 3
239 290 4
239 291 4
239 292 3
239 295 3
239 296 3
239 297 2
239 302 3
239 303 0
239 306 3
239 307 3
239 312 3
239 314 3
239 316 3
239 319 3
240 196 7
240 197 6
240 198 7
240 205 7
240 206 7
240 207 7
240 208 7
240 210 7
240 214 6
240 215 6
240 218 6
240 219 8
240 220 8
240 224 10
240 225 7
240 226 7
240 228 8
240 229 5
240 230 8
240 233 8
240 234 8
240 236 8
240 238 8
240 241 7
240 242 8
240 246 6
240 248 6
240 249 8
240 255 2
240 256 2
240 257 2
240 258 6
240 259 3
240 262 3
240 263 2
240 264 3
240 265 3
240 273 4
240 280 0
240 282 3
240 285 3
240 289 4
240 292 3
240 298 3
240 299 3
240 303 0
240 305 3
240 307 3
240 310 3
240 312 2
240 319 3
241 195 6
241 198 7
241 199 7
241 203 7
241 205 7
241 211 7
241 214 8
241 215 6
241 216 6
241 217 6
241 218 6
241 220 8
241 223 9
241 224 8
241 228 5
241 230 8
241 232 8
241 233 8
241 235 8
241 240 8
241 241 8
241 242 8
241 243 8
241 244 6
241 245 6
241 250 8
241 251 8
241 252 8
241 256 6
241 263 3
241 266 3
241 272 4
241 273 4
241 279 0
241 280 0
241 281 3
241 282 3
241 285 1
241 286 3
241 287 3
241 289 4
241 290 1
241 292 3
241 297 3
241 299 2
241 300 2
241 301 2
241 303 0
241 304 0
241 309 3
241 310 3
241 314 3
241 315 2
242 195 7
242 197 6
242 200 7
242 201 7
242 205 7
242 210 7
242 211 7
242 212 7
242 213 8
242 214 6
242 216 6
242 217 6
242 222 7
242 223 7
242 224 7
242 225 10
242 226 5
242 227 5
242 228 8
242 229 8
242 230 8
242 232 8
242 236 7
242 240 8
242 245 6
242 246 6
242 252 7
242 255 6
242 256 6
242 257 6
242 258 6
242 259 100000
242 260 10
242 261 9
242 263 3
242 264 3
242 265 3
242 267 6
242 270 4
242 272 4
242 273 4
242 274 4
242 275 4
242 281 3
242 283 3
242 285 3
242 295 3
242 298 3
242 303 0
242 305 3
242 307 3
243 201 7
243 202 7
243 204 7
243 207 7
243 209 7
243 210 7
243 212 8
243 213 8
243 219 9
243 220 9
243 221 7
243 223 9
243 224 7
243 231 8
243 232 8
243 234 8
243 241 3
243 245 8
243 255 7
243 256 6
243 257 10
243 259 10
243 260 9
243 262 3
243 263 5
243 264 6
243 265 6
243 267 5
243 272 4
243 274 4
243 277 0
243 278 0
243 279 0
243 282 3
243 284 3
243 286 1
243 288 1
243 291 2
243 292 3
243 294 4
243 299 3
243 302 3
243 303 4
243 305 0
243 306 4
243 307 3
243 309 3
243 314 3
243 315 2
244 198 7
244 202 7
244 203 7
244 208 7
244 209 7
244 212 8
244 213 8
244 216 6
244 217 6
244 225 7
244 227 5
244 228 5
244 231 8
244 235 8
244 236 3
244 238 7
244 241 7
244 242 6
244 247 7
244 252 7
244 253 7
244 256 9
244 257 10
244 258 10
244 259 10
244 260 1
244 263 1
244 265 6
244 269 2
244 273 4
244 275 0
244 276 3
244 282 3
244 292 3
244 295 1
244 299 2
244 300 4
244 301 3
244 304 4
244 305 3
244 308 4
244 309 3
245 201 7
245 202 7
245 203 7
245 208 7
245 213 8
245 214 8
245 215 6
245 219 6
245 223 9
245 226 5
245 228 7
245 229 5
245 237 8
245 242 6
245 247 8
245 252 6
245 253 6
245 256 9
245 258 10
245 259 10
245 263 6
245 264 3
245 266 2
245 267 5
245 271 7
245 273 4
245 274 4
245 281 2
245 282 1
245 284 3
245 290 1
245 291 3
245 297 2
245 300 3
245 301 4
245 302 4
245 305 4
245 308 3
245 315 8
246 202 7
246 203 0
246 205 1
246 211 8
246 213 8
246 219 6
246 221 3
246 224 5
246 226 5
246 227 5
246 228 7
246 234 3
246 236 3
246 238 3
246 242 6
246 246 7
246 253 8
246 255 7
246 256 10
246 257 10
246 262 1
246 263 1
246 266 6
246 276 3
246 277 3
246 278 3
246 283 8
246 285 3
246 289 2
246 290 2
246 291 2
246 292 1
246 294 1
246 295 2
246 297 4
246 301 2
246 302 3
246 305 4
246 306 4
246 307 4
246 309 3
246 317 8
247 201 2
247 203 2
247 204 0
247 205 1
247 206 1
247 208 0
247 209 7
247 210 8
247 212 8
247 215 6
247 216 7
247 217 6
247 225 5
247 226 5
247 235 3
247 237 3
247 240 6
247 242 3
247 245 8
247 246 8
247 252 9
247 253 8
247 254 7
247 256 10
247 258 10
247 268 6
247 272 4
247 273 4
247 274 4
247 277 2
247 279 2
247 281 2
247 283 1
247 284 8
247 288 2
247 289 1
247 292 2
247 293 2
247 295 2
247 298 4
247 302 3
247 305 4
247 312 8
247 315 8
247 317 8
248 199 2
248 202 2
248 204 0
248 205 1
248 207 1
248 208 2
248 209 8
248 213 7
248 217 8
248 223 3
248 225 3
248 227 3
248 230 7
248 237 3
248 238 3
248 243 7
248 244 7
248 246 7
248 248 7
248 254 9
248 255 8
248 256 9
248 257 9
248 267 5
248 268 4
248 275 5
248 276 5
248 277 5
248 279 2
248 281 2
248 285 8
248 291 1
248 292 2
248 295 2
248 296 2
248 297 4
248 298 4
248 303 3
248 306 3
248 309 3
248 310 4
248 312 8
249 196 2
249 204 1
249 205 2
249 206 1
249 208 1
249 209 0
249 210 1
249 211 8
249 212 8
249 215 7
249 216 7
249 217 7
249 220 3
249 222 3
249 223 3
249 226 2
249 227 3
249 231 4
249 236 3
249 237 3
249 238 8
249 241 3
249 245 7
249 247 8
249 248 7
249 251 8
249 253 9
249 254 8
249 260 10
249 261 9
249 262 9
249 263 9
249 265 1
249 269 6
249 272 1
249 273 5
249 274 2
249 280 8
249 282 3
249 286 3
249 288 2
249 290 2
249 292 2
249 294 1
249 297 4
249 302 4
249 303 4
249 304 4
249 306 8
249 308 4
249 310 8
249 312 8
249 313 8
249 315 8
249 316 8
249 318 8
250 195 1
250 201 2
250 204 2
250 206 2
250 209 8
250 210 1
250 213 8
250 215 8
250 218 8
250 219 8
250 222 3
250 224 2
250 225 2
250 226 2
250 230 6
250 235 2
250 236 8
250 241 3
250 250 8
250 255 8
250 256 8
250 257 10
250 260 9
250 263 9
250 265 5
250 266 5
250 269 6
250 272 4
250 274 1
250 275 2
250 281 8
250 282 3
250 283 8
250 284 8
250 286 3
250 287 3
250 288 8
250 289 2
250 290 3
250 294 2
250 296 2
250 306 4
250 307 3
250 308 3
250 310 4
250 314 8
250 317 8
251 195 1
251 199 2
251 201 2
251 202 1
251 205 1
251 207 0
251 209 0
251 211 0
251 213 7
251 214 7
251 218 1
251 220 2
251 221 2
251 223 2
251 226 2
251 229 4
251 230 4
251 232 4
251 233 4
251 237 2
251 244 8
251 245 8
251 249 8
251 251 8
251 252 8
251 253 8
251 255 8
251 264 0
251 268 1
251 270 1
251 272 4
251 274 2
251 276 1
251 280 5
251 283 8
251 285 8
251 286 7
251 289 2
251 291 3
251 295 1
251 296 3
251 297 1
251 298 1
251 301 4
251 304 3
251 306 4
251 307 4
251 308 8
251 309 4
251 310 6
251 313 7
251 314 7
251 315 8
251 317 8
252 195 2
252 197 2
252 202 2
252 205 2
252 214 6
252 216 7
252 218 1
252 219 0
252 222 3
252 223 1
252 225 6
252 226 6
252 228 6
252 230 6
252 231 6
252 234 8
252 236 2
252 237 2
252 238 8
252 240 3
252 243 6
252 246 7
252 247 6
252 248 6
252 249 6
252 251 8
252 252 8
252 253 8
252 256 6
252 257 10
252 259 10
252 262 9
252 266 5
252 272 9
252 281 2
252 282 5
252 291 2
252 294 3
252 295 3
252 297 7
252 299 8
252 301 3
252 305 4
252 306 4
252 307 4
252 310 6
252 312 8
252 314 8
252 315 8
253 196 0
253 199 2
253 200 2
253 201 2
253 202 2
253 204 0
253 207 0
253 211 1
253 212 7
253 216 7
253 217 4
253 218 1
253 223 2
253 228 6
253 232 6
253 233 5
253 237 2
253 240 3
253 242 6
253 244 7
253 245 7
253 249 5
253 254 9
253 255 8
253 256 9
253 257 6
253 258 7
253 262 9
253 263 9
253 267 1
253 268 9
253 269 1
253 270 9
253 273 2
253 278 2
253 283 2
253 288 2
253 291 2
253 292 3
253 294 3
253 295 3
253 298 3
253 299 8
253 301 8
253 302 4
253 311 6
253 313 8
253 314 8
253 317 8
253 318 8
254 195 0
254 197 2
254 198 2
254 199 2
254 200 2
254 201 2
254 203 0
254 204 0
254 206 0
254 211 0
254 215 7
254 217 3
254 218 1
254 222 1
254 224 6
254 227 6
254 228 6
254 229 6
254 232 6
254 237 2
254 238 3
254 242 3
254 245 6
254 249 8
254 250 3
254 251 6
254 254 9
254 257 7
254 259 7
254 260 9
254 261 9
254 264 0
254 265 9
254 266 1
254 267 9
254 268 0
254 272 9
254 274 2
254 279 5
254 280 2
254 282 1
254 283 2
254 287 6
254 291 2
254 292 2
254 293 3
254 297 3
254 298 7
254 299 8
254 302 8
254 303 7
254 305 4
254 306 4
254 307 6
254 310 8
254 313 8
254 317 8
255 195 0
255 196 2
255 197 2
255 199 2
255 204 0
255 207 0
255 208 0
255 209 1
255 211 1
255 214 7
255 215 7
255 216 3
255 219 2
255 220 2
255 224 7
255 229 5
255 232 5
255 240 6
255 241 3
255 242 6
255 246 5
255 247 6
255 248 3
255 250 6
255 257 9
255 261 7
255 262 9
255 263 9
255 266 2
255 267 1
255 270 9
255 271 9
255 272 9
255 277 5
255 279 1
255 283 1
255 285 6
255 287 3
255 288 3
255 289 3
255 294 3
255 299 8
255 303 8
255 304 6
255 306 7
255 311 7
255 313 8
255 315 8
256 191 2
256 196 2
256 197 2
256 199 1
256 203 0
256 204 2
256 206 0
256 212 0
256 214 7
256 218 1
256 220 1
256 221 4
256 223 7
256 224 6
256 225 7
256 227 6
256 228 6
256 229 7
256 231 7
256 232 5
256 240 6
256 241 6
256 246 5
256 251 6
256 255 8
256 257 8
256 258 9
256 259 9
256 262 9
256 263 9
256 266 1
256 267 1
256 268 9
256 269 9
256 270 9
256 271 9
256 272 8
256 273 8
256 276 5
256 277 6
256 278 6
256 279 6
256 283 6
256 285 5
256 288 3
256 289 2
256 296 8
256 299 4
256 305 7
256 306 6
256 307 6
256 308 6
256 313 8
256 314 5
256 316 8
257 191 2
257 198 2
257 200 2
257 205 0
257 207 0
257 209 0
257 210 0
257 212 0
257 217 2
257 218 3
257 225 7
257 226 7
257 227 6
257 230 5
257 232 5
257 236 2
257 240 6
257 243 6
257 245 3
257 249 5
257 251 5
257 255 7
257 259 7
257 260 7
257 266 3
257 267 2
257 269 8
257 270 8
257 273 1
257 275 5
257 276 6
257 279 6
257 280 6
257 282 1
257 284 5
257 289 3
257 290 2
257 291 2
257 294 2
257 299 8
257 300 8
257 302 7
257 305 7
257 311 7
257 312 8
257 313 8
258 196 2
258 197 2
258 198 2
258 201 2
258 203 2
258 204 0
258 205 2
258 208 0
258 209 0
258 210 6
258 211 0
258 212 6
258 216 3
258 220 3
258 221 3
258 222 4
258 225 7
258 226 6
258 227 6
258 232 5
258 236 2
258 237 2
258 238 2
258 242 6
258 244 6
258 245 5
258 247 5
258 248 5
258 253 5
258 255 9
258 259 5
258 264 2
258 265 3
258 267 8
258 272 8
258 274 6
258 275 8
258 276 6
258 277 8
258 280 6
258 288 3
258 289 7
258 294 7
258 297 7
258 299 8
258 304 7
258 308 7
258 310 6
258 312 8
258 314 5
259 195 2
259 196 2
259 197 2
259 198 2
259 202 1
259 204 0
259 210 6
259 212 6
259 213 7
259 214 7
259 218 4
259 219 3
259 221 4
259 222 4
259 223 4
259 227 7
259 231 6
259 232 7
259 235 2
259 236 2
259 241 6
259 244 6
259 246 5
259 248 5
259 253 4
259 256 4
259 261 9
259 262 3
259 265 3
259 268 8
259 269 8
259 274 8
259 275 8
259 276 8
259 279 6
259 281 8
259 282 8
259 284 5
259 293 7
259 296 7
259 298 8
259 299 7
259 300 8
259 302 8
259 303 2
259 305 7
259 309 6
259 311 7
259 312 7
259 313 7
259 314 7
260 194 2
260 195 2
260 196 2
260 197 2
260 206 0
260 208 0
260 210 0
260 213 0
260 214 0
260 218 4
260 221 4
260 226 6
260 228 6
260 230 6
260 235 2
260 241 6
260 246 5
260 247 5
260 251 4
260 254 9
260 255 9
260 256 4
260 257 4
260 258 8
260 259 9
260 261 8
260 265 2
260 267 9
260 268 9
260 269 9
260 274 7
260 275 8
260 278 6
260 281 6
260 282 8
260 286 4
260 288 7
260 289 7
260 290 7
260 291 7
260 292 7
260 295 7
260 297 7
260 298 7
260 299 8
260 300 8
260 301 8
260 304 7
260 307 7
260 311 7
260 312 7
260 313 7
260 315 7
261 192 2
261 193 2
261 194 2
261 195 2
261 197 2
261 205 2
261 206 0
261 207 0
261 209 0
261 210 6
261 213 7
261 214 7
261 216 0
261 219 0
261 225 6
261 228 5
261 229 7
261 234 7
261 238 6
261 240 6
261 243 5
261 247 5
261 248 5
261 250 5
261 252 4
261 253 4
261 255 9
261 256 9
261 258 7
261 259 8
261 261 3
261 262 3
261 267 7
261 272 8
261 273 6
261 274 8
261 276 8
261 282 6
261 289 5
261 291 7
261 292 7
261 293 5
261 295 7
261 296 7
261 297 7
261 298 7
261 299 8
261 300 7
261 301 8
261 303 6
261 307 8
261 309 7
261 310 7
261 311 7
261 313 7
261 315 7
262 193 2
262 195 2
262 197 2
262 199 2
262 201 2
262 203 0
262 205 0
262 207 0
262 208 0
262 210 0
262 212 0
262 215 0
262 218 0
262 219 2
262 220 0
262 222 0
262 223 0
262 227 6
262 230 6
262 231 4
262 237 4
262 240 6
262 241 6
262 247 5
262 248 5
262 254 4
262 255 4
262 256 9
262 257 9
262 258 8
262 259 9
262 260 9
262 261 3
262 263 3
262 265 3
262 268 3
262 270 8
262 273 8
262 274 6
262 277 6
262 278 6
262 279 6
262 280 6
262 284 7
262 285 7
262 286 4
262 290 7
262 292 7
262 293 7
262 295 7
262 299 7
262 300 8
262 304 7
262 305 6
262 306 7
262 307 7
262 308 7
262 310 7
263 194 2
263 196 2
263 197 2
263 198 2
263 201 2
263 206 0
263 209 0
263 210 0
263 211 6
263 213 0
263 214 0
263 216 0
263 218 0
263 221 1
263 223 1
263 228 5
263 230 2
263 231 7
263 233 6
263 234 7
263 238 3
263 240 6
263 242 6
263 244 6
263 245 5
263 248 5
263 250 5
263 251 5
263 253 5
263 254 5
263 255 5
263 256 9
263 258 9
263 260 8
263 262 3
263 265 7
263 269 7
263 270 8
263 271 8
263 273 6
263 276 6
263 277 6
263 278 6
263 279 6
263 280 6
263 281 6
263 284 7
263 285 7
263 287 7
263 292 6
263 294 6
263 295 7
263 296 7
263 298 7
263 299 7
263 304 7
263 307 8
263 309 8
263 310 7
263 311 7
263 313 7
264 191 2
264 192 2
264 194 2
264 198 1
264 203 0
264 205 0
264 208 0
264 209 0
264 211 0
264 215 0
264 217 1
264 218 0
264 219 0
264 220 0
264 223 0
264 228 2
264 229 2
264 230 7
264 231 6
264 233 7
264 234 6
264 236 7
264 237 7
264 240 6
264 241 6
264 248 5
264 254 9
264 256 5
264 258 7
264 260 9
264 261 8
264 262 8
264 275 6
264 277 6
264 282 8
264 286 7
264 291 7
264 292 7
264 295 7
264 297 7
264 299 6
264 302 6
264 303 8
264 309 7
264 314 7
265 191 1
265 192 1
265 193 2
265 194 2
265 195 2
265 196 2
265 198 2
265 200 2
265 201 2
265 203 0
265 205 0
265 206 0
265 208 2
265 210 0
265 213 0
265 214 0
265 215 0
265 217 1
265 218 0
265 220 0
265 224 2
265 226 2
265 234 6
265 243 3
265 250 5
265 254 5
265 255 5
265 260 7
265 261 7
265 263 8
265 264 7
265 265 9
265 270 7
265 271 7
265 272 7
265 275 10
265 276 6
265 280 7
265 282 8
265 283 7
265 284 8
265 287 7
265 288 7
265 289 7
265 290 7
265 292 7
265 295 7
265 296 7
265 301 6
265 304 7
265 305 8
265 306 7
265 307 7
265 309 7
265 312 7
265 313 8
265 314 7
266 191 2
266 192 2
266 193 2
266 196 1
266 199 1
266 202 0
266 206 0
266 207 0
266 208 2
266 211 0
266 213 0
266 214 0
266 215 0
266 218 1
266 219 2
266 220 0
266 222 0
266 226 2
266 228 2
266 241 2
266 244 4
266 247 4
266 248 4
266 251 5
266 252 5
266 255 9
266 258 3
266 259 8
266 264 7
266 266 7
266 267 7
266 268 7
266 271 7
266 272 7
266 275 8
266 276 8
266 279 8
266 285 7
266 287 7
266 288 7
266 289 7
266 290 7
266 291 5
266 293 7
266 294 6
266 295 7
266 297 7
266 303 6
266 304 8
266 305 7
266 306 7
266 307 7
267 193 2
267 194 1
267 196 1
267 201 0
267 202 2
267 205 0
267 206 0
267 208 0
267 209 2
267 210 2
267 211 2
267 213 0
267 214 0
267 215 0
267 216 2
267 218 1
267 220 0
267 226 2
267 228 4
267 229 2
267 230 4
267 233 2
267 234 7
267 235 4
267 238 4
267 242 3
267 246 4
267 247 5
267 251 5
267 252 5
267 255 7
267 257 3
267 259 6
267 261 2
267 264 9
267 265 9
267 268 7
267 270 7
267 273 7
267 280 6
267 281 7
267 282 7
267 284 7
267 285 7
267 287 7
267 291 7
267 294 7
267 295 7
267 296 7
267 297 7
267 303 8
267 304 8
267 309 8
267 311 8
267 312 8
267 313 8
268 190 2
268 193 2
268 196 1
268 200 1
268 201 0
268 204 2
268 205 2
268 206 2
268 213 1
268 214 0
268 217 1
268 219 2
268 220 0
268 227 2
268 228 2
268 230 2
268 232 2
268 238 5
268 242 3
268 243 5
268 244 4
268 246 4
268 247 4
268 248 4
268 251 5
268 255 3
268 257 7
268 261 7
268 263 2
268 264 2
268 267 7
268 270 7
268 273 7
268 276 8
268 277 8
268 279 8
268 280 8
268 281 6
268 285 7
268 287 7
268 291 7
268 293 3
268 296 8
268 298 7
268 299 7
268 300 8
268 302 8
268 309 8
268 311 7
268 312 8
268 313 8
268 314 8
269 188 2
269 191 2
269 192 2
269 197 1
269 200 1
269 204 2
269 205 2
269 207 2
269 208 0
269 211 2
269 212 1
269 217 0
269 218 2
269 219 0
269 220 0
269 221 4
269 222 4
269 224 4
269 225 2
269 227 4
269 229 4
269 230 4
269 233 4
269 237 4
269 242 5
269 245 5
269 247 5
269 250 7
269 252 5
269 258 7
269 260 7
269 262 7
269 263 2
269 266 8
269 269 5
269 270 5
269 271 5
269 273 7
269 274 7
269 277 8
269 278 7
269 281 7
269 282 6
269 283 7
269 284 7
269 285 6
269 288 7
269 292 3
269 296 7
269 298 7
269 299 6
269 301 6
269 307 8
269 309 8
269 311 8
269 312 8
269 313 8
269 314 8
270 190 2
270 191 2
270 193 2
270 194 2
270 195 2
270 197 2
270 198 0
270 200 0
270 203 0
270 208 1
270 209 1
270 210 0
270 211 0
270 213 1
270 215 1
270 217 1
270 218 2
270 220 0
270 222 4
270 223 4
270 225 4
270 226 4
270 227 1
270 228 4
270 229 4
270 230 4
270 233 4
270 234 4
270 235 4
270 242 5
270 244 5
270 249 5
270 254 5
270 255 8
270 256 3
270 257 3
270 259 2
270 260 2
270 263 2
270 265 1
270 266 8
270 269 8
270 272 7
270 273 7
270 274 7
270 277 6
270 280 5
270 283 6
270 284 6
270 290 8
270 291 5
270 293 5
270 294 3
270 295 6
270 297 8
270 298 7
270 299 6
270 300 6
270 301 7
270 303 8
270 304 8
270 305 8
270 306 8
270 307 8
270 309 8
270 311 8
270 312 8
270 314 8
271 190 2
271 193 1
271 196 2
271 197 1
271 199 2
271 200 1
271 203 2
271 205 2
271 206 2
271 209 2
271 210 1
271 211 1
271 213 2
271 217 0
271 218 2
271 220 4
271 221 2
271 223 2
271 225 4
271 226 4
271 227 2
271 232 4
271 234 4
271 235 4
271 238 5
271 240 2
271 241 2
271 244 5
271 245 5
271 249 4
271 251 7
271 255 8
271 260 7
271 263 7
271 264 1
271 265 7
271 269 7
271 274 7
271 275 7
271 277 6
271 278 5
271 280 5
271 281 7
271 282 7
271 283 6
271 285 7
271 290 8
271 293 7
271 294 7
271 297 8
271 300 6
271 303 8
271 305 7
271 308 8
271 314 8
272 199 0
272 201 1
272 204 2
272 205 2
272 206 2
272 208 0
272 209 2
272 210 1
272 215 1
272 216 2
272 217 1
272 218 2
272 222 4
272 223 4
272 224 4
272 225 4
272 227 2
272 230 2
272 238 5
272 241 0
272 242 5
272 245 3
272 247 4
272 249 4
272 252 5
272 253 8
272 258 3
272 259 6
272 263 7
272 265 8
272 267 8
272 271 7
272 272 5
272 275 7
272 278 6
272 281 7
272 282 6
272 284 5
272 287 6
272 290 7
272 298 7
272 307 8
272 308 8
272 311 8
272 312 7
273 191 2
273 192 2
273 203 2
273 204 2
273 205 2
273 207 0
273 208 2
273 209 2
273 210 1
273 211 1
273 213 2
273 218 2
273 221 4
273 222 1
273 225 4
273 232 4
273 233 4
273 236 3
273 237 4
273 242 1
273 243 1
273 244 1
273 245 5
273 251 5
273 252 5
273 253 9
273 256 4
273 258 4
273 259 8
273 261 7
273 263 2
273 267 8
273 268 8
273 269 8
273 271 7
273 272 5
273 274 5
273 276 6
273 283 5
273 285 7
273 287 7
273 294 9
273 305 7
273 306 8
273 308 8
273 310 8
273 311 8
273 313 8
273 314 8
273 315 8
274 191 2
274 192 2
274 193 2
274 195 2
274 198 2
274 199 1
274 204 2
274 217 2
274 218 0
274 220 0
274 221 0
274 225 2
274 232 2
274 233 2
274 236 3
274 237 2
274 240 2
274 241 2
274 242 0
274 244 1
274 245 1
274 247 4
274 254 8
274 255 9
274 260 6
274 262 7
274 267 8
274 271 8
274 273 6
274 278 5
274 282 5
274 284 5
274 296 9
274 298 7
274 310 8
274 311 8
274 312 8
275 198 2
275 199 2
275 202 2
275 205 2
275 207 2
275 208 2
275 209 1
275 210 2
275 213 2
275 214 1
275 219 2
275 223 2
275 225 2
275 229 1
275 234 3
275 235 2
275 236 1
275 241 0
275 242 1
275 243 1
275 244 6
275 245 1
275 246 5
275 247 5
275 249 6
275 252 6
275 254 6
275 256 4
275 257 4
275 260 4
275 264 2
275 268 8
275 269 8
275 272 7
275 274 6
275 275 6
275 278 5
275 284 6
275 285 6
275 289 6
275 296 9
275 299 6
275 305 7
275 306 8
275 310 8
275 313 8
275 317 7
276 193 2
276 194 2
276 195 1
276 196 2
276 197 2
276 198 2
276 199 2
276 202 2
276 204 2
276 205 2
276 206 2
276 209 4
276 210 4
276 214 3
276 217 3
276 219 2
276 220 2
276 221 2
276 222 2
276 223 2
276 228 2
276 229 1
276 235 2
276 239 0
276 243 1
276 244 1
276 246 6
276 248 7
276 249 7
276 250 6
276 251 9
276 252 9
276 254 6
276 256 9
276 257 6
276 261 3
276 264 3
276 265 3
276 270 6
276 271 7
276 273 8
276 275 7
276 281 5
276 284 6
276 287 7
276 294 9
276 298 9
276 302 7
276 304 9
276 307 8
276 309 7
276 312 7
276 313 7
277 194 1
277 196 1
277 200 2
277 202 2
277 205 2
277 208 2
277 210 2
277 214 2
277 216 2
277 221 2
277 223 2
277 226 2
277 227 2
277 230 2
277 235 1
277 236 3
277 238 3
277 239 1
277 240 1
277 241 1
277 242 4
277 245 6
277 246 6
277 248 5
277 249 5
277 250 6
277 252 6
277 257 6
277 259 6
277 260 3
277 264 8
277 265 3
277 266 7
277 268 7
277 269 8
277 271 6
277 272 5
277 276 8
277 279 2
277 280 2
277 281 6
277 283 6
277 284 6
277 286 6
277 290 6
277 295 9
277 298 7
277 299 8
277 300 7
277 303 7
277 304 4
277 305 9
277 306 9
277 307 8
277 309 8
277 313 7
278 191 4
278 194 2
278 196 1
278 199 1
278 200 2
278 201 2
278 202 2
278 209 4
278 212 2
278 213 2
278 214 2
278 215 4
278 216 4
278 217 2
278 221 1
278 223 2
278 225 2
278 227 2
278 237 3
278 239 0
278 240 1
278 241 1
278 243 2
278 244 6
278 245 2
278 248 7
278 253 9
278 254 9
278 258 4
278 259 5
278 260 3
278 262 6
278 268 7
278 276 6
278 279 2
278 280 2
278 281 2
278 286 6
278 294 8
278 297 9
278 299 8
278 301 8
278 304 9
278 305 9
278 306 9
278 307 7
278 312 8
278 313 8
278 314 8
279 192 4
279 193 1
279 195 1
279 202 1
279 204 1
279 208 4
279 210 4
279 213 0
279 216 0
279 217 0
279 219 2
279 223 2
279 225 2
279 233 3
279 239 1
279 241 1
279 242 0
279 243 5
279 247 5
279 248 7
279 253 6
279 256 7
279 261 3
279 263 3
279 266 6
279 267 6
279 269 7
279 270 7
279 271 7
279 276 8
279 278 2
279 279 8
279 280 2
279 281 8
279 283 6
279 287 8
279 288 6
279 294 8
279 295 8
279 296 9
279 299 8
279 300 7
279 302 6
279 308 7
279 309 8
280 192 4
280 196 1
280 202 1
280 208 4
280 214 4
280 216 4
280 218 2
280 224 2
280 225 2
280 228 1
280 229 1
280 232 3
280 234 1
280 235 1
280 238 3
280 239 5
280 240 6
280 241 5
280 242 0
280 246 5
280 248 5
280 252 4
280 253 7
280 254 4
280 257 7
280 259 5
280 263 3
280 264 8
280 265 8
280 267 8
280 268 6
280 270 7
280 272 8
280 273 7
280 274 7
280 277 7
280 278 2
280 281 8
280 283 2
280 285 2
280 286 6
280 288 4
280 289 6
280 292 9
280 293 8
280 297 8
280 298 8
280 299 8
280 304 9
280 307 8
280 308 9
280 309 8
280 310 8
281 200 1
281 201 1
281 206 4
281 207 4
281 213 4
281 215 0
281 222 0
281 223 2
281 231 3
281 233 3
281 234 1
281 235 4
281 237 1
281 238 5
281 240 6
281 243 6
281 244 0
281 245 6
281 247 5
281 250 7
281 251 7
281 252 7
281 254 4
281 255 6
281 256 4
281 257 7
281 259 6
281 260 6
281 262 7
281 265 8
281 267 8
281 268 6
281 269 7
281 275 8
281 276 6
281 277 8
281 279 8
281 280 8
281 281 8
281 282 8
281 283 6
281 286 8
281 287 8
281 290 9
281 295 9
281 296 9
281 297 9
281 299 8
281 302 6
281 303 9
281 305 9
281 306 9
281 308 9
282 205 4
282 206 4
282 208 3
282 210 4
282 211 4
282 213 4
282 214 4
282 216 4
282 218 4
282 219 4
282 220 1
282 222 0
282 223 1
282 225 1
282 227 2
282 229 7
282 231 7
282 232 3
282 236 7
282 239 6
282 240 5
282 241 5
282 242 5
282 243 8
282 244 6
282 249 7
282 250 7
282 251 7
282 260 7
282 261 7
282 262 8
282 264 8
282 267 8
282 268 8
282 270 8
282 274 7
282 275 8
282 277 3
282 279 3
282 280 7
282 281 6
282 283 6
282 286 6
282 289 6
282 290 6
282 291 9
282 292 9
282 299 8
282 300 7
282 303 9
282 305 9
282 307 9
282 308 9
283 200 3
283 203 3
283 207 4
283 209 4
283 210 4
283 211 4
283 216 4
283 217 4
283 223 1
283 229 2
283 230 1
283 235 5
283 237 8
283 240 6
283 246 5
283 253 6
283 254 6
283 257 7
283 260 7
283 265 8
283 267 8
283 268 7
283 274 7
283 275 7
283 276 7
283 279 7
283 282 3
283 285 3
283 286 3
283 287 3
283 290 7
283 295 5
283 299 7
283 301 9
283 304 9
283 306 9
283 307 9
284 189 3
284 191 3
284 192 3
284 194 3
284 197 3
284 198 3
284 201 3
284 203 4
284 205 4
284 206 4
284 208 3
284 209 4
284 210 3
284 211 4
284 212 4
284 214 4
284 215 4
284 216 4
284 219 4
284 220 1
284 221 1
284 222 1
284 243 6
284 245 8
284 246 7
284 248 7
284 249 7
284 251 7
284 252 7
284 254 6
284 256 6
284 259 6
284 263 7
284 264 8
284 265 8
284 269 7
284 270 7
284 271 5
284 272 7
284 274 7
284 275 8
284 278 3
284 281 8
284 284 3
284 285 6
284 286 6
284 290 9
284 291 9
284 292 7
284 295 5
284 297 9
284 298 9
284 300 5
284 301 7
285 195 3
285 199 3
285 200 3
285 204 4
285 209 3
285 210 4
285 211 3
285 212 4
285 214 4
285 219 0
285 228 7
285 230 7
285 231 7
285 232 7
285 239 8
285 241 6
285 242 5
285 246 9
285 248 7
285 254 6
285 258 6
285 262 7
285 263 7
285 264 8
285 268 7
285 269 6
285 273 7
285 274 8
285 277 8
285 280 3
285 281 2
285 284 3
285 286 6
285 289 9
285 290 9
285 291 7
285 295 8
285 297 9
285 299 7
285 301 7
285 304 9
286 194 3
286 200 4
286 201 3
286 202 4
286 203 4
286 204 4
286 206 3
286 207 3
286 221 1
286 227 2
286 229 7
286 232 7
286 234 7
286 240 8
286 242 5
286 243 6
286 244 6
286 248 7
286 249 6
286 250 6
286 252 7
286 255 7
286 257 7
286 258 5
286 259 7
286 264 8
286 267 5
286 269 5
286 270 5
286 276 8
286 278 8
286 279 8
286 280 3
286 283 3
286 284 3
286 286 9
286 288 9
286 289 9
286 290 9
286 291 9
286 292 7
286 294 9
286 295 9
286 296 9
286 298 7
286 300 9
286 301 9
286 302 9
286 303 9
286 304 9
287 192 3
287 194 3
287 195 3
287 196 4
287 199 4
287 200 3
287 202 4
287 204 4
287 208 3
287 209 3
287 210 4
287 213 4
287 218 4
287 220 4
287 222 4
287 228 7
287 229 7
287 231 7
287 238 8
287 241 6
287 242 6
287 243 6
287 245 9
287 251 6
287 252 6
287 253 7
287 255 6
287 256 7
287 265 5
287 266 5
287 269 5
287 270 6
287 271 5
287 272 6
287 273 8
287 275 8
287 278 8
287 279 4
287 283 2
287 285 3
287 290 9
287 291 8
287 293 9
287 296 9
287 297 9
287 301 7
287 302 9
287 304 9
287 305 9
288 195 4
288 197 4
288 198 4
288 200 4
288 204 4
288 205 4
288 206 4
288 215 3
288 216 3
288 222 2
288 225 4
288 229 7
288 230 7
288 231 7
288 232 7
288 235 6
288 238 8
288 239 7
288 241 8
288 250 9
288 252 6
288 253 7
288 257 6
288 258 7
288 259 7
288 260 7
288 261 7
288 263 5
288 266 8
288 268 8
288 270 5
288 273 7
288 276 8
288 282 4
288 284 3
288 285 3
288 287 3
288 288 9
288 289 3
288 290 7
288 291 8
288 293 8
288 295 9
288 298 9
288 303 9
289 192 2
289 195 4
289 196 4
289 197 4
289 199 3
289 200 4
289 201 4
289 202 4
289 203 4
289 204 4
289 206 3
289 209 3
289 210 2
289 212 2
289 216 4
289 217 4
289 218 4
289 220 3
289 222 2
289 223 2
289 226 6
289 228 6
289 231 7
289 232 8
289 233 8
289 235 8
289 248 6
289 249 9
289 251 6
289 253 9
289 255 7
289 256 6
289 258 7
289 262 5
289 264 5
289 265 8
289 266 8
289 269 6
289 270 6
289 272 6
289 273 7
289 275 7
289 279 7
289 281 7
289 282 7
289 285 3
289 286 3
289 288 3
289 291 9
289 292 9
289 293 9
289 295 9
289 297 9
289 298 9
289 303 9
290 192 3
290 195 4
290 197 4
290 201 4
290 203 2
290 205 4
290 208 3
290 210 2
290 211 2
290 217 3
290 218 3
290 219 3
290 220 2
290 222 2
290 223 2
290 225 6
290 227 6
290 229 6
290 230 7
290 231 5
290 232 4
290 233 8
290 235 4
290 236 8
290 237 9
290 238 8
290 239 8
290 241 8
290 243 7
290 245 7
290 252 7
290 253 7
290 254 7
290 258 5
290 259 5
290 260 5
290 261 5
290 262 5
290 270 7
290 273 7
290 274 5
290 278 6
290 280 4
290 281 4
290 282 4
290 283 3
290 284 3
290 285 9
290 288 3
290 290 9
290 297 8
290 299 6
290 300 6
290 304 9
291 194 4
291 196 4
291 197 4
291 200 4
291 201 4
291 204 4
291 208 2
291 209 2
291 211 4
291 212 4
291 215 4
291 220 2
291 222 2
291 223 1
291 226 5
291 227 5
291 228 5
291 229 6
291 233 4
291 234 4
291 235 4
291 239 8
291 243 6
291 247 7
291 249 7
291 250 9
291 251 9
291 252 9
291 253 7
291 257 5
291 258 5
291 260 5
291 261 5
291 262 5
291 263 5
291 269 5
291 270 7
291 273 7
291 274 7
291 275 7
291 277 4
291 291 9
291 293 8
291 296 8
291 301 7
291 303 9
292 195 4
292 196 4
292 197 4
292 200 4
292 201 4
292 202 4
292 203 4
292 204 4
292 210 4
292 218 2
292 220 3
292 222 3
292 225 5
292 228 6
292 230 7
292 231 6
292 235 4
292 242 7
292 243 7
292 244 9
292 246 9
292 252 0
292 255 0
292 257 7
292 258 5
292 260 5
292 261 5
292 264 7
292 268 6
292 270 7
292 271 7
292 272 5
292 273 3
292 275 3
292 277 4
292 280 4
292 288 9
292 292 9
292 293 9
292 294 9
292 296 8
292 298 8
292 301 7
292 302 7
293 200 4
293 211 3
293 212 3
293 213 4
293 220 3
293 223 2
293 225 5
293 227 5
293 228 6
293 232 5
293 234 4
293 236 7
293 238 9
293 240 9
293 241 9
293 246 7
293 251 0
293 253 0
293 254 0
293 257 3
293 258 5
293 259 5
293 266 7
293 269 7
293 272 6
293 274 5
293 275 3
293 276 5
293 282 4
293 292 8
293 293 9
293 295 9
293 299 8
294 201 4
294 202 3
294 209 1
294 210 1
294 217 3
294 218 3
294 219 3
294 222 2
294 223 1
294 225 5
294 228 7
294 229 6
294 239 9
294 240 9
294 241 9
294 242 9
294 245 8
294 247 7
294 250 7
294 253 0
294 254 4
294 255 0
294 260 6
294 265 7
294 266 7
294 268 6
294 270 7
294 275 2
294 276 7
294 278 4
294 280 4
294 282 4
294 290 8
294 293 3
294 296 9
294 297 9
295 198 4
295 202 3
295 209 1
295 210 0
295 213 3
295 214 0
295 215 0
295 217 6
295 219 3
295 223 6
295 225 6
295 227 6
295 228 6
295 229 6
295 230 5
295 233 7
295 238 6
295 239 9
295 245 8
295 250 7
295 254 4
295 255 0
295 256 0
295 258 6
295 262 6
295 263 6
295 265 7
295 270 6
295 271 3
295 278 3
295 279 5
295 283 3
295 289 8
295 290 8
295 292 8
295 296 9
296 209 1
296 210 1
296 211 3
296 212 1
296 220 6
296 222 6
296 223 6
296 226 6
296 230 3
296 235 7
296 236 5
296 241 8
296 242 8
296 244 8
296 246 8
296 249 7
296 254 0
296 255 4
296 256 6
296 259 6
296 261 6
296 264 7
296 265 7
296 267 7
296 272 6
296 273 7
296 275 7
296 276 3
296 277 4
296 278 3
296 279 4
296 281 4
296 282 4
296 283 4
296 284 5
296 286 4
296 290 3
296 294 2
296 296 9
296 299 9
297 209 1
297 210 1
297 211 1
297 212 1
297 213 0
297 214 0
297 215 0
297 216 2
297 217 2
297 218 3
297 226 6
297 227 6
297 228 6
297 229 6
297 230 6
297 231 3
297 234 4
297 235 5
297 237 5
297 238 6
297 241 8
297 246 7
297 248 7
297 250 7
297 251 4
297 252 7
297 256 5
297 264 7
297 265 7
297 267 7
297 268 7
297 270 6
297 271 6
297 275 7
297 277 4
297 278 4
297 283 5
297 286 3
298 210 1
298 212 0
298 213 1
298 215 3
298 217 2
298 218 4
298 220 6
298 221 3
298 227 6
298 229 6
298 230 7
298 234 3
298 240 8
298 242 8
298 244 5
298 248 5
298 253 7
298 258 5
298 259 5
298 264 7
298 271 6
298 278 5
298 279 5
298 280 5
298 281 5
298 283 5
298 287 3
299 210 1
299 211 0
299 215 3
299 217 2
299 218 2
299 220 4
299 221 6
299 225 3
299 227 6
299 228 7
299 229 3
299 232 6
299 235 5
299 236 4
299 237 5
299 239 7
299 240 8
299 244 5
299 245 5
299 247 7
299 248 5
299 250 7
299 251 7
299 252 7
299 256 6
299 257 6
299 261 7
299 264 7
299 265 7
299 268 7
299 274 6
299 277 5
299 279 5
299 280 4
299 283 3
299 284 5
299 285 3
299 287 3
299 288 3
300 213 4
300 214 2
300 215 3
300 217 3
300 219 4
300 227 6
300 229 3
300 230 6
300 234 4
300 235 5
300 237 7
300 238 7
300 239 8
300 242 8
300 244 7
300 245 5
300 247 5
300 248 5
300 252 7
300 253 7
300 255 6
300 258 7
300 259 7
300 260 7
300 264 7
300 266 7
300 268 7
300 269 6
300 275 7
300 276 4
300 277 7
300 278 4
300 279 5
300 283 5
300 285 5
300 286 3
300 288 3
301 211 4
301 212 4
301 214 1
301 218 2
301 223 3
301 230 5
301 231 3
301 237 5
301 240 5
301 241 8
301 248 7
301 250 7
301 251 7
301 253 6
301 257 7
301 260 7
301 261 5
301 262 5
301 264 7
301 265 7
301 269 7
301 273 7
301 275 7
301 277 7
301 281 5
301 282 3
302 210 0
302 213 1
302 215 3
302 220 4
302 225 6
302 226 3
302 228 3
302 231 5
302 232 3
302 234 7
302 237 5
302 238 5
302 239 5
302 242 8
302 245 1
302 246 5
302 248 7
302 250 7
302 254 7
302 256 6
302 259 7
302 261 6
302 262 4
302 264 6
302 265 6
302 266 6
302 267 7
302 270 7
302 273 7
302 274 7
302 275 7
302 282 3
302 283 5
303 210 0
303 211 1
303 215 1
303 219 4
303 220 6
303 222 6
303 228 3
303 231 3
303 233 7
303 240 5
303 241 5
303 243 6
303 244 1
303 245 1
303 248 7
303 249 4
303 250 7
303 251 7
303 252 6
303 258 7
303 259 7
303 260 7
303 262 7
303 264 7
303 268 7
303 269 7
303 272 7
303 274 7
303 276 4
303 278 4
303 281 3
304 211 0
304 213 1
304 214 1
304 215 3
304 220 6
304 222 6
304 225 3
304 226 5
304 229 6
304 230 3
304 231 6
304 232 4
304 237 6
304 238 6
304 239 6
304 241 5
304 242 5
304 243 6
304 245 1
304 248 5
304 250 7
304 252 7
304 255 7
304 258 7
304 259 6
304 262 6
304 263 8
304 265 8
304 267 6
304 268 6
304 272 7
304 273 7
304 274 7
304 277 3
304 278 8
304 279 3
304 280 5
304 281 5
305 209 1
305 210 4
305 212 1
305 216 0
305 220 5
305 224 6
305 227 6
305 228 3
305 230 6
305 233 5
305 234 5
305 235 5
305 236 4
305 237 5
305 239 5
305 240 5
305 241 6
305 242 8
305 243 5
305 245 6
305 248 1
305 253 7
305 259 7
305 260 7
305 261 8
305 262 6
305 264 6
305 266 7
305 268 7
305 274 7
305 275 8
305 278 3
305 280 5
306 208 1
306 209 1
306 210 1
306 219 3
306 220 3
306 221 6
306 224 3
306 226 6
306 230 4
306 232 4
306 238 5
306 242 8
306 246 1
306 248 1
306 250 6
306 251 7
306 253 7
306 256 7
306 259 7
306 262 8
306 266 8
306 268 4
306 270 4
306 272 8
306 274 8
306 278 3
306 279 8
306 280 8
307 209 1
307 210 1
307 211 1
307 219 6
307 224 6
307 225 6
307 230 6
307 231 7
307 233 5
307 235 4
307 237 8
307 238 5
307 240 6
307 243 8
307 247 7
307 250 4
307 251 7
307 252 7
307 255 8
307 256 7
307 257 7
307 262 5
307 263 6
307 264 6
307 265 4
307 267 8
307 268 8
307 270 7
307 271 7
307 274 8
307 276 8
307 277 8
307 278 3
307 279 8
307 280 3
308 214 4
308 219 6
308 221 6
308 226 6
308 230 7
308 231 4
308 244 8
308 246 3
308 248 7
308 249 4
308 250 7
308 252 8
308 253 7
308 254 7
308 255 8
308 256 8
308 257 8
308 258 7
308 259 7
308 261 7
308 266 4
308 267 8
308 271 7
308 272 8
308 273 8
308 274 8
308 276 8
308 278 8
309 209 1
309 220 6
309 222 6
309 224 5
309 226 5
309 228 6
309 230 6
309 232 4
309 238 6
309 239 8
309 251 4
309 252 4
309 254 8
309 257 8
309 259 7
309 260 7
309 267 4
309 268 4
309 270 7
309 273 8
309 279 8
310 224 6
310 225 6
310 229 7
310 235 5
310 238 6
310 239 8
310 242 7
310 243 8
310 247 7
310 249 7
310 250 7
310 252 4
310 253 4
310 257 7
310 258 6
310 259 6
310 262 5
310 263 5
310 264 5
310 265 7
310 266 7
310 267 7
310 272 7
310 273 8
310 274 8
311 223 6
311 225 6
311 226 5
311 231 6
311 233 8
311 235 5
311 236 8
311 237 8
311 241 8
311 242 6
311 246 7
311 247 7
311 249 7
311 251 7
311 252 4
311 254 7
311 255 7
311 257 6
311 258 6
311 260 7
311 261 5
311 265 6
311 266 6
311 268 6
311 273 8
311 275 8
311 276 8
312 221 6
312 233 7
312 238 8
312 240 8
312 241 8
312 242 8
312 244 7
312 246 7
312 247 7
312 250 4
312 262 5
312 263 5
312 264 5
312 266 6
312 268 7
312 275 8
313 222 6
313 224 6
313 225 5
313 228 5
313 231 7
313 236 8
313 237 8
313 238 8
313 243 7
313 251 5
313 252 5
313 255 6
313 257 8
313 258 6
313 260 6
313 261 7
313 263 5
313 264 5
313 265 5
313 266 6
313 267 6
314 222 6
314 226 5
314 228 5
314 230 8
314 232 8
314 233 7
314 234 7
314 235 8
314 237 8
314 243 7
314 244 8
314 245 7
314 247 7
314 248 8
314 249 7
314 252 5
314 253 5
314 255 6
314 258 8
314 260 7
314 261 6
314 262 6
314 266 5
315 222 6
315 224 6
315 229 5
315 233 7
315 234 8
315 235 8
315 236 8
315 238 8
315 239 8
315 247 7
315 248 8
315 251 7
315 252 5
315 255 6
315 256 6
315 257 6
315 259 6
315 262 6
315 263 5
315 264 6
315 266 5
316 220 6
316 221 6
316 223 6
316 225 6
316 229 5
316 231 8
316 237 8
316 239 8
316 241 8
316 242 8
316 251 7
316 254 6
316 255 6
316 256 7
316 257 7
316 264 6
316 265 5
316 267 6
316 268 6
317 223 6
317 227 6
317 228 5
317 230 8
317 233 7
317 236 8
317 237 8
317 240 7
317 241 8
317 242 8
317 243 8
317 244 7
317 246 6
317 247 8
317 251 7
317 253 7
317 260 6
317 262 6
317 263 6
317 267 5
318 223 6
318 225 6
318 226 6
318 231 7
318 232 6
318 233 7
318 234 7
318 237 8
318 239 8
318 241 8
318 243 8
318 246 6
318 251 7
318 257 6
318 261 6
318 263 5
318 264 6
318 266 6
319 224 6
319 228 8
319 231 7
319 232 7
319 235 8
319 236 8
319 239 7
319 241 8
319 245 8
319 250 8
319 251 8
319 252 7
319 253 7
319 255 6
319 258 7
319 259 8
319 261 6
319 262 5
319 263 6
319 264 6
319 266 5
320 224 6
320 226 5
320 227 5
320 228 5
320 229 5
320 235 8
320 237 8
320 245 8
320 251 6
320 252 7
320 255 6
320 256 6
320 258 7
320 260 8
320 261 8
320 267 6
321 224 5
321 226 5
321 230 8
321 235 7
321 236 7
321 237 7
321 238 7
321 240 7
321 241 8
321 242 6
321 243 8
321 244 8
321 245 8
321 247 8
321 248 8
321 250 7
321 251 7
321 252 7
321 253 7
321 254 6
321 255 6
321 257 8
321 260 7
321 262 6
321 264 6
322 225 5
322 226 5
322 234 6
322 235 6
322 236 6
322 237 7
322 239 7
322 242 7
322 243 8
322 246 8
322 248 8
322 250 6
322 251 7
322 253 7
322 254 7
322 259 6
322 264 6
323 226 5
323 233 8
323 235 7
323 236 7
323 237 6
323 239 7
323 240 7
323 243 8
323 244 8
323 245 8
323 246 8
323 248 8
323 249 7
323 251 7
323 255 6
324 227 8
324 228 8
324 231 8
324 235 6
324 238 7
324 241 7
324 245 8
324 247 8
324 248 8
324 252 6
324 254 7
325 229 8
325 230 8
325 238 8
325 240 8
325 242 7
325 245 7
325 247 7
325 248 8
325 249 8
325 252 6
325 256 6
326 231 8
326 232 8
326 234 7
326 237 7
326 239 8
326 244 7
326 245 7
326 249 7
327 230 8
327 234 8
327 240 8
327 241 8
327 242 8
327 243 7
327 248 7
327 249 7
327 250 7
328 238 8
328 239 6
328 244 6
329 238 8
329 239 7
329 244 6
329 246 7
329 247 7
330 233 7
330 236 8
330 241 7
330 245 7
330 246 7
330 247 6
331 233 7
331 236 8
331 237 8
331 238 7
331 239 7
331 241 7
331 242 7
331 243 7
331 245 6
331 247 6
332 231 7
332 235 8
332 236 8
332 241 7
332 243 6
333 237 7
333 246 6
335 235 8
