512
169 267 7
169 268 7
170 268 7
170 271 7
170 272 7
170 273 7
171 265 7
171 266 7
171 272 7
172 268 7
173 266 7
173 273 6
174 268 7
174 270 6
174 271 7
174 272 7
175 264 7
175 268 7
175 270 7
175 274 7
176 265 7
176 270 5
176 271 7
177 266 7
177 267 7
177 272 7
177 275 6
177 276 5
177 281 6
177 282 6
178 263 7
178 264 7
178 266 7
178 270 7
178 271 7
178 274 7
178 276 6
178 277 6
178 278 5
178 281 6
179 260 7
179 261 7
179 264 7
179 266 7
179 267 7
179 268 7
179 269 7
179 270 7
179 271 7
179 272 7
179 275 6
179 276 5
179 277 5
179 283 6
180 260 7
180 264 7
180 266 7
180 271 7
180 272 7
180 273 6
180 274 7
180 276 6
180 280 5
181 263 7
181 268 7
181 271 7
181 272 7
181 274 6
181 275 4
181 276 6
181 280 5
181 281 5
181 282 5
181 284 5
182 263 3
182 267 7
182 268 7
182 269 7
182 270 6
182 271 6
182 273 6
182 275 6
183 253 2
183 254 2
183 255 2
183 260 3
183 261 3
183 262 3
183 265 7
183 266 4
183 270 7
183 276 4
183 277 4
183 278 4
184 252 2
184 253 2
184 254 2
184 256 2
184 263 3
184 265 7
184 267 7
184 273 6
184 276 6
184 277 5
184 279 5
184 280 5
184 281 6
184 283 5
185 253 2
185 254 2
185 256 2
185 259 3
185 260 3
185 262 2
185 263 3
185 264 2
185 266 3
185 267 3
185 271 6
185 272 6
185 274 7
185 276 7
185 278 6
185 281 6
185 282 6
185 285 5
186 252 2
186 253 2
186 254 2
186 255 2
186 259 2
186 262 2
186 263 3
186 265 3
186 266 7
186 269 6
186 270 6
186 272 7
186 273 6
186 274 6
186 275 6
186 276 6
186 277 5
186 281 6
186 282 6
186 284 4
186 285 5
186 286 5
187 244 5
187 247 3
187 256 2
187 259 2
187 261 2
187 263 3
187 264 2
187 268 6
187 274 6
187 275 6
187 278 6
187 280 6
187 281 6
187 283 6
187 286 6
187 287 6
188 242 5
188 255 2
188 256 2
188 257 2
188 258 2
188 259 2
188 261 2
188 263 2
188 265 6
188 271 7
188 272 7
188 273 6
188 275 6
188 276 5
188 277 5
188 278 5
188 281 6
188 282 6
188 283 6
188 284 5
188 286 6
189 225 5
189 226 5
189 232 5
189 236 6
189 244 5
189 256 2
189 258 3
189 265 6
189 266 6
189 269 7
189 272 4
189 273 6
189 279 5
189 281 6
189 283 6
189 286 6
189 288 6
190 228 5
190 231 6
190 233 5
190 234 6
190 235 5
190 236 5
190 254 2
190 256 1
190 258 2
190 260 3
190 261 2
190 263 2
190 265 6
190 273 7
190 274 6
190 275 5
190 277 5
190 278 6
190 279 5
190 281 5
190 282 6
190 285 6
190 286 4
190 288 6
191 224 5
191 225 5
191 226 5
191 230 6
191 232 5
191 249 3
191 251 3
191 255 2
191 256 1
191 257 1
191 259 2
191 261 6
191 263 6
191 265 6
191 267 6
191 274 5
191 276 5
191 277 5
191 279 5
191 282 6
191 283 6
191 284 6
191 289 5
191 291 5
191 298 5
191 299 5
192 225 4
192 226 5
192 230 6
192 234 4
192 238 5
192 241 6
192 242 3
192 243 3
192 254 2
192 258 3
192 264 3
192 269 3
192 270 5
192 273 5
192 274 6
192 275 5
192 279 6
192 280 6
192 281 5
192 282 6
192 283 6
192 284 6
193 222 5
193 223 5
193 228 4
193 229 4
193 230 4
193 235 5
193 236 5
193 239 6
193 241 3
193 245 3
193 251 0
193 254 2
193 255 1
193 259 6
193 261 6
193 263 7
193 265 7
193 268 4
193 273 5
193 274 5
193 275 7
193 276 6
193 277 6
193 278 7
193 280 7
193 281 6
193 286 7
193 287 7
193 288 6
193 289 7
193 296 5
193 298 2
193 299 2
193 300 5
194 224 4
194 225 4
194 226 4
194 227 4
194 229 4
194 230 4
194 232 6
194 234 4
194 239 6
194 244 4
194 252 0
194 254 2
194 255 2
194 258 0
194 259 6
194 261 0
194 262 2
194 268 7
194 269 7
194 272 7
194 273 7
194 279 7
194 285 7
194 286 6
194 287 7
194 288 6
194 289 6
194 295 5
194 296 5
194 298 5
194 299 5
194 300 5
195 221 5
195 224 5
195 225 5
195 228 4
195 230 3
195 232 3
195 233 6
195 236 4
195 237 6
195 238 6
195 241 7
195 242 3
195 245 2
195 251 1
195 253 1
195 255 2
195 257 0
195 264 2
195 265 2
195 266 2
195 268 7
195 271 7
195 273 7
195 276 7
195 278 7
195 279 7
195 281 7
195 283 7
195 285 6
195 286 7
195 288 6
195 295 5
195 305 5
196 218 2
196 223 5
196 229 4
196 234 6
196 235 4
196 237 4
196 238 6
196 239 6
196 240 3
196 242 4
196 246 2
196 250 1
196 254 2
196 256 1
196 261 4
196 263 2
196 264 4
196 266 7
196 267 7
196 268 7
196 269 7
196 270 7
196 271 7
196 272 7
196 279 7
196 282 7
196 284 7
196 286 6
196 289 6
196 294 4
196 298 5
196 300 5
196 301 5
196 302 4
196 303 5
196 304 5
196 305 5
197 227 5
197 228 4
197 230 4
197 232 3
197 233 5
197 235 4
197 241 7
197 242 7
197 245 0
197 250 0
197 252 1
197 253 2
197 255 1
197 258 0
197 260 0
197 261 2
197 263 2
197 269 4
197 272 4
197 273 5
197 274 7
197 275 7
197 276 7
197 278 5
197 279 7
197 281 7
197 282 7
197 283 7
197 285 7
197 287 7
197 288 5
197 291 5
197 293 5
197 294 4
197 296 5
197 298 5
197 301 5
197 303 5
197 304 5
197 305 5
198 206 6
198 223 4
198 225 4
198 226 4
198 229 5
198 230 4
198 231 5
198 232 4
198 235 7
198 238 4
198 239 6
198 242 7
198 247 0
198 252 2
198 253 0
198 255 0
198 262 2
198 263 2
198 265 4
198 269 4
198 271 7
198 272 7
198 273 5
198 279 7
198 280 7
198 281 7
198 282 7
198 283 7
198 288 5
198 290 7
198 292 5
198 293 5
198 294 5
198 296 5
198 299 5
198 303 5
199 207 6
199 211 6
199 219 4
199 220 4
199 222 3
199 228 5
199 231 5
199 233 7
199 235 5
199 237 5
199 241 7
199 242 6
199 244 0
199 247 0
199 248 0
199 251 1
199 253 0
199 254 0
199 255 0
199 257 1
199 262 2
199 263 2
199 264 4
199 266 4
199 268 4
199 269 4
199 271 4
199 272 7
199 274 5
199 275 5
199 277 5
199 279 7
199 280 3
199 282 7
199 283 7
199 288 7
199 289 5
199 290 5
199 294 5
199 299 5
199 300 5
199 304 5
199 306 5
199 307 5
200 205 6
200 207 6
200 211 7
200 212 7
200 221 3
200 222 3
200 228 5
200 230 5
200 231 5
200 235 5
200 241 6
200 242 5
200 243 2
200 247 2
200 248 0
200 251 1
200 252 1
200 253 0
200 254 0
200 256 2
200 258 2
200 259 2
200 262 2
200 263 2
200 264 2
200 268 2
200 270 4
200 272 2
200 276 6
200 278 5
200 279 6
200 280 7
200 281 6
200 287 7
200 290 7
200 293 5
200 294 5
200 295 4
200 299 5
200 301 5
200 302 5
200 305 5
201 207 6
201 209 6
201 210 6
201 213 7
201 214 4
201 216 4
201 217 4
201 218 4
201 219 4
201 220 4
201 221 4
201 223 3
201 228 5
201 229 4
201 234 3
201 235 7
201 237 6
201 242 4
201 243 6
201 244 2
201 250 1
201 253 2
201 263 2
201 265 2
201 266 2
201 267 2
201 268 2
201 271 2
201 273 5
201 274 5
201 276 6
201 277 6
201 278 3
201 282 7
201 286 5
201 288 7
201 289 7
201 290 6
201 293 5
201 296 5
201 298 5
201 303 5
201 305 5
202 204 6
202 206 6
202 207 6
202 209 6
202 210 7
202 214 4
202 216 4
202 217 4
202 219 4
202 220 4
202 221 4
202 226 3
202 227 5
202 228 3
202 230 5
202 231 4
202 233 3
202 234 7
202 235 7
202 237 7
202 238 6
202 243 5
202 244 2
202 245 2
202 247 2
202 249 1
202 252 1
202 253 1
202 255 3
202 256 3
202 257 2
202 259 4
202 261 2
202 264 2
202 265 2
202 272 5
202 273 7
202 274 7
202 275 7
202 280 7
202 281 6
202 282 7
202 283 6
202 284 6
202 285 6
202 286 7
202 289 5
202 290 6
202 294 5
202 295 5
202 298 5
202 299 5
202 300 5
202 301 6
202 302 5
202 304 2
202 306 1
203 204 6
203 207 6
203 210 6
203 211 6
203 213 6
203 214 5
203 215 3
203 219 4
203 220 4
203 222 4
203 227 4
203 228 5
203 233 4
203 235 7
203 236 7
203 238 6
203 242 5
203 243 5
203 244 2
203 245 2
203 246 2
203 247 2
203 248 2
203 249 0
203 250 1
203 252 1
203 253 2
203 257 4
203 258 4
203 264 2
203 265 2
203 267 1
203 270 2
203 271 2
203 273 5
203 274 3
203 276 7
203 278 6
203 280 7
203 281 6
203 282 7
203 283 6
203 284 6
203 287 5
203 288 6
203 289 6
203 291 5
203 292 5
203 295 5
203 297 4
203 300 5
203 301 5
203 302 6
203 306 1
204 203 6
204 204 6
204 207 6
204 208 6
204 210 6
204 212 4
204 214 6
204 215 3
204 218 4
204 220 4
204 225 4
204 230 5
204 231 4
204 233 5
204 238 3
204 239 5
204 243 2
204 244 5
204 245 2
204 249 2
204 251 1
204 252 1
204 255 3
204 259 4
204 260 4
204 261 2
204 264 2
204 265 2
204 268 1
204 269 1
204 272 2
204 273 7
204 276 7
204 277 6
204 280 6
204 284 6
204 285 6
204 287 6
204 288 6
204 291 5
204 294 5
204 295 5
204 297 5
204 298 5
204 299 5
204 301 5
204 305 5
204 308 5
204 315 2
205 204 6
205 208 4
205 209 3
205 210 3
205 211 5
205 213 6
205 220 5
205 221 4
205 223 4
205 225 3
205 227 4
205 230 5
205 239 7
205 241 5
205 242 5
205 243 5
205 244 2
205 247 2
205 252 1
205 254 2
205 256 2
205 258 4
205 259 4
205 261 0
205 263 2
205 267 1
205 268 1
205 270 6
205 272 2
205 273 4
205 274 5
205 276 5
205 277 7
205 279 6
205 281 4
205 284 6
205 285 6
205 286 6
205 287 6
205 288 6
205 291 5
205 294 5
205 296 5
205 297 4
205 299 6
205 300 6
205 304 1
205 305 1
205 306 1
206 204 6
206 205 6
206 209 3
206 211 3
206 212 4
206 213 5
206 214 3
206 220 5
206 223 3
206 224 5
206 225 5
206 226 5
206 228 4
206 229 5
206 232 7
206 233 5
206 234 7
206 235 7
206 236 3
206 237 3
206 239 7
206 242 5
206 243 2
206 247 1
206 248 1
206 252 1
206 255 4
206 256 4
206 257 4
206 259 4
206 260 4
206 265 2
206 266 2
206 269 2
206 270 6
206 273 5
206 274 5
206 278 6
206 279 5
206 280 6
206 282 5
206 288 6
206 289 6
206 292 2
206 294 4
206 299 5
206 300 5
206 301 3
206 302 3
206 303 2
206 305 2
206 306 3
206 307 3
206 310 2
207 201 6
207 203 6
207 206 6
207 207 5
207 211 3
207 212 7
207 218 5
207 219 5
207 220 3
207 222 4
207 224 3
207 225 5
207 229 3
207 230 5
207 233 7
207 235 6
207 236 7
207 238 6
207 239 6
207 242 4
207 244 5
207 246 5
207 247 0
207 249 6
207 251 6
207 252 7
207 254 2
207 257 4
207 260 2
207 262 0
207 264 1
207 265 1
207 268 2
207 271 5
207 273 5
207 276 5
207 278 5
207 280 5
207 281 5
207 283 5
207 284 6
207 285 6
207 290 5
207 293 7
207 294 2
207 299 1
207 301 1
207 302 3
207 308 2
207 309 2
208 195 6
208 199 6
208 200 6
208 207 5
208 210 4
208 211 3
208 214 5
208 218 5
208 219 4
208 225 5
208 226 4
208 231 5
208 232 7
208 235 6
208 236 6
208 237 6
208 238 6
208 241 3
208 242 4
208 243 4
208 245 5
208 246 7
208 248 6
208 249 2
208 258 1
208 260 2
208 263 1
208 266 2
208 269 6
208 272 6
208 276 5
208 280 5
208 281 5
208 288 7
208 289 7
208 292 7
208 293 2
208 296 4
208 299 1
208 300 3
208 301 3
208 302 3
208 304 2
208 305 2
208 307 2
208 308 2
208 309 2
209 195 5
209 197 6
209 198 6
209 206 7
209 209 5
209 214 5
209 215 5
209 220 3
209 225 5
209 226 3
209 227 3
209 228 4
209 232 5
209 233 7
209 236 6
209 237 6
209 239 3
209 240 5
209 244 6
209 250 6
209 256 1
209 257 1
209 262 1
209 263 2
209 265 1
209 269 2
209 270 5
209 273 5
209 276 5
209 278 6
209 282 5
209 283 5
209 287 7
209 291 6
209 293 5
209 294 5
209 295 5
209 296 5
209 300 1
209 302 3
209 307 2
209 311 2
210 194 5
210 196 6
210 198 6
210 200 6
210 201 5
210 206 5
210 211 4
210 212 7
210 216 5
210 219 4
210 221 3
210 222 3
210 225 3
210 226 4
210 228 3
210 229 3
210 232 6
210 238 6
210 239 5
210 240 5
210 244 8
210 246 8
210 247 7
210 252 6
210 256 1
210 258 1
210 259 1
210 261 4
210 262 4
210 263 1
210 265 1
210 266 2
210 269 2
210 270 2
210 271 5
210 272 5
210 273 5
210 276 6
210 281 5
210 282 5
210 287 5
210 290 7
210 293 4
210 300 3
210 301 3
210 308 2
211 197 6
211 198 6
211 199 4
211 201 6
211 202 5
211 205 5
211 206 5
211 207 5
211 210 5
211 212 7
211 219 3
211 221 4
211 230 4
211 231 7
211 232 6
211 233 6
211 235 6
211 239 7
211 240 3
211 244 6
211 245 8
211 252 6
211 253 7
211 255 7
211 256 2
211 261 2
211 262 4
211 263 0
211 266 2
211 270 5
211 271 5
211 274 6
211 275 6
211 276 6
211 277 6
211 278 6
211 282 5
211 283 5
211 287 5
211 289 5
211 290 5
211 292 5
211 293 2
211 296 3
211 298 5
211 301 2
211 307 2
211 309 2
211 310 1
212 192 5
212 193 5
212 196 4
212 198 5
212 201 5
212 204 6
212 208 5
212 209 5
212 215 5
212 218 5
212 219 4
212 220 5
212 222 3
212 224 3
212 229 4
212 231 6
212 232 6
212 233 6
212 234 9
212 235 6
212 238 6
212 244 8
212 249 7
212 259 1
212 260 0
212 261 0
212 266 2
212 269 2
212 274 6
212 276 5
212 278 6
212 279 5
212 281 5
212 282 7
212 287 6
212 288 6
212 289 7
212 290 5
212 291 7
212 292 4
212 293 5
212 294 2
212 297 5
212 298 5
212 300 2
212 301 2
212 302 3
212 303 2
212 309 2
212 317 2
213 193 4
213 197 3
213 198 6
213 201 6
213 202 6
213 205 5
213 210 5
213 217 5
213 222 4
213 224 4
213 231 4
213 236 6
213 237 6
213 240 5
213 246 8
213 248 8
213 258 1
213 267 2
213 268 2
213 271 7
213 276 6
213 278 7
213 279 7
213 281 7
213 284 5
213 288 7
213 290 5
213 292 5
213 293 4
213 294 3
213 299 2
213 309 2
213 310 2
213 311 2
213 317 2
214 196 4
214 199 6
214 201 6
214 202 5
214 204 6
214 207 5
214 208 6
214 210 6
214 215 7
214 216 7
214 217 5
214 219 4
214 222 4
214 223 3
214 228 3
214 230 6
214 232 9
214 233 6
214 234 6
214 235 6
214 241 8
214 242 8
214 248 5
214 249 7
214 250 7
214 251 7
214 254 1
214 257 1
214 260 2
214 262 2
214 263 4
214 266 2
214 269 7
214 273 6
214 275 6
214 278 7
214 282 7
214 284 5
214 285 5
214 286 7
214 287 7
214 289 5
214 290 0
214 291 7
214 293 5
214 295 5
214 296 3
214 297 1
214 298 1
214 299 1
214 305 2
214 307 2
214 308 2
214 309 2
214 312 2
214 314 2
214 316 2
214 318 2
214 320 1
214 321 2
215 202 5
215 204 6
215 207 5
215 216 6
215 223 4
215 226 3
215 228 3
215 236 6
215 237 6
215 242 6
215 243 6
215 248 7
215 251 7
215 253 7
215 255 7
215 263 4
215 267 4
215 275 6
215 279 7
215 280 7
215 281 1
215 282 7
215 284 5
215 291 5
215 292 6
215 293 3
215 294 2
215 295 3
215 296 5
215 298 1
215 299 2
215 301 2
215 302 3
215 303 3
215 304 2
215 305 2
215 307 2
215 309 2
215 311 2
215 312 3
215 315 2
215 316 2
215 319 1
215 320 1
215 321 1
216 200 7
216 201 7
216 202 7
216 203 6
216 204 6
216 207 5
216 211 5
216 213 6
216 214 5
216 217 6
216 220 4
216 223 4
216 226 3
216 230 3
216 234 6
216 237 6
216 238 6
216 246 8
216 247 6
216 250 6
216 251 6
216 261 4
216 262 0
216 263 4
216 264 5
216 265 5
216 266 5
216 267 4
216 268 2
216 269 7
216 270 2
216 271 7
216 273 5
216 279 7
216 280 7
216 281 7
216 282 5
216 283 5
216 284 6
216 290 6
216 291 6
216 292 1
216 294 5
216 295 3
216 296 3
216 297 3
216 299 1
216 303 2
216 304 0
216 305 2
216 306 3
216 307 3
216 309 2
216 313 2
216 318 1
216 319 1
217 201 6
217 204 6
217 209 6
217 211 6
217 213 3
217 215 6
217 216 5
217 217 6
217 223 4
217 225 3
217 228 3
217 238 6
217 239 6
217 240 6
217 242 6
217 245 8
217 246 6
217 247 6
217 248 6
217 252 7
217 261 4
217 263 5
217 265 5
217 266 4
217 267 7
217 268 5
217 269 7
217 276 7
217 278 6
217 283 5
217 284 5
217 285 5
217 291 6
217 295 3
217 299 0
217 305 2
217 307 2
217 308 2
217 311 3
217 315 3
217 317 1
217 319 1
217 320 2
218 199 7
218 201 7
218 203 6
218 206 6
218 207 5
218 211 5
218 213 6
218 218 2
218 224 4
218 225 4
218 226 3
218 231 6
218 233 4
218 244 7
218 246 7
218 247 7
218 248 8
218 252 6
218 253 6
218 265 5
218 266 5
218 273 5
218 275 6
218 278 6
218 281 1
218 283 1
218 284 6
218 285 1
218 286 1
218 292 1
218 293 3
218 294 3
218 296 3
218 300 0
218 302 2
218 303 3
218 304 0
218 305 3
218 306 3
218 307 3
218 310 2
218 311 3
218 312 1
218 313 2
218 317 1
219 201 6
219 205 5
219 206 5
219 207 5
219 210 6
219 214 5
219 215 3
219 217 2
219 218 3
219 220 2
219 227 4
219 229 3
219 230 5
219 233 6
219 235 6
219 236 6
219 238 6
219 241 6
219 242 6
219 243 6
219 245 8
219 250 6
219 251 5
219 254 5
219 258 7
219 259 7
219 261 3
219 262 3
219 266 4
219 268 4
219 271 3
219 275 6
219 277 7
219 280 7
219 282 7
219 284 6
219 286 7
219 288 0
219 290 0
219 294 3
219 297 0
219 299 0
219 300 0
219 304 0
219 310 3
219 311 2
219 312 2
219 313 3
219 314 3
219 315 3
220 202 7
220 204 6
220 207 6
220 209 6
220 211 5
220 212 5
220 214 5
220 215 5
220 216 3
220 217 2
220 218 4
220 220 2
220 222 5
220 224 4
220 227 4
220 228 5
220 230 5
220 233 6
220 234 6
220 235 6
220 237 6
220 239 6
220 240 6
220 241 5
220 244 7
220 245 7
220 249 6
220 253 5
220 254 6
220 258 7
220 259 7
220 262 3
220 265 4
220 267 4
220 268 4
220 276 7
220 277 7
220 278 7
220 281 0
220 290 7
220 295 3
220 296 3
220 299 0
220 304 2
220 306 2
220 307 2
220 309 2
220 310 2
220 312 1
220 314 3
220 317 0
221 206 7
221 208 6
221 209 6
221 210 5
221 213 5
221 216 3
221 218 2
221 221 2
221 223 4
221 224 5
221 227 4
221 232 6
221 233 6
221 236 6
221 237 6
221 238 6
221 240 6
221 243 5
221 244 7
221 248 8
221 249 6
221 250 6
221 251 6
221 254 7
221 255 5
221 257 7
221 259 3
221 260 3
221 262 4
221 264 4
221 265 4
221 272 5
221 274 5
221 276 7
221 277 6
221 279 6
221 282 6
221 284 6
221 285 7
221 288 7
221 290 0
221 296 3
221 297 3
221 298 0
221 299 0
221 300 0
221 302 0
221 303 2
221 305 2
221 308 2
221 312 3
221 314 1
221 316 1
221 317 1
222 201 7
222 202 7
222 209 6
222 211 6
222 213 5
222 216 5
222 218 5
222 219 3
222 220 5
222 224 5
222 227 5
222 230 4
222 236 6
222 238 6
222 240 6
222 241 6
222 244 5
222 247 6
222 250 6
222 251 6
222 253 6
222 259 3
222 261 6
222 262 6
222 265 4
222 266 4
222 269 5
222 274 4
222 276 7
222 277 7
222 278 7
222 279 0
222 285 6
222 287 7
222 288 7
222 289 6
222 296 0
222 297 0
222 298 0
222 304 0
222 306 1
222 308 3
222 309 1
222 315 1
223 199 7
223 202 7
223 203 7
223 204 6
223 206 6
223 207 4
223 208 4
223 209 5
223 210 5
223 211 5
223 212 5
223 217 3
223 221 5
223 222 5
223 223 5
223 224 5
223 225 5
223 227 4
223 228 5
223 229 4
223 231 6
223 234 6
223 239 6
223 240 6
223 244 6
223 247 6
223 249 8
223 251 8
223 252 7
223 253 5
223 261 6
223 262 4
223 266 4
223 268 4
223 271 3
223 272 3
223 275 7
223 276 7
223 277 7
223 278 4
223 281 0
223 282 4
223 285 0
223 287 7
223 288 0
223 290 0
223 291 0
223 293 3
223 294 0
223 300 0
223 301 0
223 310 2
223 312 0
223 319 0
224 199 7
224 200 7
224 201 7
224 203 7
224 204 6
224 206 5
224 208 1
224 209 4
224 210 3
224 213 5
224 214 5
224 215 5
224 216 5
224 217 5
224 218 3
224 219 3
224 220 3
224 221 3
224 222 3
224 223 3
224 228 4
224 230 6
224 233 6
224 235 6
224 236 6
224 237 6
224 241 5
224 243 6
224 246 5
224 248 6
224 250 4
224 255 3
224 256 3
224 262 6
224 263 6
224 266 5
224 270 3
224 273 4
224 275 4
224 277 4
224 285 0
224 286 0
224 288 0
224 293 0
224 294 3
224 296 0
224 298 0
224 299 0
224 301 0
224 305 1
224 307 2
224 308 1
224 312 1
224 314 0
224 316 1
224 317 1
224 318 1
225 204 6
225 205 4
225 206 4
225 207 4
225 208 4
225 215 4
225 216 4
225 217 4
225 218 3
225 219 5
225 221 5
225 222 5
225 226 5
225 227 5
225 230 6
225 231 6
225 234 6
225 236 7
225 243 6
225 244 6
225 246 6
225 247 5
225 248 6
225 251 4
225 252 4
225 255 3
225 256 3
225 265 5
225 266 4
225 269 3
225 273 3
225 275 4
225 276 4
225 279 4
225 281 4
225 283 4
225 285 7
225 286 0
225 287 0
225 289 0
225 290 0
225 294 3
225 295 3
225 296 0
225 297 0
225 300 0
225 301 0
225 304 3
225 306 3
225 312 1
225 315 1
225 316 1
226 199 2
226 209 4
226 213 4
226 214 5
226 215 4
226 221 3
226 222 5
226 229 6
226 231 6
226 232 5
226 233 7
226 235 7
226 236 7
226 240 5
226 241 5
226 242 7
226 245 6
226 246 6
226 249 4
226 252 4
226 253 4
226 255 3
226 261 2
226 265 0
226 266 2
226 267 2
226 269 3
226 270 2
226 271 2
226 272 4
226 273 4
226 274 4
226 275 4
226 276 4
226 279 4
226 285 6
226 286 7
226 290 1
226 296 0
226 297 0
226 298 0
226 299 0
226 303 1
226 315 2
227 206 2
227 208 2
227 212 4
227 221 3
227 222 5
227 223 3
227 224 5
227 226 6
227 228 6
227 230 6
227 231 6
227 232 6
227 234 6
227 236 8
227 237 8
227 238 5
227 242 7
227 244 6
227 251 4
227 253 4
227 254 4
227 256 3
227 258 3
227 264 2
227 266 4
227 267 3
227 272 2
227 276 4
227 277 4
227 278 4
227 282 3
227 283 7
227 284 6
227 285 6
227 288 1
227 290 1
227 291 0
227 292 0
227 301 0
227 303 1
227 304 3
227 306 3
227 314 2
228 199 2
228 200 2
228 201 2
228 204 2
228 205 2
228 207 2
228 209 3
228 210 4
228 212 3
228 213 4
228 214 3
228 215 4
228 219 3
228 220 5
228 229 6
228 231 8
228 232 8
228 233 5
228 235 6
228 236 7
228 237 8
228 238 7
228 243 7
228 244 7
228 248 6
228 249 6
228 254 4
228 261 2
228 262 2
228 264 3
228 266 2
228 269 4
228 271 2
228 273 3
228 274 4
228 276 4
228 279 4
228 281 4
228 284 6
228 286 6
228 287 2
228 292 0
228 293 0
228 297 0
228 298 0
228 299 0
228 304 1
228 306 3
228 307 3
228 308 3
228 310 2
229 201 2
229 206 2
229 207 2
229 212 4
229 214 4
229 215 3
229 216 2
229 219 3
229 220 3
229 221 3
229 222 2
229 223 3
229 225 8
229 230 7
229 232 8
229 234 8
229 235 6
229 236 8
229 237 8
229 242 8
229 246 4
229 247 5
229 253 4
229 256 3
229 259 1
229 262 2
229 264 2
229 265 3
229 267 4
229 269 4
229 271 5
229 272 4
229 273 4
229 274 4
229 275 4
229 281 5
229 282 5
229 283 5
229 286 2
229 287 2
229 288 2
229 289 1
229 291 1
229 292 1
229 293 3
229 294 1
229 295 0
229 296 0
229 298 0
229 300 2
229 301 0
229 304 1
229 306 3
229 307 3
229 309 1
229 312 3
229 314 2
230 199 6
230 204 4
230 208 4
230 211 3
230 216 3
230 222 3
230 223 3
230 229 7
230 232 8
230 238 8
230 244 4
230 246 4
230 248 4
230 255 3
230 256 3
230 257 1
230 260 1
230 261 1
230 264 1
230 265 1
230 267 4
230 268 6
230 269 2
230 270 4
230 271 4
230 276 4
230 279 4
230 283 5
230 286 5
230 287 6
230 288 2
230 289 2
230 291 1
230 294 3
230 301 2
230 304 2
230 305 1
230 307 3
230 312 3
230 314 3
230 315 2
231 200 6
231 202 2
231 204 4
231 209 4
231 211 3
231 212 3
231 213 3
231 215 8
231 216 8
231 217 8
231 218 8
231 219 8
231 220 3
231 221 2
231 225 8
231 227 8
231 230 7
231 231 8
231 233 8
231 234 8
231 242 2
231 244 4
231 246 4
231 248 4
231 249 4
231 250 6
231 255 4
231 256 3
231 257 3
231 260 1
231 262 1
231 264 1
231 268 6
231 269 5
231 270 4
231 272 4
231 273 4
231 275 4
231 276 4
231 278 4
231 279 5
231 280 5
231 283 5
231 286 2
231 289 0
231 291 0
231 292 0
231 295 3
231 297 2
231 301 2
231 304 1
231 307 2
231 314 2
231 315 2
231 316 2
231 319 3
232 196 5
232 197 5
232 201 6
232 203 4
232 204 4
232 206 5
232 208 7
232 209 7
232 210 7
232 212 3
232 215 8
232 217 8
232 218 7
232 219 8
232 221 8
232 222 2
232 223 3
232 226 7
232 228 7
232 231 5
232 233 5
232 239 8
232 245 4
232 246 4
232 247 5
232 249 5
232 251 6
232 253 4
232 258 1
232 262 1
232 263 1
232 269 6
232 270 4
232 271 4
232 278 4
232 279 5
232 296 2
232 297 0
232 298 2
232 300 2
232 301 2
232 304 2
232 306 3
232 307 2
232 308 3
232 310 3
232 311 3
232 318 3
232 323 3
232 324 3
232 325 3
233 196 5
233 198 5
233 199 6
233 203 4
233 207 5
233 210 7
233 215 8
233 220 8
233 221 8
233 228 7
233 233 7
233 234 4
233 235 4
233 236 8
233 237 8
233 242 2
233 244 2
233 245 5
233 247 4
233 251 5
233 253 4
233 255 4
233 257 3
233 264 2
233 272 3
233 273 3
233 274 4
233 276 4
233 280 4
233 281 2
233 282 3
233 283 1
233 287 2
233 292 0
233 295 2
233 296 2
233 301 2
233 303 3
233 307 2
233 308 2
233 312 2
233 317 3
233 321 2
233 322 2
233 324 3
233 326 2
234 195 5
234 197 5
234 198 6
234 200 6
234 204 5
234 211 7
234 212 7
234 215 3
234 216 8
234 217 8
234 228 7
234 230 8
234 234 7
234 237 8
234 240 8
234 243 2
234 244 2
234 247 4
234 249 4
234 255 2
234 256 2
234 260 2
234 266 6
234 272 4
234 275 1
234 283 1
234 284 1
234 286 3
234 287 3
234 289 2
234 302 3
234 308 2
234 309 2
234 314 1
234 316 2
234 317 2
234 319 3
234 326 2
234 327 1
234 328 1
235 192 5
235 198 6
235 203 5
235 204 4
235 205 5
235 210 7
235 211 7
235 212 5
235 213 5
235 214 5
235 218 8
235 231 8
235 235 8
235 236 8
235 237 8
235 246 5
235 247 5
235 249 6
235 251 6
235 252 2
235 253 2
235 254 2
235 256 2
235 257 3
235 259 3
235 260 6
235 262 2
235 272 5
235 273 5
235 274 4
235 275 1
235 277 1
235 278 5
235 282 2
235 284 2
235 285 1
235 289 0
235 292 1
235 295 2
235 299 1
235 300 2
235 301 2
235 309 2
235 313 3
235 314 2
235 315 2
235 316 2
235 317 2
235 318 2
235 320 2
235 323 3
235 326 3
235 328 1
236 191 7
236 198 6
236 199 6
236 203 5
236 206 7
236 212 5
236 213 5
236 215 5
236 220 8
236 226 8
236 227 5
236 231 7
236 234 8
236 239 8
236 243 6
236 252 6
236 253 6
236 261 2
236 264 6
236 274 5
236 281 3
236 282 1
236 283 1
236 284 3
236 285 1
236 286 3
236 288 2
236 289 3
236 292 1
236 293 2
236 300 1
236 302 3
236 307 2
236 308 8
236 309 8
236 311 8
236 317 2
236 320 2
236 322 2
236 324 3
236 327 2
236 329 1
237 190 7
237 195 5
237 196 6
237 198 6
237 200 6
237 203 5
237 205 7
237 206 6
237 207 5
237 208 5
237 211 5
237 213 5
237 216 6
237 227 8
237 228 5
237 229 5
237 230 8
237 231 7
237 232 8
237 238 8
237 239 8
237 242 9
237 243 9
237 248 5
237 249 4
237 252 6
237 253 6
237 254 2
237 255 6
237 257 6
237 258 6
237 259 2
237 261 2
237 264 6
237 265 5
237 267 5
237 277 5
237 281 5
237 284 1
237 286 3
237 288 2
237 290 1
237 291 3
237 292 1
237 293 1
237 294 2
237 295 2
237 297 2
237 299 2
237 300 0
237 301 2
237 304 2
237 307 2
237 312 3
237 313 3
237 316 8
237 320 3
237 321 1
237 328 2
238 193 7
238 197 6
238 199 6
238 201 6
238 205 7
238 209 5
238 210 5
238 213 5
238 216 6
238 221 10
238 222 10
238 223 8
238 226 8
238 233 8
238 234 8
238 239 8
238 243 8
238 244 6
238 246 5
238 249 5
238 250 6
238 251 6
238 252 3
238 253 5
238 254 3
238 255 3
238 258 6
238 259 6
238 262 5
238 267 5
238 273 5
238 277 5
238 279 5
238 282 1
238 284 3
238 286 2
238 287 2
238 289 3
238 291 3
238 297 2
238 299 2
238 303 4
238 304 2
238 305 2
238 308 4
238 309 8
238 310 8
238 311 8
238 312 3
238 313 1
238 314 3
238 315 8
238 317 3
238 318 3
238 321 3
238 325 2
239 190 5
239 191 7
239 194 7
239 199 6
239 202 6
239 203 7
239 207 5
239 209 6
239 216 8
239 217 6
239 218 9
239 219 7
239 220 10
239 223 8
239 226 8
239 227 8
239 228 5
239 230 5
239 231 5
239 232 8
239 233 8
239 239 4
239 241 9
239 243 8
239 244 8
239 247 5
239 248 5
239 256 3
239 257 3
239 259 6
239 263 5
239 266 5
239 267 5
239 271 5
239 273 5
239 274 5
239 275 6
239 278 5
239 282 5
239 283 1
239 285 0
239 286 1
239 288 1
239 289 1
239 290 3
239 291 3
239 293 1
239 296 2
239 297 4
239 299 2
239 300 2
239 301 4
239 304 2
239 309 2
239 313 2
239 315 8
239 317 3
239 320 8
239 322 1
239 323 1
239 325 2
239 326 2
239 327 3
240 191 7
240 194 7
240 195 7
240 196 7
240 197 7
240 205 7
240 206 7
240 209 4
240 217 6
240 218 7
240 219 7
240 221 10
240 223 8
240 227 4
240 232 4
240 233 7
240 240 8
240 242 6
240 245 5
240 247 4
240 248 4
240 251 6
240 252 6
240 253 5
240 257 3
240 259 10
240 261 100000
240 265 5
240 266 5
240 267 5
240 269 5
240 270 5
240 271 5
240 274 6
240 276 6
240 277 4
240 280 5
240 282 5
240 283 5
240 289 3
240 291 3
240 292 3
240 293 3
240 296 2
240 298 2
240 299 2
240 300 2
240 304 2
240 305 1
240 310 1
240 311 2
240 313 1
240 316 8
240 318 7
240 319 7
240 322 3
240 325 2
240 326 2
240 327 3
241 189 7
241 194 5
241 197 6
241 201 6
241 204 5
241 205 4
241 211 7
241 212 7
241 216 6
241 217 6
241 218 6
241 224 8
241 226 8
241 227 4
241 229 3
241 233 8
241 234 8
241 236 8
241 239 8
241 241 3
241 244 6
241 245 5
241 247 7
241 249 7
241 250 7
241 253 2
241 254 3
241 257 6
241 258 10
241 263 6
241 266 5
241 267 2
241 269 0
241 273 5
241 284 1
241 285 1
241 286 2
241 293 3
241 294 2
241 295 2
241 297 2
241 298 2
241 300 4
241 301 4
241 306 1
241 308 2
241 309 2
241 314 8
241 315 8
241 320 8
241 321 2
241 323 2
241 325 3
241 327 3
242 186 0
242 189 7
242 192 7
242 193 7
242 196 7
242 197 7
242 202 5
242 206 7
242 208 4
242 210 7
242 213 0
242 217 8
242 223 8
242 226 5
242 227 8
242 230 8
242 233 8
242 234 8
242 235 8
242 238 8
242 240 7
242 241 9
242 248 4
242 256 6
242 264 5
242 271 0
242 272 1
242 273 6
242 274 1
242 276 7
242 278 4
242 279 0
242 283 2
242 297 1
242 309 2
242 310 3
242 313 2
242 317 8
242 319 8
242 320 8
242 321 3
242 322 3
242 324 3
242 325 3
242 329 2
243 185 0
243 188 7
243 189 7
243 190 7
243 192 7
243 197 7
243 212 7
243 213 0
243 215 7
243 218 8
243 221 9
243 222 9
243 223 9
243 225 8
243 228 5
243 231 8
243 232 8
243 233 8
243 238 8
243 240 8
243 241 7
243 244 7
243 251 6
243 252 2
243 256 6
243 257 6
243 266 2
243 271 5
243 272 0
243 275 0
243 276 7
243 277 7
243 278 7
243 279 0
243 281 2
243 282 5
243 283 2
243 284 5
243 285 3
243 287 3
243 288 3
243 294 2
243 297 2
243 306 2
243 311 3
243 317 8
243 319 8
243 320 3
243 322 3
243 323 2
244 186 0
244 187 1
244 188 7
244 192 6
244 193 7
244 197 7
244 206 5
244 208 6
244 210 7
244 215 6
244 218 8
244 219 10
244 221 10
244 223 10
244 224 10
244 225 7
244 226 3
244 227 7
244 228 5
244 233 8
244 234 5
244 236 7
244 240 8
244 241 9
244 248 4
244 249 4
244 252 6
244 254 6
244 255 6
244 257 6
244 259 5
244 263 5
244 264 5
244 265 6
244 267 6
244 274 0
244 276 0
244 277 0
244 278 2
244 279 0
244 280 2
244 282 2
244 284 2
244 285 3
244 286 1
244 288 2
244 289 3
244 290 3
244 291 8
244 300 2
244 308 3
244 310 3
244 311 3
244 312 3
244 316 8
244 317 8
244 320 8
245 185 0
245 186 1
245 187 0
245 188 1
245 191 6
245 193 6
245 194 7
245 196 7
245 198 7
245 202 6
245 205 5
245 206 5
245 208 6
245 209 7
245 213 7
245 214 6
245 215 6
245 219 10
245 220 8
245 221 10
245 225 5
245 230 8
245 231 8
245 232 5
245 233 8
245 239 8
245 244 7
245 248 4
245 250 6
245 251 6
245 252 6
245 253 6
245 255 6
245 257 5
245 260 1
245 261 1
245 263 5
245 264 5
245 267 6
245 268 6
245 269 0
245 276 7
245 277 0
245 278 2
245 279 2
245 281 0
245 282 2
245 286 1
245 287 3
245 288 1
245 290 3
245 291 3
245 292 3
245 294 3
245 300 2
245 303 1
245 304 3
245 305 2
245 306 2
245 311 3
245 313 8
245 314 8
245 316 8
245 322 8
246 185 0
246 187 1
246 195 7
246 196 7
246 209 6
246 210 6
246 212 7
246 213 7
246 214 7
246 215 0
246 216 6
246 218 7
246 225 3
246 230 3
246 236 8
246 244 4
246 245 6
246 248 4
246 256 6
246 257 6
246 261 1
246 268 6
246 269 6
246 270 6
246 272 7
246 277 1
246 278 1
246 281 1
246 282 2
246 287 1
246 289 3
246 292 3
246 294 1
246 295 1
246 299 2
246 300 2
246 307 2
246 313 3
246 318 8
247 183 0
247 186 1
247 187 1
247 193 2
247 199 7
247 201 6
247 203 6
247 204 6
247 206 6
247 210 6
247 211 6
247 218 8
247 219 8
247 221 10
247 224 5
247 225 3
247 228 7
247 230 3
247 231 5
247 232 5
247 233 2
247 238 3
247 239 4
247 241 4
247 244 4
247 247 7
247 249 5
247 250 5
247 257 5
247 259 1
247 260 1
247 265 6
247 271 1
247 273 0
247 274 7
247 276 7
247 278 2
247 279 1
247 282 2
247 285 2
247 286 2
247 289 2
247 290 3
247 291 2
247 293 2
247 294 1
247 295 1
247 300 2
247 301 2
247 302 7
247 312 3
247 314 8
247 315 8
247 316 8
247 318 8
247 320 8
247 321 8
247 322 8
248 184 0
248 186 0
248 189 1
248 190 1
248 195 2
248 196 2
248 199 7
248 200 6
248 201 6
248 205 6
248 212 0
248 213 7
248 214 0
248 215 7
248 216 6
248 219 0
248 220 5
248 226 7
248 227 7
248 228 3
248 230 3
248 232 2
248 237 5
248 239 4
248 242 4
248 248 5
248 251 6
248 252 6
248 258 7
248 259 1
248 265 6
248 268 1
248 269 1
248 270 7
248 271 1
248 279 1
248 280 1
248 281 2
248 282 2
248 291 3
248 296 2
248 303 7
248 310 2
248 311 8
248 312 8
248 314 8
248 315 3
248 316 8
248 318 8
248 321 8
249 184 0
249 185 0
249 188 2
249 189 2
249 190 2
249 191 1
249 192 1
249 193 2
249 194 2
249 196 7
249 202 6
249 204 2
249 207 0
249 210 6
249 212 6
249 217 0
249 220 0
249 227 3
249 228 7
249 229 3
249 230 3
249 231 3
249 232 3
249 235 3
249 236 5
249 239 4
249 241 4
249 244 6
249 245 6
249 247 4
249 248 4
249 250 4
249 251 3
249 256 1
249 257 7
249 259 0
249 263 0
249 264 7
249 266 4
249 267 7
249 268 7
249 269 4
249 274 0
249 276 7
249 282 2
249 283 2
249 284 2
249 287 2
249 288 2
249 291 2
249 292 2
249 296 2
249 297 2
249 299 2
249 303 7
249 309 8
249 314 8
249 315 3
249 316 3
249 318 8
249 320 7
249 322 8
250 185 1
250 186 1
250 187 1
250 192 2
250 193 1
250 195 1
250 196 7
250 198 1
250 199 1
250 201 6
250 202 2
250 204 0
250 205 0
250 207 0
250 209 0
250 213 7
250 214 7
250 215 7
250 216 5
250 219 0
250 220 0
250 222 5
250 223 5
250 224 5
250 225 3
250 226 3
250 230 4
250 231 3
250 234 5
250 235 4
250 236 5
250 238 3
250 239 1
250 244 6
250 245 6
250 246 4
250 248 3
250 251 6
250 252 6
250 253 6
250 254 7
250 255 7
250 256 1
250 257 7
250 260 5
250 264 0
250 266 7
250 267 4
250 276 7
250 279 1
250 281 2
250 288 2
250 291 2
250 294 1
250 296 2
250 297 2
250 298 2
250 299 2
250 300 7
250 301 7
250 304 7
250 307 7
250 309 2
250 318 8
250 320 8
250 322 8
251 194 7
251 198 6
251 201 1
251 202 1
251 205 2
251 208 0
251 210 7
251 211 7
251 212 6
251 217 0
251 222 3
251 225 0
251 226 3
251 229 3
251 230 6
251 233 6
251 235 6
251 237 5
251 239 2
251 243 6
251 247 4
251 250 3
251 254 1
251 256 6
251 266 1
251 267 3
251 268 4
251 273 4
251 275 4
251 276 7
251 283 1
251 285 2
251 287 2
251 290 0
251 291 2
251 292 2
251 297 6
251 300 6
251 303 7
251 305 8
251 307 8
251 309 8
251 310 4
251 313 1
251 314 1
251 315 8
251 318 6
251 319 8
251 320 8
251 321 8
252 187 1
252 192 1
252 196 2
252 199 1
252 201 1
252 202 1
252 203 1
252 204 1
252 205 1
252 206 0
252 207 0
252 208 0
252 212 7
252 213 6
252 215 7
252 216 0
252 218 3
252 223 0
252 229 4
252 230 4
252 231 6
252 232 4
252 233 6
252 235 5
252 236 5
252 239 5
252 251 5
252 252 6
252 254 1
252 264 8
252 267 3
252 268 4
252 269 4
252 270 1
252 277 0
252 278 2
252 279 2
252 280 2
252 281 2
252 282 2
252 284 2
252 285 2
252 290 2
252 291 7
252 294 2
252 300 2
252 301 7
252 302 7
252 304 1
252 313 1
252 314 1
252 315 8
252 317 8
252 321 8
252 322 8
253 183 1
253 190 0
253 192 0
253 195 2
253 196 1
253 198 1
253 200 2
253 202 1
253 205 1
253 207 0
253 211 0
253 214 7
253 215 7
253 216 7
253 217 3
253 221 0
253 223 0
253 224 1
253 225 1
253 226 3
253 229 6
253 230 6
253 231 6
253 232 6
253 234 6
253 235 6
253 240 5
253 242 6
253 243 6
253 245 6
253 249 5
253 250 5
253 251 6
253 254 6
253 255 6
253 256 6
253 267 5
253 268 5
253 269 3
253 277 0
253 282 2
253 283 1
253 285 6
253 286 7
253 287 7
253 288 0
253 291 7
253 294 2
253 295 1
253 296 6
253 297 5
253 298 6
253 300 1
253 302 0
253 306 7
253 307 8
253 310 2
253 311 2
253 312 1
253 316 6
253 317 6
253 320 8
253 321 8
254 194 2
254 195 2
254 198 0
254 200 0
254 201 0
254 202 0
254 204 1
254 208 0
254 210 0
254 213 7
254 214 0
254 217 3
254 220 3
254 221 0
254 222 0
254 225 1
254 227 6
254 230 3
254 232 4
254 233 4
254 234 4
254 241 1
254 244 6
254 245 6
254 248 6
254 255 5
254 264 8
254 265 8
254 266 8
254 268 8
254 270 1
254 271 6
254 274 2
254 281 1
254 285 6
254 286 6
254 289 7
254 293 1
254 297 1
254 299 2
254 300 6
254 301 1
254 304 7
254 305 7
254 306 6
254 311 2
254 321 7
254 322 7
255 182 1
255 192 2
255 193 2
255 194 2
255 196 2
255 197 1
255 199 2
255 202 0
255 203 0
255 204 2
255 205 0
255 206 2
255 207 1
255 208 0
255 211 7
255 226 4
255 231 3
255 232 6
255 233 6
255 234 6
255 239 1
255 240 1
255 241 1
255 243 1
255 244 6
255 248 6
255 250 6
255 252 6
255 254 5
255 255 6
255 257 6
255 266 8
255 268 8
255 270 1
255 271 1
255 274 6
255 275 6
255 279 1
255 280 2
255 282 5
255 289 7
255 291 7
255 294 1
255 296 2
255 297 1
255 298 6
255 305 6
255 307 7
255 310 7
255 311 2
255 313 6
255 320 8
255 321 7
255 322 8
255 323 8
255 324 8
256 181 1
256 182 1
256 184 1
256 185 1
256 186 1
256 187 1
256 191 2
256 193 2
256 198 2
256 200 0
256 210 7
256 211 7
256 213 3
256 214 3
256 215 3
256 217 0
256 218 3
256 224 1
256 227 4
256 228 1
256 230 1
256 233 6
256 234 4
256 237 1
256 239 1
256 241 1
256 243 1
256 244 1
256 249 6
256 253 6
256 257 5
256 265 8
256 266 8
256 270 0
256 271 1
256 273 5
256 274 6
256 277 2
256 280 2
256 281 2
256 282 6
256 283 6
256 284 5
256 286 6
256 288 1
256 290 7
256 291 1
256 292 1
256 296 2
256 298 1
256 305 7
256 307 7
256 310 7
256 318 7
256 320 8
256 321 8
256 322 8
256 324 8
257 181 0
257 183 1
257 187 1
257 188 1
257 193 2
257 195 2
257 196 2
257 198 2
257 199 2
257 200 0
257 202 0
257 203 2
257 204 0
257 208 6
257 214 3
257 215 7
257 218 3
257 221 3
257 222 3
257 223 1
257 227 4
257 230 1
257 231 1
257 233 4
257 234 6
257 243 1
257 244 5
257 248 7
257 251 6
257 252 6
257 254 6
257 255 6
257 256 6
257 258 6
257 265 8
257 269 1
257 270 1
257 272 5
257 276 6
257 278 2
257 280 2
257 281 5
257 283 5
257 284 6
257 286 1
257 288 1
257 290 1
257 292 7
257 293 1
257 297 6
257 298 1
257 302 5
257 305 7
257 315 7
257 317 8
257 318 6
257 320 8
257 322 8
258 178 0
258 181 0
258 183 0
258 184 1
258 185 0
258 186 1
258 187 1
258 189 0
258 191 2
258 192 2
258 193 2
258 195 2
258 201 0
258 202 0
258 203 2
258 204 2
258 209 6
258 212 7
258 213 3
258 217 7
258 219 3
258 220 1
258 221 1
258 226 4
258 227 4
258 228 4
258 229 1
258 230 1
258 238 1
258 239 1
258 241 1
258 246 5
258 250 6
258 253 7
258 256 7
258 258 6
258 262 6
258 266 8
258 267 8
258 269 8
258 271 6
258 272 6
258 273 6
258 275 6
258 277 4
258 281 2
258 283 6
258 288 1
258 291 2
258 300 7
258 301 7
258 304 5
258 309 7
258 312 7
258 314 6
258 315 6
258 316 5
258 322 8
258 323 8
259 179 0
259 180 0
259 181 0
259 182 1
259 183 0
259 184 1
259 187 0
259 189 0
259 192 2
259 193 2
259 194 2
259 203 0
259 204 2
259 206 0
259 210 7
259 211 0
259 212 7
259 216 2
259 217 0
259 223 1
259 228 4
259 229 4
259 230 1
259 232 2
259 234 7
259 235 7
259 236 7
259 237 0
259 238 0
259 244 0
259 245 5
259 246 7
259 250 5
259 251 5
259 252 5
259 255 7
259 256 7
259 258 6
259 260 6
259 262 6
259 263 6
259 264 6
259 266 6
259 267 8
259 270 3
259 271 6
259 273 6
259 274 1
259 275 6
259 277 6
259 278 1
259 279 2
259 280 1
259 281 1
259 283 5
259 284 5
259 285 6
259 287 1
259 288 1
259 289 2
259 291 7
259 293 6
259 296 6
259 300 1
259 303 1
259 304 6
259 305 6
259 306 6
259 316 6
259 317 6
259 318 7
259 319 7
259 320 7
259 321 8
259 322 8
260 178 1
260 180 1
260 181 1
260 184 1
260 188 2
260 189 0
260 192 2
260 195 2
260 198 0
260 200 1
260 202 0
260 205 0
260 207 0
260 208 0
260 209 0
260 210 0
260 211 0
260 214 2
260 225 4
260 227 4
260 229 4
260 239 0
260 242 6
260 244 5
260 246 7
260 247 5
260 248 5
260 250 5
260 254 7
260 255 6
260 257 7
260 258 6
260 263 6
260 264 7
260 265 6
260 266 6
260 267 6
260 268 4
260 271 6
260 272 6
260 273 4
260 274 10
260 275 4
260 277 4
260 279 6
260 280 4
260 281 1
260 285 6
260 289 2
260 293 6
260 294 6
260 295 6
260 298 5
260 302 7
260 307 6
260 310 7
260 312 7
260 316 8
260 320 8
260 321 8
260 322 7
260 323 8
260 325 8
261 178 0
261 181 1
261 182 0
261 183 1
261 184 1
261 187 1
261 188 1
261 189 0
261 190 0
261 193 2
261 194 2
261 203 0
261 204 1
261 205 0
261 206 0
261 208 0
261 209 0
261 210 0
261 212 0
261 214 0
261 215 0
261 216 2
261 219 3
261 221 1
261 223 0
261 225 4
261 227 4
261 229 4
261 230 5
261 239 2
261 240 6
261 242 0
261 246 5
261 248 5
261 249 5
261 250 5
261 251 5
261 253 7
261 258 6
261 259 8
261 261 8
261 262 6
261 263 6
261 265 6
261 267 4
261 268 4
261 270 10
261 273 10
261 274 10
261 275 10
261 278 5
261 286 5
261 293 6
261 294 4
261 297 6
261 299 6
261 300 6
261 301 1
261 303 6
261 313 7
261 316 7
261 317 8
261 323 8
261 324 7
262 181 1
262 182 1
262 184 2
262 185 2
262 189 2
262 190 0
262 195 2
262 197 0
262 200 0
262 203 0
262 204 1
262 205 0
262 206 0
262 207 0
262 211 0
262 213 0
262 215 0
262 218 0
262 222 0
262 223 0
262 226 5
262 227 5
262 228 5
262 230 5
262 232 1
262 233 5
262 235 0
262 236 0
262 237 0
262 239 0
262 242 6
262 244 5
262 246 5
262 247 5
262 248 5
262 249 5
262 254 5
262 258 9
262 259 6
262 260 6
262 261 8
262 267 3
262 269 10
262 270 8
262 271 4
262 275 10
262 278 5
262 280 4
262 285 8
262 296 5
262 297 6
262 298 6
262 299 6
262 300 5
262 302 6
262 303 8
262 305 6
262 308 6
262 311 6
262 314 8
262 315 7
262 316 7
262 318 7
262 320 7
262 321 8
262 322 8
262 324 7
262 326 7
263 178 1
263 180 1
263 182 1
263 190 1
263 191 2
263 194 2
263 197 1
263 198 0
263 199 2
263 201 0
263 202 1
263 203 0
263 205 0
263 207 0
263 208 0
263 210 0
263 212 0
263 217 0
263 220 0
263 223 0
263 228 0
263 229 4
263 233 5
263 235 0
263 237 0
263 240 1
263 241 1
263 243 6
263 246 5
263 247 5
263 249 5
263 253 5
263 254 5
263 256 7
263 258 6
263 259 7
263 260 6
263 263 4
263 268 6
263 272 4
263 275 5
263 278 5
263 282 8
263 283 8
263 286 6
263 289 6
263 294 4
263 295 4
263 297 6
263 300 5
263 307 6
263 309 6
263 310 6
263 311 6
263 314 8
263 316 8
263 318 7
263 322 8
263 324 8
264 177 1
264 179 1
264 180 1
264 182 2
264 183 1
264 188 1
264 189 1
264 190 1
264 191 1
264 195 2
264 198 0
264 199 1
264 202 1
264 203 1
264 204 0
264 205 0
264 207 2
264 208 0
264 211 0
264 212 0
264 218 0
264 224 2
264 226 2
264 228 2
264 230 5
264 231 1
264 233 1
264 235 0
264 236 1
264 237 4
264 238 2
264 244 5
264 246 5
264 247 5
264 249 5
264 250 5
264 253 9
264 254 9
264 255 5
264 258 7
264 261 7
264 262 7
264 263 4
264 264 4
264 266 6
264 267 7
264 270 7
264 275 6
264 277 5
264 278 5
264 280 5
264 281 8
264 284 8
264 289 6
264 291 6
264 294 6
264 296 4
264 298 6
264 299 3
264 300 5
264 303 8
264 304 5
264 306 6
264 308 6
264 313 8
264 315 7
264 317 8
264 323 8
264 325 8
265 177 2
265 183 2
265 184 2
265 188 1
265 191 1
265 192 2
265 193 0
265 194 2
265 196 2
265 197 2
265 199 0
265 207 0
265 208 2
265 210 1
265 211 1
265 214 0
265 220 0
265 222 0
265 227 0
265 229 2
265 231 3
265 232 3
265 235 4
265 236 1
265 242 2
265 243 5
265 248 4
265 251 5
265 252 9
265 254 9
265 255 7
265 256 8
265 257 9
265 260 9
265 261 6
265 262 8
265 265 4
265 266 4
265 268 6
265 269 8
265 271 8
265 272 8
265 274 7
265 276 5
265 278 5
265 280 5
265 281 5
265 284 6
265 288 6
265 290 5
265 293 6
265 295 4
265 296 3
265 297 5
265 298 3
265 299 5
265 301 8
265 302 8
265 303 6
265 306 6
265 307 6
265 308 6
265 316 3
265 320 7
265 324 8
266 181 1
266 186 1
266 191 2
266 192 1
266 193 0
266 194 2
266 196 2
266 197 2
266 198 2
266 199 2
266 200 1
266 201 1
266 202 1
266 205 2
266 210 0
266 212 0
266 215 0
266 216 1
266 217 1
266 218 1
266 219 1
266 220 1
266 221 0
266 222 0
266 227 2
266 233 3
266 236 1
266 237 1
266 238 1
266 239 1
266 240 1
266 243 5
266 246 2
266 251 5
266 252 9
266 253 9
266 256 8
266 260 9
266 261 6
266 264 4
266 265 4
266 267 7
266 268 7
266 270 7
266 276 8
266 279 5
266 281 8
266 284 6
266 285 7
266 286 6
266 293 6
266 295 6
266 299 5
266 300 3
266 301 8
266 303 8
266 314 7
266 315 7
266 316 7
266 318 7
266 325 8
267 186 1
267 191 2
267 193 1
267 194 0
267 197 1
267 198 2
267 203 1
267 204 0
267 205 0
267 206 0
267 207 0
267 208 2
267 209 1
267 212 0
267 213 1
267 214 2
267 215 1
267 222 0
267 224 2
267 225 2
267 227 2
267 228 2
267 230 2
267 231 2
267 233 1
267 236 3
267 240 1
267 244 2
267 245 2
267 249 4
267 250 5
267 252 5
267 253 5
267 254 9
267 256 9
267 257 3
267 258 8
267 262 3
267 265 4
267 266 8
267 267 7
267 268 7
267 269 7
267 270 8
267 272 6
267 273 7
267 274 7
267 277 6
267 278 6
267 279 4
267 280 7
267 284 7
267 288 6
267 289 5
267 291 5
267 292 6
267 293 6
267 296 3
267 297 5
267 298 5
267 299 5
267 300 3
267 301 5
267 305 6
267 307 3
267 308 6
267 311 5
267 319 8
267 322 6
268 177 2
268 178 2
268 180 1
268 185 0
268 188 2
268 190 1
268 191 1
268 192 1
268 193 0
268 196 2
268 197 2
268 201 2
268 206 0
268 208 0
268 209 0
268 214 0
268 217 1
268 219 1
268 221 0
268 223 2
268 232 4
268 235 4
268 236 4
268 237 4
268 238 1
268 240 3
268 246 5
268 248 5
268 250 5
268 256 4
268 259 3
268 260 8
268 265 8
268 267 7
268 268 7
268 270 8
268 271 6
268 276 7
268 280 7
268 282 7
268 284 7
268 286 7
268 287 5
268 291 3
268 292 3
268 293 6
268 295 6
268 296 3
268 298 5
268 299 3
268 303 5
268 309 8
268 311 8
268 321 6
268 327 6
269 179 2
269 183 2
269 184 1
269 186 2
269 191 1
269 193 0
269 194 2
269 197 0
269 198 2
269 199 2
269 200 2
269 204 2
269 207 0
269 208 0
269 210 2
269 211 1
269 213 1
269 215 2
269 220 0
269 222 2
269 223 0
269 224 2
269 232 4
269 234 1
269 236 1
269 238 3
269 239 1
269 245 5
269 248 6
269 249 6
269 253 8
269 255 9
269 257 9
269 259 3
269 262 2
269 264 8
269 265 8
269 270 8
269 273 7
269 274 7
269 278 6
269 281 7
269 283 7
269 286 7
269 292 3
269 293 3
269 295 3
269 297 3
269 299 3
269 304 2
269 309 6
269 311 8
269 318 6
269 320 7
269 322 6
269 327 6
270 178 2
270 180 2
270 181 2
270 186 2
270 187 1
270 189 2
270 190 1
270 193 1
270 196 2
270 198 0
270 199 2
270 205 1
270 206 0
270 208 1
270 209 1
270 210 2
270 213 1
270 214 0
270 216 0
270 220 0
270 221 0
270 222 0
270 223 0
270 224 2
270 225 2
270 227 2
270 228 1
270 230 1
270 232 1
270 233 1
270 235 4
270 238 3
270 239 3
270 241 0
270 243 1
270 244 0
270 246 4
270 249 5
270 250 5
270 252 9
270 253 9
270 256 9
270 257 2
270 259 2
270 260 1
270 264 8
270 265 8
270 267 8
270 268 8
270 269 8
270 270 8
270 273 8
270 274 7
270 278 4
270 279 4
270 280 3
270 283 7
270 286 8
270 293 3
270 294 3
270 297 3
270 298 3
270 299 3
270 304 2
270 307 8
270 311 8
270 318 7
270 323 6
270 324 6
270 325 6
271 181 1
271 183 1
271 189 2
271 194 0
271 195 2
271 196 0
271 197 0
271 198 0
271 199 1
271 201 0
271 202 1
271 204 0
271 208 2
271 210 2
271 212 0
271 213 1
271 214 1
271 215 0
271 220 0
271 223 0
271 225 0
271 227 2
271 228 0
271 232 5
271 235 4
271 240 3
271 242 3
271 243 0
271 244 0
271 248 4
271 251 5
271 253 8
271 254 4
271 256 9
271 258 9
271 260 4
271 261 3
271 262 2
271 265 8
271 267 6
271 269 6
271 270 8
271 274 8
271 275 7
271 276 4
271 277 4
271 278 6
271 283 5
271 284 6
271 286 6
271 288 9
271 292 3
271 293 3
271 295 3
271 298 7
271 299 6
271 304 2
271 307 6
271 308 6
271 309 8
271 311 6
271 312 8
271 313 7
271 314 6
271 315 6
271 316 6
271 325 7
272 182 1
272 183 1
272 190 1
272 191 2
272 193 1
272 196 2
272 198 0
272 199 1
272 201 1
272 207 1
272 212 0
272 214 0
272 216 0
272 219 0
272 220 0
272 221 0
272 222 0
272 223 0
272 224 0
272 225 2
272 226 0
272 228 0
272 231 5
272 232 0
272 235 4
272 237 4
272 239 3
272 241 0
272 242 0
272 243 6
272 244 1
272 245 6
272 246 5
272 256 6
272 265 8
272 267 6
272 268 8
272 269 8
272 270 8
272 271 8
272 272 8
272 273 8
272 274 7
272 279 4
272 280 4
272 286 5
272 287 9
272 288 5
272 291 9
272 293 3
272 296 3
272 297 3
272 298 3
272 299 7
272 302 6
272 306 6
272 308 8
272 309 8
272 310 5
272 313 6
272 315 6
272 316 7
272 318 7
272 320 8
272 321 8
273 186 2
273 188 2
273 190 1
273 191 2
273 194 1
273 199 0
273 200 0
273 201 1
273 202 0
273 203 0
273 204 1
273 205 0
273 209 2
273 213 1
273 214 1
273 215 1
273 216 1
273 219 0
273 221 0
273 227 0
273 231 4
273 232 4
273 240 0
273 243 0
273 248 6
273 249 6
273 253 6
273 254 4
273 256 6
273 259 4
273 261 2
273 262 3
273 264 8
273 266 8
273 269 6
273 270 8
273 272 8
273 278 1
273 285 6
273 286 5
273 289 9
273 290 6
273 291 9
273 292 9
273 301 7
273 302 6
273 306 6
273 309 5
273 311 6
273 319 8
273 320 8
273 321 8
273 323 7
274 184 0
274 187 2
274 199 0
274 200 1
274 202 1
274 206 0
274 212 4
274 213 1
274 220 2
274 222 2
274 223 2
274 224 2
274 227 1
274 229 1
274 232 2
274 233 0
274 234 0
274 240 0
274 241 0
274 245 0
274 246 6
274 248 0
274 250 5
274 253 6
274 255 6
274 258 6
274 263 4
274 264 8
274 265 4
274 267 4
274 269 6
274 270 8
274 271 8
274 277 7
274 280 0
274 282 4
274 284 5
274 285 5
274 286 9
274 289 9
274 292 6
274 293 6
274 296 6
274 297 3
274 298 6
274 300 6
274 302 6
274 305 6
274 307 9
274 310 3
274 312 7
274 319 6
274 320 6
274 321 8
274 322 8
275 186 1
275 187 1
275 188 1
275 190 1
275 193 1
275 194 1
275 200 0
275 206 0
275 208 4
275 214 1
275 219 0
275 220 2
275 222 0
275 223 0
275 224 1
275 228 1
275 229 1
275 232 2
275 240 0
275 241 0
275 243 5
275 244 5
275 245 0
275 248 6
275 249 7
275 251 6
275 252 6
275 253 4
275 254 5
275 255 5
275 263 4
275 268 8
275 270 8
275 271 8
275 277 7
275 278 0
275 281 5
275 282 4
275 284 5
275 286 9
275 287 9
275 288 9
275 291 9
275 295 6
275 296 9
275 297 9
275 298 6
275 301 6
275 303 2
275 306 6
275 307 9
275 309 3
275 310 7
275 312 7
275 313 7
275 314 8
275 316 8
275 322 8
275 324 8
276 185 1
276 187 1
276 192 1
276 194 1
276 196 2
276 199 1
276 201 0
276 203 1
276 205 1
276 212 4
276 214 4
276 227 1
276 228 1
276 230 1
276 231 1
276 232 2
276 234 1
276 235 1
276 236 1
276 237 1
276 240 0
276 241 4
276 242 0
276 244 6
276 246 6
276 253 6
276 255 4
276 257 6
276 258 6
276 260 2
276 264 3
276 267 8
276 268 6
276 271 8
276 275 1
276 277 7
276 278 0
276 285 5
276 286 9
276 292 6
276 297 9
276 302 3
276 304 6
276 305 6
276 306 6
276 311 7
276 313 7
276 317 6
276 319 8
276 320 8
276 321 8
277 184 1
277 185 1
277 195 2
277 196 2
277 199 0
277 201 0
277 204 1
277 207 4
277 209 4
277 217 0
277 220 0
277 225 1
277 226 1
277 229 1
277 230 1
277 236 1
277 242 6
277 243 6
277 246 6
277 253 5
277 255 6
277 257 6
277 263 3
277 264 3
277 265 1
277 267 5
277 268 5
277 269 8
277 270 8
277 272 8
277 275 1
277 276 0
277 277 0
277 278 1
277 281 1
277 283 4
277 284 4
277 288 6
277 293 9
277 295 9
277 297 9
277 300 9
277 302 6
277 306 6
277 309 7
277 311 7
277 318 7
277 319 6
277 322 8
278 185 1
278 188 1
278 189 1
278 191 1
278 196 2
278 198 0
278 200 0
278 201 0
278 202 0
278 203 1
278 205 1
278 207 4
278 209 4
278 211 3
278 214 4
278 215 4
278 217 4
278 218 4
278 220 0
278 222 0
278 228 1
278 230 0
278 243 6
278 245 6
278 246 7
278 253 5
278 254 5
278 259 3
278 262 3
278 267 1
278 271 2
278 272 8
278 275 0
278 277 1
278 278 1
278 282 5
278 283 4
278 285 6
278 286 6
278 288 9
278 290 6
278 292 9
278 295 9
278 297 9
278 298 9
278 299 8
278 300 8
278 301 8
278 302 6
278 303 6
278 305 9
278 309 8
278 312 7
278 313 7
278 314 7
278 317 7
278 320 8
278 322 8
279 183 1
279 184 1
279 186 1
279 187 1
279 188 1
279 189 1
279 190 1
279 196 0
279 197 0
279 198 0
279 199 0
279 202 0
279 203 0
279 206 3
279 209 4
279 212 4
279 215 4
279 217 4
279 221 0
279 223 0
279 224 0
279 226 1
279 227 1
279 236 4
279 239 1
279 244 5
279 245 5
279 246 7
279 251 6
279 253 5
279 254 1
279 261 3
279 263 3
279 269 5
279 271 2
279 272 2
279 275 0
279 276 0
279 281 5
279 284 4
279 288 4
279 290 4
279 291 6
279 292 9
279 293 9
279 295 9
279 296 9
279 297 9
279 299 8
279 302 8
279 305 9
279 306 9
279 308 8
279 312 7
279 314 7
279 316 7
279 322 8
279 323 8
279 324 8
280 185 1
280 186 1
280 187 3
280 188 0
280 191 1
280 193 1
280 195 0
280 197 2
280 198 0
280 199 0
280 202 0
280 205 1
280 206 2
280 208 3
280 209 4
280 210 3
280 212 0
280 213 0
280 217 4
280 220 2
280 221 2
280 225 1
280 227 1
280 228 1
280 232 7
280 234 7
280 235 7
280 240 5
280 241 5
280 243 5
280 248 7
280 252 6
280 253 6
280 255 4
280 261 2
280 268 5
280 270 2
280 272 2
280 275 8
280 278 2
280 290 9
280 292 9
280 294 9
280 295 9
280 297 9
280 299 8
280 300 9
280 302 8
280 303 9
280 304 6
280 311 9
280 312 7
280 313 9
280 314 7
281 182 3
281 188 1
281 190 1
281 191 1
281 193 1
281 195 0
281 196 0
281 198 0
281 199 0
281 201 0
281 208 2
281 212 0
281 213 4
281 216 4
281 217 4
281 218 1
281 222 2
281 223 1
281 232 7
281 233 7
281 235 4
281 238 7
281 242 5
281 245 5
281 246 5
281 248 7
281 250 7
281 251 7
281 257 2
281 258 1
281 259 3
281 260 2
281 267 4
281 274 2
281 275 2
281 277 2
281 278 2
281 279 4
281 281 2
281 285 9
281 286 9
281 292 6
281 294 9
281 295 9
281 297 9
281 298 9
281 300 9
281 304 6
281 306 8
281 308 8
281 313 9
281 316 7
282 182 3
282 183 2
282 184 1
282 185 1
282 187 3
282 192 1
282 193 0
282 194 1
282 195 0
282 196 0
282 198 0
282 200 4
282 205 2
282 207 4
282 210 3
282 214 0
282 215 4
282 217 4
282 218 2
282 219 2
282 220 1
282 223 1
282 233 7
282 234 7
282 245 6
282 248 6
282 249 6
282 250 6
282 251 6
282 257 4
282 261 2
282 262 6
282 266 1
282 271 6
282 277 4
282 287 9
282 290 9
282 292 6
282 296 9
282 297 8
282 300 9
282 302 9
282 303 9
282 308 9
282 309 8
283 182 2
283 183 2
283 185 3
283 186 3
283 187 1
283 188 1
283 190 1
283 198 0
283 200 4
283 204 2
283 205 2
283 206 2
283 207 2
283 209 4
283 210 4
283 214 4
283 216 4
283 220 4
283 224 2
283 225 2
283 226 2
283 233 7
283 235 7
283 236 7
283 237 8
283 239 8
283 240 6
283 241 7
283 242 6
283 243 4
283 246 5
283 249 6
283 250 6
283 255 1
283 256 1
283 263 3
283 265 1
283 270 6
283 271 6
283 273 6
283 275 6
283 278 2
283 283 4
283 284 4
283 286 9
283 288 9
283 290 8
283 291 9
283 292 8
283 294 9
283 297 8
283 299 8
283 302 9
283 304 9
283 305 9
283 307 9
284 183 2
284 184 2
284 185 2
284 186 1
284 187 2
284 193 0
284 194 3
284 195 0
284 196 0
284 197 0
284 198 0
284 203 2
284 204 2
284 212 4
284 215 0
284 220 2
284 221 2
284 222 1
284 224 1
284 233 8
284 234 3
284 235 8
284 236 8
284 237 8
284 238 5
284 239 8
284 240 5
284 241 6
284 242 6
284 249 6
284 251 6
284 254 1
284 256 5
284 260 7
284 262 7
284 267 6
284 268 6
284 269 6
284 271 6
284 274 2
284 275 2
284 276 4
284 277 4
284 281 7
284 284 4
284 285 4
284 286 6
284 289 9
284 292 8
284 293 9
284 296 8
284 298 9
284 299 9
284 303 9
284 305 8
284 307 9
284 308 8
284 309 8
284 311 8
284 312 7
285 184 3
285 185 2
285 190 3
285 191 3
285 193 0
285 199 4
285 200 4
285 203 4
285 205 2
285 206 2
285 217 4
285 218 4
285 220 4
285 221 2
285 226 2
285 227 2
285 228 2
285 229 2
285 232 3
285 234 3
285 235 8
285 236 6
285 237 6
285 239 9
285 241 7
285 242 6
285 245 4
285 250 5
285 254 0
285 259 7
285 260 7
285 261 3
285 262 7
285 263 3
285 264 7
285 265 3
285 270 6
285 273 5
285 279 7
285 280 7
285 281 4
285 282 4
285 284 4
285 287 4
285 288 8
285 289 8
285 297 9
285 301 9
285 307 9
285 309 8
285 311 8
285 312 7
286 182 3
286 190 3
286 191 3
286 193 3
286 194 2
286 196 3
286 199 4
286 203 4
286 204 4
286 207 4
286 212 3
286 213 4
286 218 4
286 219 4
286 221 4
286 223 4
286 224 2
286 228 2
286 229 1
286 230 3
286 232 3
286 234 3
286 237 6
286 239 5
286 245 4
286 246 5
286 248 5
286 256 0
286 258 5
286 260 7
286 261 7
286 263 7
286 264 7
286 266 7
286 267 6
286 269 4
286 270 5
286 273 4
286 274 5
286 278 7
286 284 4
286 285 4
286 286 4
286 287 4
286 295 9
286 297 9
286 304 9
286 308 8
286 310 8
286 313 8
287 181 3
287 185 3
287 186 2
287 187 2
287 188 3
287 189 3
287 193 3
287 194 4
287 195 2
287 196 2
287 198 4
287 199 4
287 202 2
287 205 4
287 207 4
287 210 4
287 211 4
287 214 4
287 215 4
287 217 4
287 220 4
287 222 4
287 223 2
287 224 4
287 225 2
287 230 2
287 231 3
287 232 3
287 239 9
287 244 4
287 247 4
287 249 6
287 253 0
287 260 7
287 261 7
287 263 7
287 265 7
287 266 7
287 267 7
287 271 6
287 272 7
287 273 5
287 277 4
287 281 7
287 288 4
287 293 8
287 295 9
287 296 9
287 297 9
287 301 9
287 302 9
287 303 9
287 305 9
287 306 9
287 309 8
287 312 8
287 313 8
288 184 3
288 188 3
288 189 3
288 190 3
288 191 2
288 193 3
288 194 4
288 200 2
288 201 4
288 203 4
288 207 4
288 208 3
288 210 3
288 215 4
288 218 4
288 220 4
288 221 4
288 222 4
288 225 3
288 227 2
288 229 2
288 231 3
288 235 9
288 237 9
288 238 5
288 240 5
288 241 6
288 249 4
288 255 7
288 260 8
288 263 7
288 264 7
288 277 4
288 279 7
288 280 7
288 285 7
288 286 4
288 287 4
288 288 4
288 294 8
288 295 9
288 296 9
288 298 9
288 299 9
288 303 9
288 304 9
288 305 9
288 306 9
288 308 9
288 309 8
288 310 8
288 311 9
288 312 8
289 193 2
289 194 4
289 196 4
289 198 2
289 201 1
289 202 4
289 212 4
289 213 4
289 214 4
289 215 4
289 216 4
289 224 5
289 231 3
289 235 9
289 239 9
289 240 6
289 241 6
289 242 6
289 243 6
289 244 6
289 247 6
289 249 6
289 250 7
289 252 0
289 257 0
289 259 7
289 260 7
289 261 7
289 267 6
289 269 3
289 270 7
289 271 3
289 276 7
289 280 3
289 281 7
289 282 6
289 283 5
289 286 4
289 291 3
289 296 3
289 297 8
289 298 8
289 299 9
289 300 9
289 301 9
289 302 9
289 306 8
289 307 9
289 311 8
289 313 8
290 182 3
290 183 3
290 184 3
290 185 3
290 188 3
290 189 3
290 190 2
290 193 2
290 196 1
290 200 1
290 201 4
290 202 3
290 206 3
290 209 3
290 210 3
290 215 4
290 218 4
290 220 4
290 221 6
290 225 3
290 228 5
290 229 5
290 230 5
290 231 5
290 233 3
290 235 6
290 238 6
290 239 6
290 243 6
290 247 6
290 249 6
290 252 7
290 253 7
290 261 0
290 263 7
290 265 7
290 268 6
290 270 7
290 280 3
290 283 5
290 291 3
290 294 8
290 298 9
290 299 9
290 301 7
290 302 8
290 304 8
290 305 9
291 182 3
291 186 3
291 189 3
291 193 4
291 194 4
291 195 4
291 197 1
291 200 1
291 202 3
291 207 3
291 209 3
291 211 1
291 216 1
291 218 3
291 219 4
291 222 4
291 223 6
291 227 3
291 228 5
291 231 5
291 233 3
291 234 3
291 235 3
291 236 9
291 238 5
291 243 6
291 247 7
291 254 7
291 255 5
291 257 0
291 259 5
291 260 5
291 263 7
291 266 7
291 267 7
291 272 7
291 274 2
291 276 3
291 278 3
291 280 5
291 281 2
291 283 4
291 285 4
291 286 4
291 287 7
291 290 3
291 291 3
291 293 8
291 297 7
291 299 6
291 302 9
291 306 8
292 185 3
292 186 3
292 190 3
292 193 4
292 197 1
292 200 3
292 202 3
292 203 3
292 204 3
292 205 3
292 207 3
292 208 3
292 209 3
292 211 4
292 212 1
292 215 1
292 220 3
292 222 3
292 223 3
292 227 6
292 229 5
292 235 2
292 236 6
292 237 6
292 238 8
292 240 8
292 241 6
292 244 8
292 245 6
292 249 7
292 250 7
292 254 6
292 257 5
292 258 5
292 259 8
292 261 8
292 262 7
292 264 7
292 266 7
292 267 8
292 270 7
292 272 7
292 274 2
292 275 3
292 276 2
292 277 1
292 278 2
292 279 2
292 282 5
292 288 3
292 289 7
292 295 7
292 296 8
292 299 9
292 300 6
292 305 8
293 186 3
293 187 3
293 189 2
293 191 2
293 194 4
293 196 4
293 198 4
293 199 1
293 200 1
293 201 1
293 202 3
293 206 3
293 207 3
293 208 3
293 212 1
293 224 6
293 225 6
293 227 3
293 228 6
293 229 5
293 230 3
293 231 5
293 232 9
293 233 3
293 234 3
293 239 6
293 240 6
293 241 6
293 248 7
293 250 7
293 251 7
293 254 5
293 256 5
293 259 8
293 260 0
293 261 5
293 262 7
293 263 0
293 266 8
293 268 8
293 270 7
293 273 2
293 275 2
293 279 3
293 281 5
293 282 2
293 284 5
293 285 2
293 293 9
293 295 7
293 298 7
293 303 8
293 304 9
293 306 8
294 186 3
294 188 3
294 189 3
294 190 3
294 193 4
294 196 4
294 197 4
294 198 4
294 200 0
294 201 0
294 202 3
294 209 4
294 212 3
294 214 3
294 215 3
294 217 3
294 218 3
294 219 3
294 220 2
294 221 6
294 223 2
294 225 5
294 227 6
294 228 3
294 230 9
294 237 6
294 238 8
294 239 8
294 240 8
294 241 6
294 242 6
294 245 8
294 248 5
294 252 5
294 254 7
294 256 5
294 257 6
294 261 5
294 262 0
294 264 7
294 266 8
294 267 8
294 268 7
294 269 7
294 273 2
294 274 2
294 279 3
294 281 5
294 282 5
294 283 5
294 285 2
294 286 3
294 287 9
294 289 9
294 290 3
294 294 9
294 295 9
294 296 8
294 299 7
294 300 7
294 302 7
294 307 8
294 308 8
295 187 3
295 190 3
295 193 4
295 194 4
295 195 4
295 196 4
295 199 1
295 200 1
295 202 3
295 207 4
295 209 3
295 213 3
295 216 2
295 222 6
295 223 2
295 226 5
295 227 6
295 230 9
295 233 3
295 235 9
295 241 6
295 242 6
295 247 5
295 252 7
295 253 4
295 255 4
295 262 0
295 268 7
295 270 7
295 275 6
295 278 8
295 282 5
295 283 5
295 284 5
295 286 3
295 290 2
295 292 9
295 294 9
295 299 7
295 303 8
296 189 3
296 195 4
296 196 4
296 198 4
296 199 4
296 200 1
296 203 1
296 205 1
296 206 1
296 207 1
296 208 0
296 209 4
296 215 3
296 217 3
296 218 2
296 221 2
296 223 2
296 224 6
296 226 5
296 232 9
296 233 9
296 234 8
296 235 9
296 238 9
296 242 7
296 243 6
296 246 5
296 248 6
296 249 6
296 254 4
296 256 6
296 265 6
296 267 7
296 268 4
296 270 6
296 272 7
296 273 7
296 274 6
296 275 6
296 276 4
296 277 8
296 279 3
296 280 2
296 281 5
296 282 5
296 283 2
296 285 5
296 286 3
296 290 2
296 293 9
296 299 9
297 192 4
297 193 4
297 194 4
297 195 4
297 196 4
297 200 4
297 202 1
297 203 1
297 205 1
297 206 1
297 207 1
297 208 1
297 209 4
297 212 3
297 214 2
297 215 2
297 220 0
297 222 2
297 223 0
297 224 5
297 226 5
297 237 5
297 238 9
297 239 7
297 240 9
297 242 5
297 244 5
297 248 7
297 249 5
297 250 5
297 251 4
297 252 4
297 254 4
297 260 6
297 263 6
297 265 6
297 266 7
297 268 7
297 269 6
297 270 3
297 271 6
297 272 3
297 274 3
297 275 4
297 277 8
297 279 8
297 281 5
297 282 5
297 283 5
297 284 5
297 286 3
297 290 3
297 300 9
297 302 9
298 197 4
298 199 4
298 200 4
298 205 4
298 206 1
298 208 4
298 209 4
298 217 2
298 218 2
298 220 2
298 222 2
298 223 0
298 229 3
298 231 9
298 233 9
298 235 3
298 240 9
298 246 7
298 249 7
298 250 7
298 252 0
298 253 4
298 256 6
298 258 7
298 261 4
298 262 5
298 267 6
298 269 6
298 270 7
298 271 6
298 272 6
298 274 7
298 275 7
298 276 8
298 281 2
298 282 2
298 283 2
298 286 3
298 287 2
298 289 2
298 291 2
298 296 1
298 299 9
298 300 9
299 194 4
299 195 4
299 196 4
299 197 4
299 202 4
299 204 1
299 205 4
299 206 1
299 207 0
299 209 4
299 211 4
299 214 2
299 216 2
299 222 2
299 227 6
299 228 5
299 232 4
299 236 9
299 241 8
299 242 8
299 245 7
299 253 4
299 257 6
299 258 7
299 259 4
299 260 7
299 262 4
299 263 6
299 265 6
299 266 6
299 267 7
299 269 5
299 271 5
299 273 7
299 274 4
299 277 7
299 283 4
299 284 4
299 285 4
299 286 2
299 287 2
299 291 3
299 293 3
299 294 1
299 296 2
299 302 9
299 304 9
300 196 3
300 197 3
300 200 4
300 205 4
300 206 1
300 207 1
300 212 2
300 214 2
300 217 2
300 218 2
300 220 2
300 221 2
300 222 2
300 223 2
300 228 9
300 247 7
300 252 7
300 253 7
300 261 4
300 263 6
300 265 5
300 266 5
300 269 5
300 275 4
300 280 3
300 284 4
300 291 2
300 292 2
300 293 2
300 294 7
300 296 1
301 194 4
301 195 4
301 198 4
301 199 4
301 200 4
301 204 1
301 205 1
301 210 4
301 211 2
301 212 2
301 213 2
301 214 2
301 215 2
301 218 2
301 220 2
301 222 2
301 224 2
301 230 4
301 233 5
301 234 5
301 245 7
301 248 7
301 249 0
301 253 7
301 254 4
301 255 7
301 258 6
301 260 7
301 263 6
301 266 7
301 269 6
301 271 8
301 274 8
301 275 7
301 277 4
301 285 4
301 286 4
301 294 1
301 296 1
302 194 4
302 195 3
302 196 3
302 203 0
302 207 3
302 208 3
302 210 3
302 211 3
302 212 3
302 214 3
302 218 2
302 219 2
302 220 2
302 223 2
302 228 5
302 229 6
302 233 5
302 236 5
302 239 8
302 241 4
302 245 7
302 246 7
302 248 7
302 250 0
302 251 4
302 253 7
302 254 7
302 255 7
302 260 7
302 261 4
302 266 7
302 269 6
302 274 8
302 279 2
302 285 4
302 289 2
302 295 1
302 297 1
302 298 1
303 198 4
303 201 0
303 204 0
303 207 4
303 208 3
303 209 3
303 210 4
303 213 0
303 216 2
303 219 2
303 220 2
303 222 1
303 231 5
303 234 5
303 235 5
303 239 8
303 248 7
303 250 4
303 252 7
303 254 7
303 256 6
303 257 6
303 259 7
303 261 4
303 262 7
303 264 7
303 267 7
303 269 6
303 277 6
303 278 2
303 282 4
303 286 4
303 287 5
303 288 3
303 289 3
303 291 3
303 292 7
303 298 1
304 199 4
304 200 4
304 203 0
304 211 3
304 213 0
304 214 0
304 215 2
304 216 2
304 217 2
304 223 1
304 224 2
304 228 6
304 229 6
304 233 5
304 234 5
304 237 5
304 238 3
304 239 3
304 242 7
304 246 6
304 247 7
304 248 7
304 250 7
304 251 4
304 252 7
304 254 6
304 255 6
304 256 7
304 257 6
304 262 4
304 266 6
304 267 7
304 268 6
304 269 7
304 273 3
304 275 7
304 277 6
304 280 2
304 288 3
304 290 3
304 291 5
304 292 5
304 293 1
304 294 1
304 298 1
305 197 4
305 198 4
305 199 4
305 202 0
305 203 0
305 204 0
305 205 3
305 207 3
305 211 3
305 212 3
305 213 0
305 215 3
305 217 3
305 218 2
305 219 2
305 220 5
305 223 1
305 224 2
305 228 6
305 229 6
305 232 6
305 233 6
305 234 6
305 238 4
305 240 7
305 247 7
305 248 7
305 249 7
305 251 6
305 253 7
305 254 7
305 255 6
305 256 6
305 257 6
305 258 7
305 262 4
305 265 7
305 267 6
305 268 7
305 276 4
305 280 1
305 281 3
305 283 4
305 287 3
305 290 3
305 292 3
305 294 3
305 295 3
305 296 3
305 297 3
305 298 3
306 199 4
306 204 0
306 205 0
306 207 0
306 208 0
306 209 3
306 210 3
306 213 0
306 215 6
306 222 5
306 225 5
306 227 6
306 228 6
306 231 4
306 233 4
306 237 3
306 240 7
306 247 7
306 248 6
306 249 7
306 251 7
306 252 7
306 258 7
306 259 6
306 263 6
306 264 4
306 265 6
306 266 7
306 268 4
306 270 4
306 271 4
306 272 4
306 276 1
306 281 4
306 282 4
306 283 4
306 285 5
306 287 5
306 290 3
306 291 3
306 292 3
306 293 3
306 298 3
307 202 0
307 203 0
307 204 0
307 207 0
307 209 0
307 211 1
307 212 0
307 213 1
307 214 0
307 216 3
307 218 2
307 219 5
307 221 5
307 222 5
307 223 6
307 226 6
307 227 6
307 229 6
307 230 6
307 234 4
307 235 3
307 237 6
307 240 7
307 241 7
307 242 7
307 245 7
307 246 7
307 250 7
307 251 7
307 253 7
307 255 7
307 259 7
307 260 7
307 265 6
307 267 7
307 270 6
307 272 4
307 276 1
307 285 5
307 289 5
307 291 5
307 292 5
307 294 3
307 295 3
308 202 0
308 204 0
308 205 0
308 206 0
308 207 0
308 209 0
308 212 0
308 214 0
308 215 6
308 217 6
308 219 5
308 221 5
308 222 5
308 223 5
308 224 6
308 225 5
308 232 4
308 233 4
308 234 4
308 236 8
308 238 6
308 241 7
308 248 7
308 251 7
308 253 7
308 254 7
308 255 7
308 257 7
308 258 7
308 265 7
308 266 4
308 267 7
308 270 4
308 274 7
308 277 5
308 278 3
308 280 6
308 281 1
308 284 5
308 285 5
308 288 5
309 208 3
309 209 3
309 210 0
309 212 1
309 214 1
309 215 6
309 217 5
309 220 5
309 224 6
309 230 8
309 231 8
309 234 8
309 237 6
309 238 6
309 240 7
309 242 8
309 243 6
309 244 7
309 245 7
309 246 7
309 251 7
309 252 7
309 253 7
309 254 7
309 257 6
309 258 7
309 262 7
309 264 7
309 267 6
309 269 7
309 270 4
309 275 7
309 278 3
309 279 5
309 280 1
309 281 6
309 282 6
309 283 6
309 286 4
309 293 5
310 209 0
310 212 1
310 214 1
310 217 6
310 222 6
310 224 6
310 226 6
310 227 6
310 228 6
310 233 8
310 240 7
310 241 7
310 242 6
310 243 6
310 245 7
310 246 7
310 251 7
310 256 6
310 265 5
310 270 7
310 271 7
310 272 4
310 275 7
310 276 6
310 278 5
310 279 5
310 282 3
310 285 4
310 286 4
310 287 4
310 295 5
311 212 1
311 215 1
311 219 6
311 222 6
311 223 6
311 224 6
311 225 6
311 226 6
311 227 6
311 229 8
311 233 7
311 235 8
311 236 8
311 237 8
311 238 8
311 239 8
311 241 8
311 243 6
311 253 7
311 254 7
311 265 5
311 266 6
311 268 6
311 269 7
311 270 7
311 272 7
311 273 7
311 274 4
311 275 7
311 278 5
311 279 6
311 282 3
311 284 5
311 286 4
311 288 4
311 292 5
311 293 5
312 213 1
312 219 6
312 221 5
312 222 6
312 223 5
312 224 6
312 225 6
312 226 6
312 227 7
312 228 6
312 233 7
312 237 8
312 241 8
312 242 5
312 243 8
312 251 6
312 252 6
312 261 5
312 264 4
312 266 5
312 267 5
312 268 7
312 272 7
312 276 7
312 277 7
312 279 8
312 280 6
312 283 5
312 284 3
312 286 5
312 288 4
313 222 6
313 224 7
313 234 8
313 236 8
313 237 8
313 239 8
313 242 8
313 244 8
313 249 5
313 252 6
313 253 8
313 257 6
313 267 5
313 271 7
313 272 7
313 273 7
313 278 7
313 279 7
313 285 4
314 217 6
314 219 5
314 223 6
314 226 6
314 228 7
314 234 8
314 235 5
314 237 5
314 238 8
314 239 8
314 242 8
314 243 6
314 245 7
314 247 8
314 248 5
314 250 6
314 254 5
314 255 5
314 256 8
314 257 6
314 259 6
314 266 5
314 272 7
314 275 7
314 277 7
314 279 7
314 280 8
314 281 8
314 283 3
315 213 5
315 218 5
315 228 6
315 232 5
315 234 5
315 235 8
315 239 7
315 244 8
315 245 7
315 246 6
315 252 5
315 253 6
315 256 8
315 257 6
315 259 6
315 260 6
315 262 6
315 263 6
315 267 7
315 270 7
315 271 7
315 272 7
315 275 7
315 276 7
315 277 7
315 278 7
315 279 7
315 280 7
315 281 7
315 282 7
315 291 5
315 293 5
316 215 5
316 218 4
316 220 5
316 221 5
316 224 5
316 230 8
316 232 8
316 233 5
316 234 5
316 235 5
316 237 6
316 238 6
316 242 8
316 245 8
316 246 6
316 249 8
316 251 8
316 253 8
316 254 6
316 256 4
316 257 6
316 263 6
316 274 7
316 276 7
316 277 7
316 279 7
317 212 4
317 214 5
317 215 5
317 216 5
317 217 5
317 222 4
317 223 4
317 225 5
317 226 5
317 229 5
317 230 5
317 232 5
317 235 5
317 237 8
317 238 8
317 240 7
317 241 6
317 246 5
317 247 8
317 251 8
317 252 6
317 253 8
317 263 6
317 265 6
317 268 5
317 269 5
317 270 7
317 272 5
317 273 7
317 276 7
317 279 7
317 281 7
318 219 4
318 220 5
318 223 4
318 230 5
318 231 5
318 232 8
318 233 5
318 238 7
318 239 7
318 241 6
318 247 5
318 248 8
318 252 8
318 253 8
318 254 8
318 256 6
318 257 4
318 260 6
318 261 4
318 262 6
318 264 5
318 265 5
318 270 5
318 271 5
318 277 6
318 278 6
318 280 7
319 213 4
319 215 5
319 216 4
319 218 5
319 221 4
319 222 5
319 223 5
319 225 5
319 231 5
319 232 8
319 233 5
319 234 7
319 235 5
319 236 6
319 237 7
319 238 7
319 242 8
319 243 6
319 244 5
319 246 8
319 248 8
319 253 8
319 254 8
319 257 5
319 259 5
319 261 4
319 265 5
319 269 7
319 270 5
319 272 5
319 273 7
319 274 5
319 275 5
319 277 6
320 213 4
320 214 4
320 215 4
320 217 3
320 218 4
320 219 4
320 221 4
320 223 4
320 224 7
320 226 5
320 227 7
320 228 6
320 230 6
320 233 5
320 240 6
320 241 6
320 242 8
320 249 8
320 251 8
320 252 8
320 253 8
320 255 6
320 258 5
320 262 5
320 266 6
320 268 6
320 271 4
320 272 5
320 275 5
320 276 7
321 213 4
321 216 4
321 219 4
321 220 4
321 224 7
321 227 7
321 228 5
321 231 5
321 232 6
321 234 6
321 235 6
321 236 7
321 238 6
321 240 6
321 243 5
321 244 5
321 246 6
321 247 8
321 248 8
321 249 8
321 252 8
321 253 8
321 255 6
321 258 5
321 259 5
321 262 5
321 264 5
321 270 5
321 272 5
321 275 5
321 276 8
322 218 4
322 220 3
322 223 5
322 225 5
322 226 7
322 227 7
322 231 8
322 232 6
322 235 5
322 236 6
322 238 6
322 249 7
322 250 8
322 259 5
322 260 6
322 264 5
322 265 5
322 267 6
322 271 4
322 272 5
323 220 3
323 221 5
323 222 5
323 225 5
323 227 6
323 229 5
323 230 5
323 236 6
323 238 6
323 241 6
323 248 8
323 259 5
323 261 6
323 263 5
323 265 5
323 266 5
323 272 5
323 274 5
323 276 5
323 277 5
324 220 5
324 221 5
324 223 5
324 225 7
324 227 7
324 229 8
324 231 8
324 233 8
324 237 6
324 238 6
324 241 6
324 242 6
324 243 6
324 245 6
324 246 6
324 247 6
324 248 7
324 250 7
324 251 7
324 253 7
324 258 5
324 260 6
324 271 5
324 272 5
325 220 5
325 222 5
325 223 5
325 224 7
325 234 6
325 240 6
325 241 6
325 242 6
325 246 6
325 247 6
325 249 7
325 250 7
325 254 6
325 258 6
325 264 5
325 265 5
325 267 5
325 269 5
325 271 5
325 273 5
326 220 5
326 223 8
326 226 6
326 227 6
326 230 8
326 232 8
326 233 8
326 235 6
326 236 6
326 238 5
326 239 6
326 246 6
326 247 6
326 249 7
326 250 7
326 253 7
326 254 7
326 255 7
326 270 5
327 221 8
327 223 8
327 224 8
327 225 6
327 227 6
327 228 7
327 229 7
327 231 7
327 232 7
327 233 7
327 235 6
327 236 7
327 238 6
327 240 7
327 241 6
327 242 6
327 243 6
327 244 6
327 245 6
327 246 6
327 247 5
327 250 7
327 251 7
327 252 7
327 258 6
327 262 6
327 266 5
327 270 5
328 221 8
328 226 6
328 227 7
328 228 7
328 234 6
328 235 6
328 236 6
328 237 6
328 238 6
328 241 6
328 242 6
328 243 6
328 244 6
328 246 6
328 248 7
328 252 7
328 254 7
328 255 7
328 256 7
328 260 6
328 261 6
328 263 6
328 265 6
329 225 7
329 229 6
329 232 7
329 235 7
329 236 7
329 238 6
329 243 6
329 249 6
329 250 6
329 251 6
329 252 7
329 255 7
329 258 6
329 261 6
329 264 6
329 265 6
330 224 8
330 225 8
330 226 8
330 227 7
330 228 7
330 229 7
330 231 6
330 232 7
330 235 7
330 239 6
330 241 6
330 243 5
330 244 6
330 249 7
330 250 7
330 253 7
330 254 7
330 255 7
331 223 8
331 224 8
331 225 7
331 226 8
331 227 7
331 228 7
331 230 6
331 235 6
331 237 7
331 238 7
331 239 7
331 244 6
331 247 6
331 249 6
331 250 7
331 251 6
331 252 6
331 253 7
332 222 8
332 224 7
332 225 8
332 226 7
332 227 7
332 228 7
332 231 7
332 238 6
332 239 7
332 240 7
332 241 7
332 243 7
332 244 6
332 247 6
332 248 6
332 251 7
332 252 7
332 254 7
333 220 8
333 221 8
333 229 7
333 232 6
333 233 7
333 234 7
333 236 7
333 239 7
333 240 6
333 241 7
333 242 6
333 248 6
334 223 8
334 225 8
334 232 7
334 235 7
334 238 7
334 239 7
334 240 7
334 241 7
334 243 7
334 244 7
334 245 6
335 224 8
335 229 7
335 231 7
335 232 7
335 233 7
335 235 7
335 245 6
335 246 6
336 233 7
336 236 7
336 241 7
336 245 7
337 229 7
337 231 7
337 233 7
337 236 7
337 238 7
337 240 7
337 241 7
337 242 6
337 245 6
337 246 6
338 231 7
338 232 7
338 234 7
338 249 6
340 243 6
340 244 5
341 242 6
341 243 6
342 239 6
342 241 6
344 239 6
344 244 6
345 240 5
345 241 6
345 242 5
