751
358 373 9
358 375 9
359 371 9
359 373 9
359 374 8
359 375 9
359 376 8
360 371 9
360 372 10
360 373 9
360 374 8
360 375 9
360 376 8
360 377 9
360 378 10
360 379 10
361 366 10
361 369 10
361 370 10
361 371 10
361 372 10
361 373 9
361 374 9
361 375 9
361 376 8
361 377 9
361 381 10
361 382 10
361 383 10
362 369 10
362 370 10
362 371 10
362 372 10
362 373 10
362 374 9
362 379 10
362 384 9
363 365 10
363 366 10
363 367 10
363 368 10
363 369 10
363 370 10
363 371 10
363 372 10
363 373 10
363 374 10
363 376 8
363 381 9
363 382 10
363 386 9
363 387 10
363 388 10
364 363 10
364 364 10
364 365 10
364 366 10
364 367 10
364 368 10
364 369 10
364 370 10
364 371 10
364 372 10
364 373 10
364 374 10
364 376 9
364 378 9
364 379 10
364 381 10
364 382 10
364 383 9
364 384 10
364 386 9
364 388 10
365 362 10
365 363 10
365 364 10
365 365 10
365 366 10
365 367 10
365 368 10
365 369 10
365 370 10
365 371 10
365 372 10
365 373 10
365 374 10
365 381 9
365 382 9
365 383 10
365 384 9
365 386 10
365 387 10
365 388 10
366 361 10
366 362 10
366 363 10
366 364 10
366 365 10
366 366 10
366 367 10
366 368 10
366 369 10
366 370 10
366 371 10
366 372 10
366 374 10
366 375 10
366 376 10
366 378 10
366 379 9
366 380 9
366 381 9
366 382 9
366 383 10
366 384 9
366 386 9
366 387 10
367 361 10
367 362 10
367 363 9
367 364 10
367 365 10
367 366 10
367 368 10
367 369 10
367 370 10
367 371 10
367 372 10
367 373 10
367 374 10
367 375 9
367 376 10
367 383 10
367 384 9
367 386 10
367 387 10
368 359 10
368 360 10
368 361 10
368 362 10
368 363 9
368 364 10
368 365 9
368 366 10
368 367 9
368 368 10
368 369 10
368 370 10
368 371 10
368 372 10
368 373 10
368 374 10
368 376 10
368 377 10
368 378 10
368 379 10
368 380 8
368 381 9
368 383 10
368 384 9
368 387 10
368 388 10
368 389 10
369 359 10
369 360 10
369 361 10
369 362 10
369 363 9
369 364 10
369 365 9
369 366 10
369 368 10
369 369 10
369 370 10
369 371 10
369 372 10
369 373 10
369 374 10
369 375 10
369 376 9
369 377 10
369 378 10
369 379 10
369 381 9
369 383 10
369 384 9
369 385 10
369 387 10
369 388 10
369 389 10
369 391 8
370 359 10
370 361 10
370 362 10
370 363 10
370 364 10
370 365 9
370 366 10
370 368 10
370 370 10
370 371 10
370 372 10
370 377 10
370 378 10
370 379 10
370 380 10
370 381 10
370 383 10
370 384 10
370 387 10
370 388 10
370 389 10
370 390 10
370 391 8
370 392 8
371 359 9
371 360 10
371 361 10
371 362 10
371 363 10
371 364 10
371 365 9
371 366 9
371 368 10
371 369 9
371 370 10
371 371 10
371 372 10
371 374 10
371 375 10
371 377 10
371 379 10
371 380 9
371 381 10
371 386 10
371 387 10
371 388 10
371 389 10
371 390 8
371 391 10
371 392 8
371 393 8
372 359 10
372 360 10
372 361 10
372 363 10
372 364 10
372 368 10
372 374 10
372 375 10
372 377 10
372 378 10
372 379 10
372 380 10
372 381 10
372 382 10
372 383 10
372 384 10
372 385 8
372 386 8
372 387 10
372 388 10
372 389 10
372 390 10
372 391 8
372 392 8
372 393 8
373 359 10
373 360 10
373 361 9
373 362 10
373 363 10
373 364 10
373 365 10
373 366 10
373 367 10
373 368 10
373 370 10
373 371 10
373 372 10
373 373 9
373 374 10
373 375 10
373 377 10
373 379 10
373 380 10
373 382 10
373 384 10
373 385 10
373 386 8
373 387 10
373 388 10
373 389 10
373 391 7
373 393 8
374 359 10
374 360 9
374 361 10
374 362 9
374 363 10
374 364 10
374 365 10
374 366 10
374 367 10
374 370 9
374 371 10
374 372 10
374 373 10
374 374 10
374 375 10
374 377 10
374 378 10
374 379 9
374 380 10
374 381 9
374 382 9
374 383 10
374 384 10
374 385 10
374 386 8
374 387 10
374 388 10
374 389 10
374 390 10
374 391 8
375 361 10
375 362 9
375 363 9
375 364 10
375 365 10
375 366 10
375 367 10
375 369 10
375 370 10
375 371 10
375 372 10
375 373 9
375 377 10
375 378 10
375 379 9
375 380 10
375 382 9
375 384 10
375 385 10
375 386 10
375 387 10
375 388 10
375 389 10
375 390 10
375 391 8
375 392 10
376 360 10
376 361 10
376 362 9
376 363 10
376 365 10
376 372 10
376 373 10
376 375 10
376 376 10
376 377 10
376 378 10
376 379 10
376 380 10
376 381 10
376 382 9
376 384 10
376 391 10
377 360 10
377 361 10
377 362 10
377 363 10
377 364 10
377 365 9
377 367 8
377 368 10
377 370 10
377 372 10
377 373 9
377 376 9
377 377 10
377 378 10
377 379 9
377 380 10
377 381 9
377 382 9
377 384 10
377 386 10
377 387 10
377 388 10
377 389 8
377 391 10
378 360 10
378 367 8
378 368 10
378 370 10
378 372 10
378 373 10
378 374 10
378 376 9
378 377 10
378 378 10
378 379 10
378 380 10
378 381 8
378 382 9
378 384 10
378 386 9
378 387 10
378 388 10
378 389 10
378 391 10
379 360 10
379 362 10
379 363 10
379 364 10
379 365 10
379 366 10
379 367 8
379 368 10
379 370 10
379 372 10
379 373 10
379 374 10
379 376 9
379 377 10
379 378 9
379 379 10
379 380 10
379 381 9
379 382 10
379 384 10
379 386 10
379 387 10
379 388 10
380 360 10
380 372 10
380 373 10
380 374 10
380 376 8
380 377 9
380 378 9
380 379 10
380 380 9
380 382 10
380 383 10
380 384 10
380 390 10
381 360 10
381 361 10
381 362 10
381 363 10
381 364 10
381 365 10
381 366 9
381 367 10
381 368 10
381 369 9
381 371 10
381 372 10
381 373 10
381 374 10
381 376 9
381 377 10
381 378 9
381 379 10
381 380 9
381 381 10
381 383 10
381 384 10
381 385 10
381 386 10
381 387 10
381 388 9
381 389 10
381 390 7
382 361 10
382 362 10
382 363 10
382 364 9
382 365 10
382 366 9
382 367 10
382 368 9
382 369 10
382 371 9
382 373 10
382 374 10
382 376 9
382 377 9
382 378 9
382 379 9
382 380 9
382 381 10
382 382 10
382 383 10
382 385 10
382 386 10
382 388 10
382 390 9
382 391 10
383 364 9
383 365 10
383 366 9
383 367 9
383 368 9
383 369 10
383 370 9
383 371 10
383 373 10
383 374 10
383 376 9
383 377 9
383 378 8
383 379 9
383 380 10
383 383 1000
383 384 10
383 386 10
383 388 10
383 390 10
384 364 9
384 365 9
384 366 9
384 367 9
384 368 10
384 369 10
384 370 10
384 371 10
384 373 10
384 374 10
384 376 10
384 377 9
384 378 10
384 379 9
384 380 9
384 382 10
384 384 10
384 385 10
384 387 9
384 388 9
384 389 9
384 390 9
385 364 9
385 365 9
385 366 9
385 367 9
385 368 10
385 369 9
385 370 9
385 371 10
385 373 10
385 374 10
385 376 10
385 377 9
385 378 8
385 379 9
385 380 9
385 384 10
385 385 10
385 386 10
385 387 8
385 388 10
385 389 9
385 390 10
386 363 9
386 365 9
386 366 9
386 367 9
386 368 10
386 369 9
386 370 10
386 371 10
386 373 10
386 374 10
386 376 10
386 377 9
386 378 10
386 379 10
386 380 9
386 381 9
386 382 10
386 383 10
386 384 10
386 385 10
386 386 10
386 387 10
386 388 10
386 389 9
387 368 10
387 369 9
387 370 10
387 371 10
387 373 9
387 374 10
387 376 10
387 377 9
387 378 10
387 379 9
387 380 9
387 381 9
387 382 10
387 384 10
387 385 10
387 386 10
387 387 10
387 388 10
387 389 9
388 365 9
388 366 9
388 367 9
388 368 10
388 369 9
388 370 10
388 371 9
388 373 10
388 374 10
388 376 10
388 377 9
388 378 10
388 379 10
388 380 10
388 381 9
388 383 10
388 384 10
388 385 10
388 386 10
388 387 10
388 388 10
389 365 9
389 367 9
389 368 10
389 369 9
389 371 9
389 377 10
389 378 9
389 379 10
389 380 10
389 381 9
390 366 10
390 367 10
390 372 9
390 373 9
390 375 10
390 377 10
390 378 10
390 379 10
390 380 10
390 381 10
391 369 9
391 377 10
391 380 9
391 383 1000
392 375 9
